0
-106
-114
-5
-42
-123
-150
-431
-190
-37
26
121
-4
-12
50
-194
-455
-224
-183
-163
-22
-8
16
226
163
133
-20
-41
-123
-75
-240
-281
-116
-195
-130
-129
155
-3
-72
-145
21
70
-52
-8
105
142
-26
96
109
-65
-23
38
-142
-86
-95
-158
-82
-9
-74
16
68
39
57
-3
25
40
108
182
75
80
30
-70
-27
153
209
159
360
131
105
44
-30
46
126
164
-27
-70
-68
-129
-247
-109
-31
79
156
186
219
231
196
108
-36
-18
6
2
-29
-13
313
327
195
195
96
94
-30
-96
-10
-59
63
134
101
132
145
-26
142
108
47
53
62
164
67
119
58
-72
-49
28
-6
98
69
-43
-29
-189
-175
-75
-131
-92
-18
-4
-154
-135
0
-63
137
115
86
185
241
410
99
-21
-74
45
2
12
103
-43
-38
66
-6
-95
16
-86
-47
-81
-74
-82
-68
-131
-60
-14
-70
84
71
-37
-20
-205
-213
-37
-79
-104
-198
-140
0
6
-5
16
17
24
58
-115
-156
-121
-7
79
-71
-47
-83
90
-123
-144
-2
-154
-33
-226
-157
52
23
61
120
-38
-197
-114
-69
-129
-216
-54
-34
-214
-135
-85
-43
2
-34
-83
-36
60
-1
152
100
125
259
98
148
199
29
53
84
-64
-52
-128
-177
-171
-194
-222
-196
-202
-61
40
-10
7
14
-164
-205
-60
-25
49
13
-9
98
26
-76
35
170
182
155
168
163
169
90
-30
52
302
157
68
-98
6
212
25
-46
31
144
17
11
110
162
139
100
-13
-13
0
-13
100
128
84
140
86
-22
-36
-189
-325
-179
-172
-127
-80
19
66
-13
-11
-128
-146
-100
92
137
23
88
152
-15
-76
-127
47
17
-30
127
290
309
91
-115
-341
-339
-208
-58
-102
202
307
313
241
40
-10
-55
-131
-107
-44
31
173
125
261
215
146
-13
83
192
207
100
-103
-116
-274
-204
-138
-116
21
-14
94
153
1
53
-16
-111
-87
20
53
92
252
473
394
288
363
246
40
8
6
132
157
121
248
130
-87
-150
-82
-106
-17
3
18
195
219
122
42
-158
-15
-29
-83
76
-21
24
67
30
122
-58
-146
-16
-110
14
73
119
33
-60
-139
-168
-123
-172
-70
99
164
-26
-47
-22
-219
-207
-44
-66
-62
98
176
106
112
9
-80
-130
-28
-132
-357
-223
-291
-49
40
-68
-32
-93
-54
-274
-335
-222
-306
-188
13
-72
-10
145
106
-90
-200
-56
-139
-279
-158
-35
-117
34
-68
-171
-485
-460
3
-180
82
38
72
49
-89
-180
-348
-195
-333
-268
-155
-12
30
5
158
111
-11
-51
30
51
59
100
17
77
95
60
60
-89
-210
-243
-314
-372
-359
-161
-143
-135
-53
-43
34
-25
-46
-127
-35
70
-81
-145
-32
-51
-2
110
179
191
178
100
105
73
-86
38
60
161
22
62
104
60
200
243
248
127
118
45
1
-83
-150
-56
-126
-144
18
34
73
223
310
308
477
412
470
431
157
202
83
-96
-142
-62
-94
-189
-54
41
-69
-72
-21
25
1
66
178
106
126
133
61
20
-88
-96
-64
3
58
-1
62
-14
-55
74
195
362
453
393
283
257
202
207
92
22
87
69
148
58
118
320
90
-84
-135
-229
-199
-135
-100
-52
45
117
4
-44
107
-8
-141
-95
28
-85
-107
70
-22
-7
37
61
74
-6
101
204
201
112
75
157
80
-29
-97
-93
-98
-108
-174
-96
-60
-109
-34
-36
171
230
0
-151
-133
-56
-41
-62
-23
20
75
38
-30
70
-28
-34
-38
-23
-65
-141
-57
-187
-109
-132
-86
-57
-22
121
25
135
63
110
-23
-56
-68
-42
13
-152
-61
-174
-254
-299
-327
-363
-116
-114
40
-1
-115
-170
-43
185
98
209
217
228
131
123
-6
6
62
89
-86
-83
26
161
90
120
103
-94
-76
77
238
131
413
263
23
-102
-223
-117
-66
-148
-77
111
21
-46
49
41
-190
-269
-13
96
95
57
135
200
69
-131
-335
-280
-177
-117
72
136
-86
-86
-79
-176
-230
-74
-78
-104
36
63
17
58
80
-34
-44
-118
-76
122
7
-32
6
-26
72
8
99
66
51
44
63
277
373
303
245
216
209
128
38
28
-94
-62
-239
-293
-250
-347
-27
25
79
113
-60
-33
-101
-67
127
151
192
203
97
193
-51
-25
-71
-201
-311
-294
-30
-73
-67
-40
-45
-140
-186
-110
44
-33
-141
-188
-181
-118
38
-87
-216
-101
-97
-147
-111
-48
-114
70
143
19
44
43
100
1
-117
-188
-173
-132
-68
-143
-305
-181
-296
-270
-207
-36
38
58
176
120
-71
-125
-11
-20
-72
44
190
116
124
179
217
192
176
76
155
58
48
-26
-219
-234
-339
-328
-173
-60
-65
-37
-44
22
-39
58
104
127
230
265
198
113
11
28
41
-12
-59
-73
-54
142
294
112
133
96
159
48
-47
35
53
72
247
193
86
98
229
283
90
276
397
305
207
196
248
33
-73
69
17
-16
-102
-242
-406
-326
-251
-256
-401
-372
-79
-102
-102
-85
48
-108
-246
-160
-76
13
5
90
103
172
208
203
142
47
-41
-182
-139
-240
-264
-109
-129
-271
-244
-330
-236
-149
-138
253
217
241
178
159
110
60
45
15
89
103
-81
-60
89
-35
129
66
135
86
60
48
-49
-119
-254
-223
-102
-38
-147
54
5
-165
-11
-8
87
114
191
251
300
181
-14
131
44
-91
-270
-253
-191
-250
-239
-129
-67
-40
82
202
295
335
300
147
167
105
-10
-136
94
313
330
232
236
177
-47
18
-178
-27
-10
-14
-23
143
130
-41
196
57
37
151
45
121
253
373
501
225
256
157
-7
-69
-121
-176
-247
-235
-127
15
-42
-14
38
86
-7
80
89
8
72
159
190
46
-49
-31
-70
-284
-198
-57
-106
-60
105
289
312
279
200
170
-32
-143
-161
-213
-232
-291
-175
-199
-132
-46
-170
-110
-17
-126
-167
-120
-6
56
-12
-66
-113
-83
41
-89
-186
-203
-353
-126
-215
-245
-110
-122
-136
-193
-64
-90
-102
-176
-57
10
-89
-148
-150
98
40
-11
122
-62
-100
88
167
142
55
97
27
-88
-39
-107
-303
-202
-150
-210
-147
-218
-245
-156
-199
-299
-283
-206
-48
-127
-147
-108
-77
20
7
13
9
-84
19
-8
31
40
-17
57
229
429
115
1
-92
-105
-53
2
59
125
45
87
7
-52
-208
-244
-319
-505
-68
-89
152
226
202
120
15
-93
-137
-59
-34
-26
-143
-43
-108
-135
-183
-213
-204
-336
-84
-15
-62
102
-8
173
141
199
251
102
183
271
42
119
-47
-124
133
207
275
214
391
285
227
328
421
170
234
100
181
229
181
189
114
295
110
-9
43
232
143
209
284
336
222
96
23
45
50
-79
-57
-49
-76
82
213
168
72
-8
-70
-143
-73
45
134
154
164
86
44
46
64
-59
-214
-170
22
-12
-94
-75
109
91
-21
-25
-43
-29
-118
-132
-78
17
161
206
60
92
53
-99
-108
48
230
321
239
210
44
-153
-80
-127
-135
-242
-290
-247
-290
-93
-110
-172
-288
-400
-339
-150
-6
-178
-13
83
-94
-89
-265
-212
-109
-151
1
19
4
30
193
132
88
104
19
-122
-143
-101
55
80
3
7
-96
-89
-69
30
136
249
77
214
296
69
43
-27
108
-4
-196
-235
-268
-159
-41
2
62
207
41
58
60
49
-48
-181
-124
-144
-38
-27
-12
155
71
33
230
26
-135
43
200
159
189
30
28
108
57
-4
-49
-66
-128
-102
-171
-188
-104
-121
-112
-66
-46
1
-132
-83
245
331
186
183
132
73
32
125
-34
-92
-96
-104
-149
-262
-161
-238
-180
-61
32
-41
-52
-70
-82
-308
-454
-379
-152
-204
-150
-15
73
152
65
148
-24
41
106
23
130
221
241
375
225
167
-43
-130
-149
-30
102
123
46
48
198
97
-9
-55
72
-45
-11
23
-31
15
22
157
111
-75
83
-25
-110
-162
-40
-85
-220
-242
-233
-56
43
15
16
-19
-46
-67
-210
-149
-154
-52
38
236
250
312
253
236
72
-29
86
-23
-40
-23
117
101
87
97
9
36
94
87
200
259
373
47
36
228
128
90
116
259
131
-1
-20
-68
-120
-63
-177
35
94
116
268
75
-25
-157
-194
-299
-377
-294
-157
-73
-87
-7
5
36
-16
-122
-75
23
88
-1
9
92
22
35
137
-53
111
190
182
234
123
54
-122
-71
-112
-123
-146
-20
36
39
19
-66
-38
-178
-327
-157
42
-1
96
69
57
35
-61
-134
-375
-341
-67
57
47
176
200
7
59
-62
-304
-350
-334
-106
-27
-8
-6
0
-17
-111
9
32
-122
-191
-71
-81
-9
-69
-73
37
-35
92
70
133
272
112
114
171
10
79
-78
-162
78
126
191
133
38
-54
-170
-342
-205
-31
56
94
63
137
77
8
-95
-235
-336
-416
-357
-203
-116
-68
-62
-6
-145
-162
-188
-244
-105
88
115
110
133
130
-52
-122
162
179
177
203
320
171
159
233
82
-23
5
98
158
92
108
239
127
142
92
80
-44
45
5
-67
154
86
56
-7
1
53
40
39
12
42
-58
-121
-13
-27
1
-119
-359
-614
21
412
69
240
118
110
133
-50
-157
-50
47
185
134
20
183
181
42
103
128
103
164
135
122
83
245
193
102
174
70
-67
36
-74
67
-94
-144
32
87
207
89
-45
-49
47
84
97
-2
2
-17
487
88
122
83
57
238
-164
-65
-172
-25
-38
34
90
219
350
253
168
197
159
-18
-140
-88
-105
-148
-103
17
45
-202
-102
-120
-260
-249
-322
-184
-57
32
12
4
152
57
-67
-44
-251
-208
-60
-98
16
132
221
72
-56
-47
-175
-337
-338
-257
-159
-256
-187
-78
-129
-184
-126
-85
-203
-132
-121
-43
168
113
-9
29
8
-64
-133
-123
84
-138
-85
-33
-165
-74
-141
61
-36
-75
-22
-70
-132
-9
36
86
57
-119
-141
-49
-143
-250
-130
43
130
162
172
-71
100
52
25
1
-44
-2
66
-115
-246
-258
-353
-168
-232
186
489
378
300
190
300
340
253
332
341
47
-98
-47
-60
-100
-230
-42
-71
1
247
142
130
82
149
-42
-254
-271
-149
-10
-147
-54
202
190
241
258
217
265
236
207
112
42
107
177
178
86
30
43
-43
-3
166
233
189
113
86
-2
-231
-217
-104
-205
-224
-149
-125
48
129
5
-14
-21
50
30
169
159
104
258
220
157
-71
-65
-9
21
-30
-207
-196
-110
-44
-109
-6
-30
-53
-85
-85
109
6
-25
-31
19
-9
-78
16
-127
-236
-203
-241
-271
-228
-152
3
22
72
171
34
-31
-29
-161
-344
-366
-285
-272
-102
64
142
137
-3
14
-182
-236
-128
-2
75
79
92
65
119
-9
-139
-200
-222
-303
-137
8
133
147
61
68
18
-46
-112
-81
22
197
179
152
15
44
214
129
145
105
52
57
25
-97
-207
-134
-169
-171
-85
79
218
174
22
86
325
92
7
203
76
104
69
-43
-19
12
-5
-27
-72
-58
29
104
184
28
60
10
-45
-156
-37
107
87
180
144
-12
-112
-113
-273
-126
-66
25
48
84
-13
-11
-63
-125
-12
-22
36
-17
6
121
113
-142
37
-139
-113
-79
-187
52
175
82
111
144
95
254
-63
-142
-118
-126
5
99
-140
-52
116
-151
-116
-67
-216
-179
23
-88
-65
81
-173
-240
-65
-12
-144
-37
40
85
221
95
167
293
116
48
314
131
-69
-139
-99
-104
-52
-184
-216
8
-264
-253
-95
-333
-209
-46
-273
-66
-23
-67
141
41
-149
54
-18
38
294
96
-45
-98
48
130
-13
-3
168
178
-116
-36
-91
-179
112
66
129
287
367
310
341
237
2
49
28
-51
-70
-82
-16
-59
-118
-83
-318
-392
-109
-47
-83
99
137
156
139
-213
-41
240
-116
152
196
-38
422
279
90
415
-104
-149
261
-105
118
213
-16
291
408
134
133
269
191
134
111
-111
-2
109
-507
-210
149
-341
214
184
-253
367
-77
-634
195
144
-98
218
-153
-307
2
-151
-593
-76
194
-155
91
109
62
356
-103
-147
116
-233
32
-325
-641
440
-274
-461
555
-290
152
730
-519
-189
314
-843
-242
256
-478
-39
310
-114
247
222
-89
290
-83
-205
-87
-88
18
-172
-182
99
105
174
-156
-109
226
-57
-136
-44
-114
-287
-63
-371
-506
105
-80
-177
-20
-261
14
175
31
-59
319
136
-91
269
-144
-200
157
-40
-243
-48
-197
8
162
-91
82
3
-66
392
137
-120
308
122
-123
-105
-401
-174
164
-76
-237
26
120
38
339
-136
-303
22
-74
-161
78
-9
21
318
-142
-49
45
-319
-110
-87
-379
-58
197
79
137
376
166
179
113
-221
-140
47
-22
4
