-56
126
13
6
87
57
38
96
64
94
-92
-153
-88
-140
-201
-222
-184
-236
-148
-1
58
21
19
31
16
-10
62
13
-16
96
125
-71
59
146
176
263
187
337
181
58
175
148
-116
-129
-191
-74
8
-140
-168
-138
-88
-87
-58
-52
109
66
6
90
142
87
97
160
96
113
98
-27
11
54
35
-10
-145
-92
-40
-232
-75
-35
-96
-29
32
55
71
192
75
93
-9
59
183
140
158
48
42
93
59
-4
8
5
75
5
43
94
-85
-86
-89
-14
181
115
126
282
254
112
-93
-28
13
-265
-254
-110
-151
-94
-118
-168
-163
-79
16
-97
-60
20
-61
-13
-39
-111
-24
140
135
316
431
315
354
267
92
106
-39
-294
-231
-272
-236
-316
-337
-193
-58
-72
-29
62
105
154
65
-50
20
39
-185
6
-63
-48
143
48
139
155
119
-45
-107
39
97
66
-158
-23
36
-90
-66
-180
-200
-310
-208
-159
-86
-33
52
146
64
139
89
111
-5
48
139
113
152
34
-18
-54
-174
-210
-283
-139
-65
-102
-85
-256
-250
-271
-302
-191
-85
-64
-57
90
66
-74
27
177
145
-30
91
51
80
47
64
115
-73
88
-7
85
227
149
131
-40
-23
83
120
-32
-120
88
112
165
120
-145
27
159
-141
19
52
90
108
289
328
203
355
94
77
-2
105
-24
-60
-103
-34
-114
-200
87
-60
-48
90
141
68
226
129
91
-4
-8
38
-133
-146
-188
-74
-5
18
52
-54
-10
66
-8
5
86
12
-16
-15
-202
-238
-227
-259
-324
-104
37
12
-5
10
12
-32
-50
-124
-139
-158
-175
-108
-70
-83
32
130
290
250
358
463
319
376
137
24
109
-161
-214
-266
-356
-305
-315
-320
-328
-95
142
120
170
172
150
278
358
171
-64
-96
-185
-234
-379
-325
-297
-272
-153
37
206
198
507
324
-43
-30
-50
-61
27
-29
36
197
338
325
70
61
-11
142
38
-170
-127
-129
27
-29
-25
-55
-28
-86
-16
3
-51
42
41
54
-76
39
85
2
22
169
118
144
153
6
6
20
69
-87
-94
126
52
170
476
223
44
66
-15
-26
16
11
25
88
126
25
-24
25
-91
-213
-185
79
3
-166
-75
-51
31
-40
-133
-143
-372
-339
-226
-330
-145
-149
-121
-69
5
23
107
392
370
382
362
190
114
118
-95
-121
-73
-243
-257
-225
-188
24
166
262
215
207
194
209
301
129
-7
49
6
4
151
-10
-51
-89
-72
-171
-280
-46
-87
-56
63
-138
-130
13
-49
-93
-15
-61
-35
118
117
-31
-193
-171
-119
15
-96
-192
-63
24
-129
-191
-117
-8
-12
-134
-130
54
125
160
145
144
79
-92
-23
-142
-200
-291
-182
-107
-35
-33
19
109
295
242
11
27
93
102
133
-14
-159
-39
-163
-9
-11
11
27
22
27
28
15
37
31
-16
9
-112
-102
-15
168
323
320
337
403
171
30
-19
-42
85
67
-22
-103
-6
-31
-19
40
-49
-10
121
194
68
7
1
-44
-78
-131
-89
104
103
189
152
236
333
307
186
-70
-83
-145
-51
-38
-5
10
0
22
-86
-190
-171
-113
-40
-95
-81
-78
-10
19
3
100
78
6
35
-34
-283
-240
-76
11
32
35
11
77
185
144
-37
-58
-106
-131
-84
-190
-215
-53
-24
-66
-61
-49
58
58
136
151
179
131
20
-26
17
211
148
124
135
190
42
-13
-70
-129
-246
-234
-114
-315
-291
-354
-214
-295
-249
-90
80
50
-137
-108
-104
154
242
82
46
156
259
261
69
-55
-178
-89
78
32
-36
-140
-245
-185
-157
-116
-210
-220
-144
-90
-96
-120
-65
-149
-143
-88
144
37
138
216
156
243
218
167
-16
-17
-131
-157
-196
-235
-250
-237
-168
26
97
60
131
96
228
307
102
95
71
-51
48
82
135
80
60
11
-18
-53
3
-12
-27
69
125
140
-149
-413
-313
-156
22
77
-78
-8
202
503
448
352
236
143
76
-15
-16
-19
-51
13
-110
-196
-165
-177
-144
-236
-142
-163
23
-103
-29
101
53
-22
13
95
20
210
314
382
395
361
298
799
1520
1009
4
270
-229
-833
-235
-263
-635
-695
-928
-890
-511
-384
-287
-144
-145
-237
6
-19
76
113
-28
15
93
35
83
253
124
246
205
351
433
193
-142
-260
-136
-95
-149
-288
-317
-334
-257
-258
-339
-445
-74
112
121
24
-109
-94
5
32
-34
-31
-110
-17
185
336
93
21
50
112
217
158
30
-64
-106
32
-20
-106
-247
-198
-84
-287
-85
-77
-197
-290
-361
-156
68
12
-109
-25
-74
-96
248
207
103
124
61
215
419
237
199
283
60
101
136
-43
-16
0
-1
207
166
237
147
194
199
-10
-122
-169
-189
-154
-106
-209
-236
-243
19
203
342
197
73
38
78
250
114
61
-88
-65
73
130
251
150
-56
-62
2
-135
-115
-163
-253
-262
-243
-163
-60
-39
50
238
227
177
118
179
43
-206
-191
-179
8
21
19
248
117
189
-3
-194
-246
-240
-275
-405
-469
-629
-425
-272
47
361
261
173
118
176
152
90
102
-39
57
219
385
379
394
289
199
202
113
94
12
-204
-262
-255
-420
-473
-295
-106
40
91
-49
6
95
306
410
354
216
122
-132
27
282
-56
-167
-126
-483
-386
-59
-183
10
2
4
54
163
183
161
371
184
-173
-124
-153
-100
-124
-463
-277
-129
-104
-39
149
200
73
74
121
30
34
202
-158
-144
24
4
318
162
94
329
205
230
196
138
171
-63
-115
12
-116
-208
-160
-71
203
252
141
263
61
49
118
-90
-49
114
263
135
185
331
285
151
114
100
195
94
-127
-73
-20
-9
17
90
-102
-168
-116
-153
-267
-245
-341
-248
137
18
178
343
187
535
605
518
524
366
303
175
69
29
-157
-450
-394
-380
-304
-382
-90
57
-124
84
105
121
47
32
31
-70
-109
-64
-119
57
16
21
17
77
62
-99
9
0
-14
-36
84
68
79
-41
11
-290
-484
-151
-118
-188
-252
-308
-377
-227
-98
65
315
212
56
259
40
-64
-20
-249
-281
-191
-203
-223
-61
-55
-106
-126
-137
-80
-66
-130
-18
-23
-205
-43
-11
-241
9
-160
-313
-162
-19
-57
-73
315
200
168
48
-27
85
-21
-45
119
120
147
221
156
-1
-34
-45
-34
-80
-42
38
-17
75
2
-6
47
144
14
-2
-41
-28
71
-99
-44
25
-91
-36
-1
1
-17
-49
33
-57
45
15
-48
-40
-46
76
104
69
-56
148
177
162
270
142
79
61
116
4
-82
-125
-53
-37
10
101
33
156
125
20
38
-179
-255
-83
-39
-18
57
97
169
55
-19
95
55
41
53
72
-103
-66
-8
-43
-112
32
146
112
236
118
67
139
195
120
55
-59
-120
-161
-99
-22
-25
44
93
69
110
180
124
118
180
6
138
219
65
131
142
28
-63
11
-84
-60
-196
-96
41
-32
23
-3
-82
-32
-23
104
178
45
193
169
81
66
164
198
34
16
-7
-161
-52
-167
-100
-133
-208
-74
-134
-116
-120
-153
-175
-172
-263
-63
-152
-119
14
-62
38
25
-33
48
95
30
179
214
267
129
-46
87
40
35
-69
49
-10
-299
-198
-254
-418
-300
-182
-306
-101
20
-5
34
186
245
119
177
204
146
92
196
-29
-32
45
12
75
52
-2
-202
-171
-239
-43
-73
-144
-50
-32
37
-5
-10
-106
65
89
161
124
-11
-86
-127
34
-105
-202
-118
-103
-186
-259
-238
-166
-79
-129
151
81
-131
90
14
35
124
130
24
44
12
-28
12
-250
-219
-39
-157
-76
-112
-1
20
-63
13
86
-5
-49
41
-162
-109
2
183
62
74
179
144
161
276
102
6
16
-28
4
-124
-104
-207
-201
-154
-121
-265
-116
-103
-171
46
167
5
-20
-64
-143
-51
-108
-41
40
0
28
-112
-180
39
-20
-74
65
82
-149
118
-99
-157
43
-12
-63
182
220
-40
26
151
57
-75
144
-19
-7
45
45
-205
-47
-129
-83
69
-1
-39
166
159
200
301
-83
99
0
131
68
-114
67
135
84
85
164
169
-128
96
105
-170
99
121
-16
16
53
69
-3
-11
-63
-167
-222
-181
-44
59
131
268
315
86
273
280
248
318
424
251
25
-8
63
9
-19
77
-1
-88
-227
-111
-29
-14
92
60
23
-63
3
-29
-245
69
123
115
36
106
-72
-99
126
147
192
87
124
-183
-209
-149
-171
-113
-121
-149
-51
6
57
9
-134
-179
-65
-16
-148
175
59
4
164
6
33
-24
134
135
76
241
131
-20
-2
72
-14
102
214
42
-99
95
-33
-243
-144
-147
-214
-310
-50
-51
-116
-87
96
0
-63
-101
-214
-128
-154
-168
-177
-189
-392
-266
181
23
4
329
90
215
106
109
81
201
-31
-69
-309
-210
-97
-102
98
81
182
-676
693
325
-296
420
90
46
-119
-91
91
-65
-143
-164
-357
-235
-240
-116
-74
519
547
218
77
-250
-539
-758
-440
-130
145
316
507
345
223
557
464
571
774
468
188
-260
-927
-1172
-1195
-645
85
510
880
1035
833
216
88
47
-46
39
47
-22
-20
29
-165
-18
14
-4
-145
-74
195
204
134
30
-101
-535
-302
-260
-306
67
-109
-81
281
90
-31
-37
-80
-149
-249
-70
-35
-218
-10
310
447
774
751
406
-1
-235
-242
-238
-335
-334
-549
-788
-665
-543
-237
3
230
222
154
155
63
94
146
178
97
173
99
-38
-100
-134
-71
72
136
40
68
-77
-130
169
265
222
238
18
-490
-432
-599
-861
-667
-571
-331
-250
275
523
598
635
242
105
13
-258
-205
-61
-142
42
159
80
-123
-71
-72
-38
-60
-93
-80
-135
-119
-222
-164
-155
72
168
237
213
246
184
128
121
-41
-67
-174
-132
-228
-120
-143
-97
101
278
378
231
213
67
-129
-245
-421
-357
-400
-361
-210
113
420
456
561
336
215
48
64
76
116
161
222
283
96
143
-18
-136
-89
-14
3
0
11
62
-70
-55
123
88
138
108
154
25
56
32
-24
32
-82
-34
89
166
132
175
80
76
26
29
-41
-69
56
12
109
-30
160
168
82
69
128
45
-309
-123
-168
-294
-271
-173
-108
9
-70
-74
-27
-10
94
-39
74
217
2
79
139
28
146
140
315
374
382
287
80
-36
-195
-310
-357
-523
-414
-252
-228
28
-32
-20
73
47
21
72
-66
-48
-79
-187
-33
-196
-320
-355
-236
-187
-33
24
100
311
257
170
228
85
-113
-33
-152
-218
-252
-170
-103
-115
-378
-336
-349
-381
-77
-207
-84
28
47
-4
20
-29
151
194
-106
207
257
160
221
101
-37
-18
-94
-54
142
10
-87
24
-88
-202
-75
-57
-2
299
305
105
198
228
51
-58
64
-9
-23
160
198
173
191
262
102
20
-72
-38
-14
7
22
57
145
22
63
25
-31
-52
-26
63
35
-60
-31
-84
-22
12
79
214
35
187
243
112
111
51
188
72
105
4
-256
-139
-241
-165
-181
-233
-85
-243
-216
47
14
54
190
179
219
231
93
101
137
75
-85
-48
35
29
12
14
37
-13
3
-38
26
20
25
101
117
105
14
-18
-149
-164
-189
-336
-204
-82
-2
64
185
191
273
272
4
-36
126
10
56
101
-28
81
-43
28
165
51
-59
-74
-221
-187
-232
-419
-317
-170
-105
-138
-53
-64
-60
-163
-223
-64
1
84
31
128
182
134
25
-12
22
-130
-165
-95
-20
-56
-102
-156
-207
-329
-220
-3
71
202
221
58
21
-182
-190
-201
-170
29
43
92
1
154
139
73
30
17
86
115
-56
-47
23
43
106
-39
-52
134
118
114
130
42
-5
-164
-129
-149
-105
-152
-104
-136
-208
-119
-81
-134
27
101
45
-1
-13
82
-17
-43
99
318
332
457
332
128
-51
-354
-494
-253
-35
102
263
334
508
322
186
69
-186
-154
-130
-215
-133
58
-96
-137
-70
-27
-53
-7
92
129
192
213
227
92
196
27
-133
-443
-498
-548
-574
-235
-20
134
130
80
81
-13
-103
-22
53
59
-3
119
126
111
-58
58
65
12
61
151
181
166
170
58
-116
-270
-170
-218
-80
-132
-72
-2
-1
61
-12
3
-94
-48
-34
-48
17
31
46
103
121
2
42
-80
-57
35
-119
-14
66
47
139
115
48
118
-127
-84
-128
-242
-75
22
237
182
262
247
182
108
-35
-141
-296
-268
-225
-158
-65
159
252
270
304
228
108
66
-18
-1
-28
-153
-36
-229
-152
-186
-140
-9
-8
183
306
344
223
260
77
15
-128
-191
-223
-222
-35
84
25
-19
23
-12
-3
-70
31
84
150
221
189
184
252
179
149
202
42
-39
-79
-259
-324
-338
-386
-248
-14
170
288
429
326
207
277
189
124
80
157
113
