-272
1346
-1720
1740
-1374
-120
457
-1540
1081
-967
-163
-56
-398
157
-130
-190
232
-268
227
127
-220
574
-90
291
237
-109
190
-210
-176
155
-502
-34
-248
-371
-135
-314
-206
-716
333
297
-1451
1095
-121
-1653
2140
-1721
606
439
-668
1615
-1259
1532
-316
-90
940
-298
125
217
-109
-62
-153
3
-56
-260
739
-424
438
126
-38
95
-100
-35
-151
-305
-89
-84
-383
146
-197
155
19
243
-211
390
1008
-1335
925
809
-1956
2038
-664
30
1262
-991
1587
-956
1139
323
-253
809
-157
-133
-212
79
-675
114
-290
410
-108
730
242
257
570
317
340
113
646
-43
-51
-69
-391
-587
-288
-775
-341
-433
-173
-381
-660
531
-353
-1435
1365
-1071
-1243
1885
-1697
642
255
-501
543
-613
749
-325
58
82
250
-508
376
129
-343
743
-487
612
-74
-14
408
-49
56
692
113
263
568
-147
-136
284
-173
-182
446
-278
346
-44
431
121
-425
1038
-65
-1679
1672
-690
-1553
2280
-1759
386
332
-155
-51
-122
655
-445
850
-634
845
-214
237
85
326
-142
-194
447
-967
604
-108
-204
224
391
-269
169
456
-334
373
120
-405
216
-415
-26
-148
256
-246
-586
525
-101
-1416
1158
-218
-1629
1637
-718
-519
206
316
-890
431
461
-441
487
-328
-170
-425
74
-856
156
-234
-519
455
-582
29
113
-378
-33
103
-77
-286
285
-119
-52
65
15
-67
-361
124
161
612
256
43
882
768
-1479
1492
634
-2199
1086
528
-1011
-662
1317
-833
-595
944
-321
-188
-33
344
-791
11
-370
-392
44
-571
517
78
-10
831
670
153
582
879
283
431
519
51
-9
88
58
-13
18
22
-148
60
-103
-114
946
-515
-658
1172
-767
-866
206
-195
-1270
-386
499
-1175
-326
-212
-653
-584
-112
-585
-635
-89
-821
-259
-709
-253
-108
-389
45
13
-94
17
103
-301
-28
-185
-360
-218
43
-201
-133
214
351
388
468
144
511
1144
-771
52
907
-390
-363
493
618
-736
208
356
-48
-11
396
94
-53
531
-177
-39
-469
-203
-661
144
736
580
594
637
685
68
707
385
373
201
88
-312
-577
-412
-490
-525
-470
-268
-423
-274
-375
192
970
-286
-138
920
273
-308
64
930
80
-99
137
445
202
186
483
398
924
354
321
355
643
255
-123
306
475
63
-42
231
152
52
-215
-30
-50
-126
-502
-368
140
-168
-310
-9
77
9
-230
-352
460
-123
-954
-153
-62
-373
-904
-70
114
-179
50
239
407
181
474
-160
351
267
161
-13
-105
477
-93
-60
124
23
-2
9
177
-19
-194
211
-86
9
31
163
-102
-286
49
13
-99
-162
139
92
44
-443
374
278
-630
-82
287
390
-414
208
490
72
29
-45
418
96
301
-172
-187
-175
-480
-519
-721
-306
-525
-394
-524
-263
-347
-297
-64
-316
-81
-95
98
-270
-423
-189
-70
-422
-203
73
168
-89
-234
899
219
-325
235
747
89
-753
-157
31
-80
-408
-57
167
240
234
-93
130
34
161
-137
-159
325
91
127
27
120
68
-261
-64
165
-148
-388
-161
-75
-158
-371
-99
-38
-334
-288
-92
130
-46
-106
523
218
-189
93
487
205
-127
212
158
211
-11
210
88
-87
184
44
-8
-130
64
-167
-307
-81
80
302
52
121
185
287
537
612
395
288
260
117
-90
-356
-68
-85
-190
-153
-21
56
-166
-75
339
40
-402
-44
179
-69
-317
71
97
32
22
75
333
213
411
282
202
-49
-3
-103
-128
-45
-133
-41
-96
65
108
152
364
546
210
348
286
155
-42
-157
-65
-72
-85
-31
215
184
-239
-128
365
-73
-462
-93
198
-163
-385
-132
71
15
-278
-182
37
-158
8
-220
-107
-192
-72
-236
-363
-59
-88
76
-36
447
166
336
300
209
306
30
198
-19
-246
-183
-131
-327
-132
-126
124
-103
-384
301
156
-358
-179
168
138
-253
-99
241
-47
-78
-376
274
153
-77
-17
-128
162
-435
-62
-359
-102
-469
-421
-185
-176
131
-322
252
85
-44
-164
-145
-78
-96
-36
95
162
53
56
179
135
-71
127
530
110
-407
-18
9
-109
-486
-145
83
-103
20
-91
278
-35
-120
-36
120
210
-94
34
70
150
63
155
-29
41
28
-151
3
25
-53
-193
-122
-166
-160
-263
-246
-154
-158
-280
16
129
-102
229
235
94
137
217
140
-45
28
185
-48
-54
34
236
68
-185
101
-31
-43
-275
-100
-25
-221
-338
-280
-88
-145
-62
-151
84
122
113
16
174
229
23
93
233
174
-65
48
170
275
-137
280
503
-94
-32
221
240
-44
-18
596
293
-28
143
299
306
-275
114
113
-151
-261
-82
305
-161
-210
-177
-215
-173
-244
-133
-173
34
-100
19
260
192
9
217
354
5
70
319
480
-248
-24
542
1
-208
403
441
-13
-123
642
393
-435
111
484
87
-486
-79
192
-404
-211
378
145
-89
-311
74
-262
-534
8
-308
-146
0
-46
30
-123
109
-27
-244
217
182
-63
-88
65
26
-412
-65
314
-194
-131
180
228
-69
-201
315
166
-278
-22
335
-56
-363
64
248
-226
17
531
234
-123
261
454
231
127
310
161
89
486
61
-59
218
108
-380
307
290
-254
-50
302
-87
-635
409
-352
-344
-50
-142
105
-482
-11
-312
-431
38
-204
-37
-17
-41
-228
-363
248
-148
-209
41
-57
15
6
59
-55
78
277
-53
-125
233
-463
-549
178
-495
-464
111
-529
-180
-285
-715
-290
-441
-624
-501
-282
-514
-334
74
9
-12
-16
26
33
269
77
140
234
70
156
86
488
349
255
285
-45
238
-149
-172
542
-456
21
577
-264
29
465
-284
27
494
-571
452
-238
267
-120
-274
543
-495
309
-245
570
-123
221
-128
161
-259
-187
470
-773
1131
-899
773
-207
-196
602
-493
690
-350
114
273
-251
136
-68
-69
424
-799
826
-735
540
-456
404
-662
642
-51
-1627
2556
-3020
2240
-1036
81
1273
-1753
1617
-787
362
13
211
-596
829
-1001
502
-101
-476
1223
-1632
1630
-1229
41
437
-788
484
-545
386
-380
185
-223
45
-227
56
-185
-1
116
-548
196
-177
-246
514
-222
386
247
11
585
-49
1051
-590
850
244
-653
1286
-1254
719
245
-865
910
-611
50
247
-490
342
46
-689
699
-396
317
-115
142
209
7
485
-534
1592
-1209
1665
-273
125
1117
-1466
2049
-1913
1710
-884
-123
1515
-2146
2648
-2018
1203
-134
-1279
1637
-2105
1369
-532
-603
1369
-1316
699
-40
-467
769
-839
815
-460
377
-58
44
139
7
-113
-296
-4
-650
180
-800
452
-807
778
-1090
381
56
-973
1479
-1561
1012
-745
-111
697
-1535
1441
-1615
1039
-413
-492
1473
-1672
2308
-1911
1987
-755
276
1059
-1473
1743
-1740
883
-467
-36
21
-245
-263
162
-446
57
-191
-260
277
-472
805
-821
623
-105
-548
915
-1356
749
-558
-203
588
-516
800
-636
705
-369
467
320
-370
1195
-1031
857
-894
150
407
-1060
1703
-1899
1595
-1542
536
49
-847
1654
-2289
2606
-2411
1606
-1096
-269
1071
-2286
2906
-2942
2695
-1861
926
152
-621
1755
-2040
2906
-2729
2363
-1715
661
-36
-1029
1124
-1528
1450
-1786
1604
-1754
1268
-1111
575
-665
148
62
-1617
2056
-3220
3246
-3760
3067
-2120
1199
652
-1667
2959
-3200
3521
-2772
2534
-1492
940
-278
45
402
-706
556
-1054
972
-1048
824
-623
420
121
-526
1042
-798
955
-159
-106
1214
-1183
1673
-1962
2085
-1933
1555
-1310
147
496
-1426
1862
-2147
2462
-2607
2252
-1781
1011
-341
-493
1267
-1882
1880
-2259
1860
-1438
435
145
-1082
1468
-1873
1921
-1587
1499
-1126
537
-88
-650
977
-1472
1579
-1597
1322
-1386
1165
-1273
988
-822
453
103
-17
905
-952
1248
-1087
1113
-924
854
-337
439
-377
377
-497
610
-531
518
-169
458
-537
304
209
-622
820
-1201
1467
-1565
1551
-1214
1047
-461
133
616
-778
1353
-1478
1243
-859
470
55
-598
1169
-1082
1127
-615
536
480
-302
661
-302
544
-318
309
-113
447
-280
391
-356
650
-636
514
-307
470
117
-90
619
-86
435
-81
491
-389
843
-1287
1136
-1570
1288
-926
225
-165
-240
445
-856
767
-949
1153
-734
892
-580
835
-701
521
-449
179
-75
-184
323
15
463
-396
570
-583
423
-417
-38
-212
-171
-227
-110
-364
120
-440
-116
-33
-63
-183
-312
-61
-54
-62
-50
28
255
-112
-8
-66
64
66
41
124
-3
174
-129
-6
3
45
-211
166
-439
427
-672
337
-466
241
-201
-131
404
-439
751
-454
720
125
565
-11
417
94
298
249
-131
431
-248
481
-103
532
188
332
469
-80
438
12
130
-16
264
145
9
-196
-192
-75
-167
144
-143
162
16
-101
-57
-123
-154
-166
-93
-259
4
-370
-189
-146
-472
-49
-628
-55
-105
-431
39
-331
82
-279
-249
-292
-390
188
-941
-1918
-1099
-53
1035
2048
1118
912
-245
-1163
-1328
-1051
-417
-323
219
128
938
678
11
-427
-304
-359
-137
239
412
448
-489
-314
-119
-100
289
-66
-17
14
-617
-397
-97
53
202
329
657
626
557
-53
-137
70
-375
-54
-124
147
353
-31
180
199
359
245
354
502
289
286
-147
-194
-96
-39
-42
-6
-17
72
-266
-370
2
-295
-47
-190
-296
-88
-170
-309
-124
2
-131
-30
-113
-71
-13
-68
-94
105
189
87
69
100
181
129
-12
122
176
-21
-186
-222
-173
-247
-222
-305
-348
-398
-469
-473
-429
-210
-442
-276
-104
-89
74
191
98
230
382
82
385
383
320
350
410
314
296
202
213
170
300
322
90
283
135
209
311
217
125
218
77
1
-43
5
-73
-127
-146
-61
-25
-282
-150
17
-199
-317
-37
-55
-161
-183
-131
-129
11
-336
-437
-62
-134
-114
-35
27
-29
-5
-30
48
287
386
284
26
-182
-174
-259
-203
-283
-66
128
-98
-15
-160
-217
-282
-186
-242
-22
134
-16
99
30
-153
-82
26
-97
109
198
-56
282
279
144
283
56
261
163
76
332
143
173
227
-128
-17
39
42
57
77
-51
75
126
126
218
142
16
22
77
32
476
213
232
312
191
117
350
234
164
493
102
159
399
129
33
175
-123
-77
-25
-224
-32
-36
20
-53
-234
126
-68
-56
241
-98
-13
259
-150
-80
-43
-436
-109
-124
-357
-59
-320
-496
-181
-220
-205
0
5
-134
61
11
-36
129
-66
-98
-1
-46
-126
173
96
-98
233
20
84
-19
108
108
7
150
-44
108
45
-108
123
329
-44
307
73
-77
210
22
63
202
266
-38
29
-125
-22
26
27
82
36
231
-116
15
70
-99
-62
121
34
111
226
-170
71
-6
-62
13
43
-137
-121
3
-73
47
90
-17
-48
-40
-237
-100
-92
-421
-257
-137
-337
23
-84
-123
-47
13
25
-90
32
-177
-197
-86
-49
-272
-36
-32
-279
-35
-262
-241
28
-162
-92
144
-169
-104
14
-244
23
-31
-308
-62
-63
-305
-244
-204
-108
-107
-101
-55
-53
69
4
-50
88
93
-57
47
-55
-41
113
144
87
21
32
157
113
148
294
-45
186
66
70
97
-63
25
-71
-59
-180
26
-88
-111
139
-28
-101
122
-59
-174
-26
-54
-58
264
89
-69
197
-9
3
119
205
84
179
3
-41
199
-17
15
79
29
55
-69
-40
26
-164
-42
-162
-153
135
29
-69
84
79
-67
-41
-74
-275
-44
-230
-92
104
-115
98
42
-46
105
263
-143
268
285
97
214
77
18
79
0
-81
137
-83
-55
8
125
212
208
65
279
193
42
30
-4
67
-130
67
-84
-281
-137
-142
-210
-193
-219
14
12
-51
58
-56
-107
-131
-97
-88
119
24
-71
76
-1
-116
-80
-45
61
113
17
-86
-25
-163
-113
-115
-326
-83
-106
100
161
258
67
101
161
0
156
192
83
-12
169
101
141
-60
154
66
5
178
81
295
202
207
122
148
308
229
438
316
239
408
216
231
50
35
-129
24
-94
-136
81
-193
91
-215
-14
41
-81
5
-152
-38
-124
-228
-220
-84
-102
82
-106
-113
91
-59
111
64
2
-9
-116
5
-290
-73
-192
-10
-73
-305
79
-130
-3
-155
22
-72
71
-39
-14
-162
-93
-33
-116
-88
47
69
-100
258
85
452
408
411
430
468
200
454
292
402
256
313
253
210
138
-406
193
-47
362
-114
-130
-140
-101
8
-323
-73
-237
-67
-287
-67
-37
-315
-98
-243
-126
-141
6
-278
-320
-428
-271
-321
-91
-262
-370
-47
-789
-92
-432
-125
-195
-167
-35
-332
115
-278
-199
-129
-97
63
-9
80
-293
195
-131
-193
99
-245
256
-177
-1
-172
62
-228
-49
-8
-83
342
-137
58
-86
112
63
-7
197
-231
210
-138
-219
-114
-273
-201
-94
-62
-556
216
-624
-82
-467
-331
62
-499
326
-130
108
-96
100
22
73
547
-12
410
297
2
831
-114
583
137
61
533
-168
463
153
285
247
236
105
515
115
420
680
-55
675
305
114
656
74
485
366
240
365
181
222
235
140
-184
384
-188
197
55
-71
308
-250
178
-88
-17
32
-310
-268
-397
