134
-130
-312
-209
-179
29
-17
98
383
467
314
313
414
496
137
236
144
-149
-28
83
252
20
58
93
-54
-204
-431
-312
-48
-187
-316
-556
-329
129
235
6
110
30
-298
-176
-146
196
206
128
87
-73
-51
-155
120
296
359
496
432
246
-28
-96
-175
-276
-216
79
134
93
165
218
-55
183
486
330
100
37
318
636
476
119
-15
-304
-169
-213
-344
-418
-573
-416
-258
-97
142
-59
-42
172
171
-43
-220
-242
-244
99
343
502
369
63
87
179
90
246
118
-371
-453
-538
-561
-743
-877
-827
-626
-356
-518
-742
-931
-776
-568
-382
-138
-57
172
658
746
533
461
336
587
763
726
513
257
349
368
243
187
266
187
27
100
-100
-124
-64
-77
-90
-381
-405
-319
-9
-72
-140
-145
-36
131
-84
-54
11
277
161
-108
-185
-376
-191
165
95
7
69
3
67
158
444
480
215
116
86
152
184
498
441
63
-36
4
115
93
6
-76
-35
-40
-67
-263
-523
-762
-880
-674
-576
-383
-80
-12
83
-197
-259
52
145
244
439
570
782
652
424
505
458
539
399
402
360
768
804
646
365
118
-127
-741
-660
-693
-254
-40
-268
-631
-464
-358
-483
-560
-446
-246
-487
-333
-143
5
73
311
347
360
324
348
195
202
437
167
-346
-677
-387
-407
-267
85
68
298
541
719
559
-87
-396
-86
66
-52
13
-254
-588
-818
-790
-596
-844
-1179
-887
-315
99
91
-67
221
493
479
518
450
394
571
640
579
431
650
449
282
174
184
565
750
449
28
68
-60
-113
-479
-735
-632
-573
-910
-744
-249
-318
-529
-635
-228
112
315
609
673
386
245
411
532
349
91
197
233
380
429
59
-93
180
362
298
392
204
228
74
-171
-131
-146
-296
-779
-955
-780
-772
-825
-652
-632
-304
-180
-233
-134
-293
-528
-639
-404
-271
-171
-180
-204
-88
-199
-251
-237
-235
133
563
624
531
434
276
485
725
929
638
-11
-66
-232
-290
-141
-267
-492
-660
-544
-123
-76
-122
214
517
241
143
264
202
11
-318
20
-86
-478
-684
-485
-51
59
154
179
436
420
272
290
401
131
56
92
-4
18
205
269
85
285
72
-123
-34
18
38
132
394
433
184
26
14
-3
152
-76
-220
-133
13
85
-23
174
207
558
668
330
42
319
609
288
50
79
31
21
78
43
67
79
70
-6
-59
-304
-95
39
72
172
226
-76
-533
-590
-528
-579
-626
-553
-427
-53
-18
-79
18
64
112
-31
-42
99
318
287
-28
-51
-6
72
91
138
-56
-484
-725
-656
-740
-603
-100
146
203
56
-212
-219
-155
-272
-223
-323
-258
-271
-288
36
-120
-147
-107
-12
-398
-579
-513
-617
-408
-331
-243
-567
-455
-612
-300
29
-8
-98
-192
-8
406
884
711
431
304
713
674
518
187
94
4
-127
-291
-408
11
134
216
177
241
130
96
-55
-225
-130
-90
-101
14
-91
-289
-57
135
179
0
109
-118
-204
-57
7
32
-31
100
239
410
776
1016
905
991
920
761
824
893
804
887
709
654
363
52
-188
-243
-421
-841
-984
-916
-488
-382
-181
-199
-327
-429
-476
-665
-559
-369
-86
-40
-141
-41
-68
107
533
836
771
811
865
613
383
458
133
93
5
-53
28
-110
-231
-267
-168
-307
-367
-380
-229
114
109
-104
-275
-441
-469
-366
-173
-186
-606
-862
-876
-480
-141
-76
-119
-224
-190
-48
245
245
386
358
329
284
123
-230
-504
-427
-237
-168
79
271
258
385
68
-146
-190
-16
-104
-70
-251
-470
-714
-627
-594
-774
-662
-468
62
35
164
-18
327
577
390
282
209
511
555
430
201
213
365
427
236
184
145
462
681
663
561
380
211
-16
-91
-201
-67
-58
-307
-307
-167
-43
68
64
65
-63
-309
-268
184
297
482
617
656
505
516
518
381
393
277
462
212
226
204
230
380
522
707
460
194
241
274
20
-270
-530
-535
-516
-328
-40
301
277
192
143
-80
-162
24
70
-176
-262
-758
-882
-747
-736
-695
-694
-225
34
257
440
375
245
301
466
135
74
240
163
289
384
-13
-126
40
50
-267
-582
-354
-182
40
22
242
88
-15
327
252
292
120
105
-1
-15
-194
-37
-91
-398
-605
-521
-341
-467
-290
-302
-240
-424
-332
-580
-477
-360
-637
-924
-785
-422
-285
155
19
157
592
830
511
369
409
403
516
238
31
-14
40
-46
-334
-600
-429
-457
-480
-551
-707
-511
-69
395
289
298
181
545
741
737
458
421
749
662
652
302
142
90
363
338
483
762
787
702
693
192
-319
-273
-142
51
-64
-226
-479
-416
-419
-435
-590
-369
-98
139
560
480
390
251
-116
-144
-145
-302
-288
-287
-366
-58
293
348
796
933
881
811
816
765
877
746
273
158
259
-263
-643
-510
-718
-883
-1008
-922
-825
-555
-560
-431
-523
-185
-151
-277
-197
-262
9
-345
-275
-542
-404
-73
48
315
492
660
529
381
171
57
-130
-15
-23
-68
46
-151
-576
-567
-338
-201
-120
-124
136
14
-292
-386
-342
-852
-943
-581
-322
-69
-188
-456
-651
-440
-691
-647
-282
-97
195
297
284
115
-115
110
348
438
106
-53
23
140
279
309
399
622
991
657
670
602
400
114
-212
-603
-636
-432
-429
-565
-655
-576
-616
-506
-437
-317
-195
62
10
76
161
332
585
770
619
410
298
141
350
182
-184
-333
-47
279
439
368
199
492
359
461
465
191
343
402
530
440
319
108
-122
-42
262
117
-131
147
235
489
727
604
638
396
494
448
88
-83
-77
-24
-152
-269
-289
-240
-135
252
145
-73
-193
-181
-136
-584
-938
-426
-26
-201
-140
-105
-492
-702
-599
-438
-449
-287
20
260
550
412
327
233
-169
-603
-719
-851
-623
-483
-563
-581
-612
-93
178
197
294
126
146
233
197
138
26
64
28
-17
-135
-277
-278
-355
-179
125
110
112
-37
0
10
103
175
99
52
-159
-294
-620
-932
-922
-464
-111
-31
25
87
-1
305
523
356
-6
70
355
487
310
-43
-24
-206
-122
-227
28
18
274
553
502
434
81
60
19
112
174
127
-179
-639
-961
-907
-838
-858
-972
-644
-126
267
476
211
78
149
395
365
306
395
272
205
258
276
19
85
179
297
411
673
783
630
341
-33
-195
-245
-105
-180
-101
-39
-147
-393
-259
-190
-70
1
292
160
-56
75
21
20
-195
-362
-405
-106
146
519
636
316
211
583
695
554
174
-42
-346
-203
-68
-143
-191
-376
-37
-244
-349
-456
-600
-431
-190
-39
-269
-690
-537
-507
-449
-100
-114
-373
-466
-92
82
49
-60
403
804
626
431
742
632
427
476
454
638
428
662
702
638
525
282
92
-177
-333
-565
-531
-491
-601
-793
-780
-601
-689
-769
-712
-740
-415
-195
-291
-431
-219
-21
300
710
646
300
231
612
681
611
350
370
562
574
444
331
201
271
124
42
108
0
-163
-38
-157
-175
-368
-217
-271
67
1736
1241
807
362
314
-69
-748
-824
-1271
-1092
-1430
-1344
-1509
-965
-694
-959
-218
453
483
116
540
101
218
32
-273
-261
88
66
-323
74
427
695
483
464
-5
20
-280
-244
-471
-941
-817
-482
-826
-1358
-1341
-907
-105
291
522
433
537
546
560
551
689
461
271
105
28
52
23
64
249
326
-132
-100
-51
109
127
121
132
-42
-96
131
475
290
-26
-316
-434
-167
393
446
277
54
73
-110
-541
-662
-378
-179
-203
138
239
393
39
130
128
500
561
345
162
-89
25
-121
-38
57
350
143
279
160
95
-176
-218
-378
-378
-270
-123
3
-25
296
83
237
209
129
101
257
139
27
-17
-171
-130
163
663
803
465
171
74
6
11
-30
-89
-132
-137
-196
-238
-204
-190
-88
312
412
359
240
314
557
145
70
128
-370
-917
-787
-373
-466
-754
-343
-558
-695
-165
-42
63
24
-51
-149
119
219
229
231
417
555
386
20
258
181
297
296
214
257
-171
-199
-239
144
-24
-66
112
228
-60
-443
-480
-10
14
73
302
492
335
-10
22
-121
174
107
328
220
177
40
166
-332
-421
-307
-352
-335
-199
331
-8
224
-128
-161
-284
-147
-88
177
297
254
74
-308
-209
-348
-177
-123
-11
-153
29
92
447
272
47
468
588
330
36
192
67
-38
-254
-198
-112
-64
-155
-279
-19
300
222
8
165
38
166
358
401
183
-60
-213
-132
176
374
611
408
80
-239
-176
-199
-283
-348
-410
-334
-262
-19
-240
-414
-391
-327
-20
248
246
182
44
45
-51
-23
-194
-338
-196
-189
-37
72
146
-291
-308
-153
-64
-16
157
217
270
441
643
718
806
893
572
184
-168
-555
-710
-700
-951
-977
-1077
-530
-495
-651
-698
-528
-201
110
130
60
59
-84
-9
104
331
260
306
392
495
204
-202
-200
-43
-48
646
890
662
328
326
480
570
528
128
-8
-187
-164
-118
-303
-410
-36
16
-278
-190
-140
-338
-118
-344
-268
-97
-2
73
-207
-24
89
526
252
1
89
547
622
409
642
586
968
531
768
640
735
562
17
-43
-83
-141
-364
-370
-418
-227
-563
-355
-411
-246
-314
-233
-362
-548
-768
-591
-523
-317
67
-32
-208
-498
-8
-196
-122
-134
90
43
501
1024
670
526
456
759
817
742
668
447
343
171
-25
-203
-216
-355
-390
110
139
115
201
150
39
-122
-305
-364
-390
-479
-448
-298
-125
106
214
401
480
680
348
-26
-76
-165
24
43
-47
-351
-391
-244
207
35
-302
-349
-128
-90
-156
-292
-282
-240
-371
-389
-555
-594
-654
-749
-914
-770
-563
-443
-447
-54
-118
-312
-337
45
26
107
487
137
-161
109
108
140
409
443
440
359
538
285
484
418
215
-85
-113
100
302
182
-79
-180
-466
-793
-786
-821
-902
-540
-242
61
-36
-5
123
352
491
318
289
153
-23
127
87
-43
-365
-235
-2
-27
203
478
800
1293
1009
683
744
480
194
65
-52
141
41
-427
-524
-596
-312
-274
142
416
496
352
291
116
-274
-523
-785
-571
-426
-261
-35
300
479
418
492
327
317
338
507
688
563
390
145
104
78
187
97
-107
-478
-321
-522
-1032
-940
-531
-239
-294
-213
-105
151
111
186
202
-105
-366
-689
-576
-742
-648
-249
-138
48
-69
-405
-321
65
203
532
468
192
287
281
151
193
197
-240
-366
-309
-343
-202
-317
-334
-322
-385
-543
-659
-567
-319
-426
-575
-497
-404
-227
-284
-329
-328
-267
-129
-109
-165
-252
-12
-352
-667
-609
-584
-279
227
233
-29
157
403
532
263
281
180
358
123
432
528
636
653
617
526
108
242
-50
-229
-199
27
-291
-321
-445
-464
-742
-407
-1
189
347
188
380
355
331
635
761
431
298
328
304
162
-78
82
478
438
455
206
199
237
629
494
204
92
-40
78
192
162
-130
227
391
394
-50
-300
-573
-838
-779
-651
-684
-389
-217
-446
-451
-286
-95
-494
-170
-89
-139
-16
566
734
723
943
906
1142
1054
784
428
515
170
-115
2
143
-130
-508
-539
-524
-385
-444
-218
-136
-451
-543
-617
-394
-183
-136
-129
-9
43
108
-46
-21
434
743
821
867
547
59
555
727
402
37
-111
-523
-684
-647
-446
-121
251
591
612
664
385
369
403
588
362
214
275
-390
-714
-505
-443
-709
-1106
-1258
-938
-600
-537
-648
-500
-52
-69
-462
-625
-370
-139
6
341
670
717
591
365
33
-115
-97
-388
-345
-4
-262
-625
-515
-314
-500
-535
-373
-205
314
351
92
-14
1
-169
4
264
466
795
1011
1289
1247
1126
553
468
249
551
284
-77
-6
107
170
-107
116
375
775
635
704
486
444
558
362
309
73
-354
-73
-211
-647
-911
-855
-1143
-1149
-1119
-1050
-813
-1018
-799
-802
-670
-716
-218
-224
-139
-207
-168
244
805
892
1098
1337
1343
1480
1087
1001
856
740
479
565
190
331
215
-113
-248
-100
-221
-172
263
205
14
-244
-190
-355
-354
-536
-171
175
-29
-414
-339
-370
-510
-659
-717
-828
-695
-292
-95
59
175
149
59
41
50
311
-18
402
731
492
-137
-48
53
-343
-327
-481
-472
-725
-405
-202
-41
-265
-363
-121
-296
-266
-552
-661
-467
-307
-232
-449
-714
-287
93
113
278
514
266
23
-47
-116
-18
-267
-410
-155
254
407
456
406
311
216
528
775
696
578
275
-13
-266
-536
-182
174
265
222
-187
-141
195
31
-11
511
489
432
94
-285
-523
-348
113
76
-73
-39
-78
-15
-52
-154
39
263
720
1265
1346
527
153
509
529
106
-194
-311
-307
-489
-584
-628
-698
-616
32
394
347
592
813
553
313
11
-213
-224
-90
165
-206
-291
-493
-272
-266
338
677
675
277
225
566
390
79
109
349
-82
-56
12
281
241
360
238
469
126
62
-40
90
406
-238
-567
-675
-677
-845
-885
-784
-403
-96
-321
-492
-53
369
622
676
813
482
166
60
