-856
-723
-392
-805
-603
-538
-1034
-928
-962
-754
-272
-126
-550
371
61
-1663
-1599
-468
-89
-348
-915
-1167
-405
26
-63
-208
214
115
149
-372
-299
338
-93
377
428
214
252
59
318
36
52
993
825
145
339
568
720
574
522
578
595
138
59
319
600
493
232
564
508
530
319
402
351
125
264
336
239
552
582
456
-175
134
812
130
-104
210
365
-30
-446
-297
-546
-690
-555
-1042
-1162
-413
-358
-517
-564
-439
175
-455
-300
-598
-605
178
73
-153
538
297
-458
-654
-164
105
-364
252
64
307
48
-666
404
155
-2630
-2561
1965
2264
-1151
-774
-189
-85
201
-1317
-1167
606
385
-238
-671
359
844
-161
-19
607
603
173
250
14
766
1007
78
-635
-273
1077
1358
705
-153
-168
837
554
-33
385
776
766
625
191
139
452
252
99
-54
192
51
-23
-147
-625
85
-41
-552
-204
201
-10
-186
-35
293
857
113
-381
85
308
-45
-148
-241
-23
-271
-84
133
-230
258
91
-17
158
350
70
-244
-686
7
191
-43
19
-183
218
-181
-135
-213
-196
-94
-275
-317
-277
-282
-190
-91
40
449
325
-33
-20
403
652
94
729
817
-178
105
499
510
82
-2
274
381
-63
-78
-21
-67
-144
-383
-434
-311
-281
-557
-416
-16
-477
-631
-29
-53
-131
-94
30
-187
-156
44
3
-90
-150
-54
-248
-296
-52
-106
-189
-237
-49
18
-257
-269
-350
-532
-170
-262
-572
-367
-259
-318
-528
-579
-502
-224
-96
58
168
-30
-118
-6
-97
-39
40
82
200
166
5
-76
-235
-228
-173
-64
-51
-57
378
23
-135
-40
-122
-62
185
-25
-88
-18
-42
-18
-132
-124
-270
-246
-144
46
-317
-394
-574
-299
211
403
358
-164
-102
-95
62
-239
-286
-40
48
-119
-294
-285
-129
150
-174
-270
-404
-162
145
385
283
173
133
90
226
234
306
232
205
46
-10
-86
-79
-338
-293
-47
-80
-168
-99
-71
32
145
144
161
4
-26
-67
-108
-246
-105
88
104
80
217
139
282
404
315
183
45
289
428
362
161
67
228
502
465
380
459
598
408
241
416
607
342
222
215
-90
-318
-146
-9
-125
38
56
59
38
-32
-120
-134
-157
-91
-83
-148
-117
75
22
52
56
163
39
-12
319
270
139
40
485
288
23
157
483
374
-89
-29
35
-67
-176
-28
-6
-7
198
319
113
-56
207
400
320
286
192
240
259
140
434
385
192
96
10
103
-36
68
89
78
-70
-115
-71
-109
-192
-54
103
55
206
120
-62
-251
-227
-128
-142
-142
-60
-7
-88
-73
50
-17
198
240
11
57
136
50
-204
-136
-83
-177
-245
-185
-91
-149
-156
-135
-103
-28
-19
-91
-84
-217
-530
-515
-490
-541
-481
-393
-388
-212
-170
-410
-170
-53
-408
-440
-120
-151
-9
4
-62
103
173
104
-68
4
102
303
312
173
230
256
87
169
255
34
-30
-30
-79
183
308
293
132
128
320
118
102
56
43
-26
167
333
24
-91
97
112
59
41
-43
-34
101
171
-67
-51
-96
-53
-157
-355
-357
6
253
104
-14
203
466
53
-11
212
168
-96
-17
118
56
-52
-8
-10
28
45
-65
-23
19
192
194
40
23
-180
-233
-45
-126
-30
44
206
56
-50
10
-145
-105
195
454
276
54
-294
-329
-28
53
-91
-445
-483
-256
-330
-242
174
279
-169
-505
-532
-603
-371
207
322
-44
-167
-160
-170
-123
-48
3
61
155
-108
-278
-295
-125
222
206
243
58
-21
13
43
104
126
124
110
-21
-142
-47
-206
-28
-59
-40
20
-231
-75
-69
-232
-125
53
10
-106
-88
51
81
-65
171
491
332
-56
15
22
-84
123
179
270
346
483
258
-84
-106
-226
-116
68
206
306
103
348
315
-44
47
207
28
-92
28
136
493
512
493
571
427
321
555
917
518
-72
-564
-353
-518
-1400
-526
-21
-542
-139
725
678
79
39
328
62
-142
-4
-43
-108
-32
191
70
-154
-165
170
91
-132
-3
212
97
109
209
68
-23
-67
101
12
-64
7
74
13
-142
-113
-85
-53
51
128
240
44
35
31
-212
-294
-301
-261
-235
-104
-134
-124
-350
-375
-149
-182
-119
-60
-59
31
464
493
279
203
62
83
212
421
232
55
394
571
498
535
485
326
245
306
288
45
84
0
-206
-453
-471
-256
-445
-415
-332
-251
-225
-347
-38
-131
-90
-18
-130
189
-267
-177
-960
-489
153
-832
-321
-10
-337
-381
-77
-155
-277
-742
594
-79
-591
329
-192
77
-228
-231
29
36
-182
-33
148
-53
-283
256
172
-16
-133
-247
-28
238
99
-148
185
283
27
-156
-40
-202
40
170
91
-101
185
136
81
193
210
111
-73
103
-32
-31
42
268
400
293
134
372
366
295
145
-39
91
-49
-19
57
456
442
417
347
43
-29
-39
94
81
70
49
210
141
94
38
197
63
-296
-111
75
-152
-32
-15
38
112
-1
-129
-247
-91
-241
-209
-79
137
77
393
242
-55
109
242
219
202
156
113
398
346
184
-95
-137
-92
-273
-212
-203
-302
-100
112
160
130
130
33
-43
-191
-230
-63
-47
-326
-233
-22
-134
-110
193
178
196
84
-60
17
89
44
-98
-82
-139
-96
-208
-84
-34
-29
-129
-128
13
311
197
-8
-33
29
-127
-385
-84
-51
-131
-316
-168
-270
-175
3
-126
-64
-54
28
-259
-385
-165
-83
-144
-351
-336
-176
-85
-74
-277
-230
-16
-65
-35
199
234
130
96
-85
-169
2
70
8
19
-20
-118
-158
-191
-199
16
-51
-6
114
98
170
12
118
27
-43
19
13
-65
-129
31
-16
-23
87
47
-21
-230
-74
-91
-44
153
89
197
153
272
398
288
152
139
51
80
162
157
19
104
41
16
-34
-95
-16
89
257
205
232
151
162
52
12
-257
-390
-276
-262
-205
8
193
-4
-110
-18
36
52
210
77
-13
57
41
114
95
107
389
393
164
82
32
-31
-68
-127
-110
-30
8
45
250
214
-112
-137
-93
42
-55
37
171
186
267
179
179
218
183
307
337
103
77
153
259
48
-11
49
-236
-172
19
25
-88
-117
140
-2
-154
31
-170
-203
-94
-105
-75
-300
-217
7
-212
-283
-170
-29
12
-169
30
75
-60
45
66
-106
-176
22
60
-67
-44
-142
-100
-56
34
41
-72
137
127
74
-8
79
-9
1
31
60
-42
-183
-43
-27
-75
-58
-321
-239
-35
-238
-432
-392
46
-42
-100
-39
-84
-163
-238
-345
-158
-114
82
102
71
-55
-78
0
-278
-209
-163
-80
-17
222
52
61
205
412
209
52
134
19
-80
-115
29
0
-79
-167
-95
-108
11
-87
20
69
0
10
31
66
-317
-246
-222
-295
-342
-260
-90
141
170
174
54
-180
47
37
-178
-465
-257
-293
-147
-214
-278
-6
18
-49
-68
226
76
-40
-191
-149
73
178
184
84
164
80
-80
-5
1
-140
-192
131
289
98
-85
19
163
118
124
111
190
167
182
197
263
252
27
-62
141
295
320
300
231
298
443
410
152
0
-19
22
-56
-122
-313
-347
-163
3
-119
43
465
61
-234
-298
-89
344
393
-84
-334
85
265
40
-208
-13
65
-194
-117
50
-50
-99
81
90
-44
-220
93
245
-69
-175
21
32
-472
-462
-372
-313
40
363
49
-300
-16
448
210
-177
370
815
432
78
271
59
2
80
50
-23
119
267
248
214
261
181
139
406
330
-114
-372
-141
134
463
-194
-521
-86
286
187
-264
40
708
568
101
149
207
84
23
119
25
200
278
-45
-200
307
308
-5
-88
86
-45
-219
155
206
104
318
409
127
-48
296
287
-101
136
57
-70
-282
124
32
-140
-140
33
-415
2321
10910
11009
356
-8898
-7686
1511
3628
-803
-6162
-8564
-2510
3186
3749
1296
-1525
-283
1847
1158
1498
1503
560
-958
-2964
-2544
-1061
-556
-1333
-2873
-3193
-1204
666
1349
-543
-2384
-837
1337
1430
-575
-1400
-513
-37
1020
-302
-1809
-834
397
16
-559
-1044
164
1203
-747
-302
-316
1613
1312
225
630
-665
617
1252
781
-1000
-763
108
0
885
-869
-143
486
-970
658
777
229
-427
-285
-524
-564
685
-379
96
-550
-302
1018
-168
-781
716
2219
50
-458
-931
773
235
-889
1504
-1003
-154
708
529
400
-675
292
669
776
-593
-1216
141
791
821
-419
-492
538
562
996
-536
-202
195
-651
745
-1145
-684
59
-734
517
-694
-554
262
1440
42
-794
224
1349
1363
-916
-1276
-667
2189
89
-3155
-1217
2589
3340
-1525
-1392
1003
2034
2380
-1967
-1056
1772
754
-382
-770
437
-32
-1094
-265
190
-1375
-662
511
774
1006
-388
-77
-490
-159
-271
-859
1281
-595
-926
176
-32
-68
-871
784
-125
-2264
1105
2282
-218
-224
-210
65
2057
741
-1743
-1613
821
3704
-321
-2974
-52
1719
1209
-795
-1149
306
734
-470
-449
-688
813
844
-1271
316
-128
-1053
-638
-15
1229
518
-1749
-1396
2392
1019
-1593
-1082
480
2598
57
-1978
-681
1341
633
-1870
-360
-705
194
1042
-1025
343
534
-390
256
721
281
710
-236
-645
583
157
157
-916
-1190
-26
822
911
-808
-19
765
-741
-108
1280
56
-590
1167
-109
-958
-746
-448
556
-1283
-546
-67
-438
-291
-1137
1610
-237
-1686
949
111
-386
-1285
-334
-550
-586
2271
-399
-2487
408
1446
652
625
450
179
770
1667
911
-1411
-1041
1166
788
-276
-1473
-649
1262
-1022
-1468
-383
60
1122
-1176
584
338
-1711
1719
1067
96
-2269
-836
484
-983
12
-3513
-1570
2025
2672
1059
-2573
-418
3135
561
-686
845
-1264
-1363
171
131
-673
-1434
-1769
-42
1673
221
-1879
-29
1563
-281
-33
978
118
569
953
-332
-73
638
-553
-26
1153
-505
-434
-649
62
778
-1842
-867
-989
-793
1642
-287
-74
-916
-933
2085
612
-521
-114
397
1006
-700
-1067
-31
-510
-892
-1249
-649
1115
1591
-487
375
1451
1094
560
-984
402
1227
166
-557
397
689
216
-524
-2108
635
1676
184
590
-1585
-391
78
-854
734
356
86
-1862
29
1581
362
-2040
-1956
2155
269
201
446
-811
761
899
316
437
1376
593
-1194
1869
1768
-3023
-2408
1280
1966
-182
-1904
-403
2090
2296
782
-925
-665
99
2135
1353
-1306
-1099
591
1112
-788
45
-82
-1205
-438
-98
1425
-108
-494
427
-563
1120
1199
55
-681
-1028
285
958
1854
539
-1484
-1786
-904
3153
561
-482
1357
-1222
50
983
-61
-1149
33
763
-123
54
264
1479
83
-2246
-579
1303
414
-2274
-1910
652
509
88
138
-395
-595
826
678
-68
-120
339
486
-1668
-1218
104
1005
1002
-1020
-804
172
130
-1318
-491
900
-1616
-823
121
882
585
-989
75
478
341
493
0
-2488
-1093
1263
372
847
-253
-1893
90
273
812
1104
-1366
-218
199
-1128
986
-68
-2383
-951
-989
-1278
583
-583
-1921
1628
997
857
1736
-488
-177
-580
-1062
1558
1524
-2498
-2648
960
2440
5
-2391
-1236
2159
810
-1330
287
233
2153
1473
-1893
-900
-216
947
1619
-1180
-2083
57
1615
1518
-680
-282
217
-1551
1017
2910
-737
-2145
1477
1793
672
-1713
-656
1468
-1288
-2084
-354
907
-779
359
-684
-1104
2053
904
-741
-148
869
923
171
467
-347
-951
-41
-188
942
315
268
500
307
1472
-338
-639
752
-575
-1443
408
1813
-716
-1663
491
2084
1118
-1707
967
2038
453
209
-758
1134
63
-663
81
-581
-935
-2078
48
948
38
-1218
-602
1774
389
-773
-113
1307
437
-148
580
236
154
289
283
-2955
-2844
1924
3010
152
-1693
-1182
1058
1988
533
-1143
-3767
365
2718
-223
-9
-79
1250
-802
-394
752
-403
1832
-2067
-2782
66
1487
486
-2539
10
-893
121
2471
8
83
-932
-1207
119
816
1319
-810
-1185
-204
10
68
-952
-467
-239
44
1192
771
156
-35
331
-1163
-590
2004
346
-1524
-1592
-983
97
528
-68
-1422
-929
2179
1795
-1091
-156
828
118
431
470
-355
-1823
-189
1509
-301
-1365
1008
729
-1861
-256
1675
1412
-984
-1504
1005
2774
174
-650
76
175
1277
-707
-882
328
435
498
-179
225
871
340
21
68
-713
-673
963
595
-566
-36
118
68
-439
731
1910
-458
-822
-1286
-189
1397
-250
-31
112
-978
-852
-100
543
103
-703
-1041
9
3481
619
-3828
-580
1644
621
95
432
383
-303
1203
1479
-1181
-1100
-83
-457
147
508
131
-1382
-1412
-1169
1994
2089
-2149
190
-536
-1003
-70
-857
-834
-718
602
781
-614
-1403
41
750
1323
-191
-717
-263
-1724
770
1600
870
217
-742
1151
127
316
1523
83
-577
457
857
-1547
131
-743
-2692
-1081
-1821
37
930
16
-850
18
1458
2216
2911
-335
-1434
503
1825
1093
-1553
-1332
-1717
-1954
843
327
256
-634
-806
919
991
1887
-487
-764
-262
1243
2366
-310
-141
-1480
-1742
616
-331
-1823
-887
267
82
58
729
833
1391
1266
-763
862
1845
-551
388
1023
-1532
-2185
1259
1047
-1620
-2020
-1139
532
1268
131
-2332
-810
2110
1275
911
-180
-2189
-161
820
875
897
-1099
-2017
-646
376
590
292
876
1244
-1233
-2234
679
3726
-214
-2765
-783
-792
1081
979
-1901
-897
146
-172
847
1392
-201
-2178
-707
