59
224
-3
-142
-56
-99
-199
15
52
-9
145
215
14
339
269
-253
-14
36
-149
-132
-96
-251
-368
-532
-480
-130
-33
-308
163
148
89
205
246
206
-46
63
-124
178
295
60
-126
-111
85
642
601
280
190
103
-31
-47
-12
-14
19
-309
-283
-77
78
-136
-102
-53
-474
20
188
-261
246
357
358
837
593
-127
-79
119
22
-120
-144
-201
195
472
640
855
284
15
-159
-282
-233
98
150
-336
-342
197
80
-120
240
320
-106
-360
-320
171
204
21
246
-44
-332
-315
85
-30
-154
163
-252
-347
-80
-353
-153
-1
-158
-38
139
-15
-33
75
-65
16
174
-207
-93
395
327
328
227
96
166
273
-95
-295
-115
-88
-171
-138
1
95
73
-103
197
417
100
-158
-79
-199
-167
30
-254
-306
-186
-226
-86
96
-262
-268
158
-203
-331
203
-13
-24
150
-78
-114
-65
-145
-341
-230
-279
-172
-232
-110
389
531
284
51
351
207
114
156
31
-95
-90
-64
-109
20
-54
-81
-80
-147
-111
145
-96
-4
120
148
520
463
310
84
388
292
-268
176
380
-113
-31
244
220
420
427
51
189
12
-243
71
78
-203
172
327
84
289
297
270
209
121
-26
96
74
-91
-166
-28
85
3
-156
-89
125
56
222
-182
-186
-117
-167
-269
-410
-343
-471
-421
-289
5
-310
-45
240
-153
26
360
207
117
152
-278
-140
144
-299
-241
-159
-255
165
363
163
5
86
-177
-235
-172
-255
-312
-70
14
-267
-188
-97
-78
-113
-163
-54
97
109
241
-106
-299
-397
-353
-175
-79
-192
-390
-304
-15
-289
-645
84
-80
-5
267
-33
-163
64
-74
-241
-276
-643
-544
-130
-225
-286
180
107
-109
166
251
81
211
99
270
156
-76
-65
66
46
-81
-84
-87
-193
-20
249
121
253
254
379
416
190
-29
103
131
100
302
177
-114
335
59
-258
364
231
66
164
-59
-26
3
-313
-310
-7
-9
-246
142
85
51
285
233
197
139
87
-195
-153
-177
-389
-340
-214
-85
-46
-5
138
238
244
261
203
240
197
93
19
210
434
601
135
465
626
-378
88
-251
-515
-91
-326
-194
354
191
-149
178
87
-89
121
-239
-374
156
118
-25
-42
63
278
350
100
-143
-87
168
-162
-107
196
98
309
-23
-155
-121
-327
-53
121
22
-13
-26
92
82
55
-312
-528
203
50
-551
133
-175
-523
14
-360
-382
157
21
-342
292
336
-397
7
179
-118
134
-73
-198
264
317
-115
9
140
193
317
192
-63
21
277
-154
-191
157
-64
-70
-113
-327
72
-156
-205
-162
-539
-471
-182
-76
-381
39
155
-256
307
-111
-234
385
1
-429
-51
238
-96
184
-329
-621
-126
-258
-445
46
128
-40
387
252
-37
211
217
-38
-56
-81
-58
-28
67
-183
-356
-256
12
206
128
10
150
350
259
263
179
163
122
-101
-76
395
1
-147
425
-233
-35
574
174
110
485
402
265
407
-156
-359
-262
-375
-320
-65
-132
-228
-34
-68
-124
31
311
96
-49
-409
-332
-82
-51
145
-1
-124
-227
-63
29
204
505
427
314
569
487
301
130
-590
-190
343
-341
11
100
-363
-318
-211
-234
75
272
-104
115
240
-107
-72
210
35
240
414
215
34
130
25
-245
-266
-419
-133
83
-82
-87
-120
-124
-236
-75
-126
-77
242
119
-146
-353
21
154
-145
-299
-50
-212
-325
197
-5
-403
215
-10
-375
126
-9
-281
98
305
-357
-295
-225
-45
278
-138
-590
-228
168
-152
263
423
660
873
472
-71
-43
172
-160
-60
94
83
-219
-449
-435
-212
-201
-332
-360
-98
153
-42
-52
-42
57
-22
-17
366
-48
103
106
-98
398
97
12
188
328
-42
-10
56
-77
-10
-196
-166
-82
42
-52
65
14
-59
56
293
310
392
533
403
645
577
363
16
-63
-93
-68
-31
74
485
49
-9
-6
-12
178
266
78
9
656
473
47
-47
-296
18
102
-2
-156
-13
127
-69
427
361
164
-324
-461
-417
-50
-253
-282
-36
-466
-258
-54
557
292
-36
-355
-495
-274
-283
-125
363
138
125
201
14
-152
-241
-249
-524
-295
-271
33
-195
-201
-121
-329
-431
-122
56
-95
52
-271
-615
-176
262
190
-54
-178
90
66
-143
-462
-348
-260
-398
-32
164
397
367
110
-64
-347
-201
-197
47
-59
-170
47
-118
-8
-2
-43
-64
181
-8
-34
164
127
280
145
119
104
174
-145
-111
27
-324
-59
-3
-163
21
160
278
79
-132
-208
-299
-319
-221
94
454
125
219
505
100
57
-96
-208
-204
-25
121
239
229
119
121
16
-384
-128
-13
-114
58
21
255
395
87
59
282
-4
-233
-88
-118
-555
-280
-18
-32
211
117
2
333
421
278
211
190
-138
-72
-18
-75
107
36
-305
-53
266
135
216
-153
157
184
-24
-150
-210
135
222
287
224
-22
-71
55
263
275
86
-83
-2
149
2
9
-6
-129
-82
-171
-415
-342
-557
-458
-159
-98
-58
22
30
-52
23
6
-137
-31
51
198
228
-10
-24
-36
19
8
183
6
-235
-115
183
137
127
-108
-147
32
-66
-84
193
259
65
56
144
141
29
184
-117
-41
-283
-187
-68
-314
-71
101
12
-47
-19
-33
-165
-55
-32
-267
-107
19
22
-26
-151
-148
228
81
46
377
-33
-226
-84
50
186
-149
-236
-103
151
79
12
-52
-258
-295
-282
-142
127
312
61
-114
68
-5
-176
-83
-54
-119
107
-64
-221
158
6
-137
343
573
121
150
-58
-286
120
38
-207
-55
-51
-53
108
-73
16
613
323
162
419
130
135
370
101
-24
93
-79
92
191
119
-198
-77
142
-39
18
-149
-266
40
160
79
50
41
-104
219
538
-106
-13
-55
-423
-225
-67
-66
263
386
142
449
186
-370
-441
-433
-373
316
443
97
46
-48
-295
-87
-31
-166
37
3
56
88
151
-53
-76
-254
-255
-75
77
-219
-516
-130
-116
-135
-49
-354
-468
-135
-159
-62
-71
-371
-315
74
9
-157
338
330
169
339
181
130
148
-16
149
78
-295
-373
-120
129
134
242
77
-163
14
65
-266
-14
234
228
380
320
192
252
208
289
236
88
97
-13
-88
-203
-66
-52
130
39
144
57
-215
-92
245
324
-24
-649
-410
-38
-356
74
757
869
246
284
109
75
-57
-185
87
184
201
-4
58
-161
-297
58
147
-16
-137
-216
-85
109
111
111
263
-67
53
774
276
-915
-752
-466
-714
-384
-140
350
603
471
534
126
-23
-384
-912
-74
279
-106
-88
252
454
456
256
-165
96
66
-73
-115
31
114
161
62
-67
283
191
-30
-149
-186
-138
-137
-215
-128
-32
165
144
-139
-179
-208
-148
312
397
397
321
59
124
153
-76
-92
88
-141
-167
-149
92
-159
-665
-337
-220
-320
-18
46
-77
73
-62
-20
246
81
-220
-123
-299
-85
92
118
242
203
151
88
264
-77
16
-2
30
-21
-44
-67
-162
-140
-135
-173
-23
72
-211
-36
-29
113
-1
-208
-366
-236
10
43
-152
-108
266
-50
-149
46
-434
-58
460
199
72
120
56
-124
3
-452
-234
97
-6
145
201
105
-200
-59
-134
-128
127
-246
-173
276
160
7
20
-68
-241
-36
-63
-456
-467
-395
-206
323
224
-184
-169
-32
205
167
286
153
-31
-128
-246
-296
-189
383
287
108
373
238
137
112
-86
52
-144
-69
-21
100
239
129
179
-75
-291
-361
-193
-159
147
161
88
249
168
63
193
479
514
93
151
32
-158
-45
-332
-132
130
287
120
-96
-87
311
285
-76
-22
54
10
-87
-214
-125
-47
-258
-230
114
-131
-128
287
114
-7
-54
-169
-307
-97
-122
-320
-199
117
-201
-240
-202
-158
81
111
170
22
81
-85
-171
-55
31
57
-157
-104
64
-123
-169
-163
-5
-142
-22
-109
-232
-147
-278
-203
-305
-112
-38
-97
-46
-77
201
553
446
267
0
-24
94
96
39
219
191
-102
-202
-232
-141
-349
-325
-199
4
-69
-344
-345
-171
-34
-137
164
628
515
234
101
130
87
105
-36
-88
79
-125
-163
-121
91
-123
-18
-81
-67
125
115
-119
-94
118
-27
108
157
234
-150
-181
-129
36
-76
51
321
598
528
370
499
421
426
183
-19
-296
-98
52
-27
34
189
362
138
-83
-78
-144
-35
-123
-104
-216
18
322
123
271
394
188
27
-77
-208
-175
-42
-116
-40
49
-177
-148
-154
-185
63
288
277
222
87
137
43
55
-58
-230
-265
-232
62
-11
126
172
157
257
24
277
351
93
-192
-439
-254
-345
-366
-164
-152
-138
-126
-159
-128
-61
-22
44
7
-235
-136
152
215
-75
146
136
214
451
91
-35
32
233
11
87
149
56
-70
-123
-152
-16
18
-111
-139
195
89
-38
228
-126
229
320
47
106
95
-133
-342
-720
-236
242
61
15
-212
-290
89
73
-73
197
342
269
257
357
99
369
284
84
-246
-209
65
274
393
-2
-250
-267
-132
-106
144
89
72
-270
-459
-507
-355
-273
-515
-146
-203
-24
147
74
-94
43
253
196
286
271
384
71
-35
-195
-290
-441
-514
-111
26
36
329
151
125
251
401
205
17
-144
-188
387
344
126
-120
-246
-426
-174
-97
279
-140
-141
45
279
313
-181
-327
-307
-260
-521
-286
300
641
274
248
339
133
-585
-493
-248
-387
-303
242
388
304
172
151
-135
-553
-587
-209
-292
-164
160
126
196
-391
-163
183
-134
-265
-307
-234
211
200
222
20
125
231
264
261
100
95
98
-62
63
255
152
42
-155
-118
-128
-210
-223
-130
-327
-253
-317
-339
-361
-244
-139
-221
146
254
7
-69
-45
-79
-80
50
215
523
272
-79
54
17
-11
-243
-182
93
336
488
342
53
-257
-602
-534
-26
93
-66
-205
9
347
195
121
156
216
260
251
-51
-85
-193
-411
-258
-345
-210
-191
-129
-167
-120
-81
-27
-30
29
210
152
363
414
276
85
-76
-68
38
142
170
234
339
242
29
23
445
396
-43
124
276
358
106
127
314
93
19
-9
-58
-115
167
260
104
-94
207
408
289
438
278
159
90
99
-59
-63
-86
-315
-267
-386
-345
-344
-257
-122
76
80
10
91
417
575
234
226
110
249
412
374
373
102
99
379
176
17
-4
-34
-96
-21
47
13
114
149
-44
-254
-351
-491
-392
-398
-176
-97
13
-165
-270
-26
-149
-267
-119
252
155
-250
-597
-473
-177
208
239
89
122
173
163
77
-24
-373
-558
-597
-188
100
-47
-248
-108
40
-304
-256
-247
-174
-152
3
19
108
153
-208
-216
-111
-87
-428
-275
-76
311
389
-15
-201
-76
10
-62
14
37
-60
-165
-141
60
219
-295
-660
-515
-228
-285
-201
-255
-559
-151
-38
114
257
250
96
-269
196
422
-16
26
557
534
451
187
135
202
446
310
320
499
573
501
-96
-79
-9
322
114
159
161
-232
-458
-327
242
255
-25
496
636
319
265
319
14
-258
-92
173
77
7
181
268
252
-78
393
606
341
-218
-223
-78
-131
-352
-372
-159
91
50
-364
-123
-137
-287
-350
-86
19
-15
135
-49
14
-104
-411
-90
40
87
144
232
56
-176
-241
-402
-295
36
252
167
152
31
-289
-373
63
249
96
69
271
454
200
114
183
94
-38
-237
-344
-419
-421
-306
64
-69
-144
-98
-176
-40
-174
259
306
176
0
-53
276
182
111
295
223
-120
-1
219
-46
-246
-242
-411
-55
-92
-268
-235
-442
-351
-298
48
230
251
330
134
257
159
-49
-76
19
-131
-210
-5
235
136
-77
352
90
26
-157
-120
-127
-366
-41
204
454
239
112
-37
-15
133
37
16
-46
-18
-124
-101
-112
-313
-316
-247
315
193
-53
-429
-584
-567
-434
-10
-94
-256
-100
216
357
247
-22
256
-22
316
285
-266
-269
-38
130
100
159
194
431
466
199
137
-44
-363
3
-8
-136
40
271
386
334
-6
-110
-246
-78
-4
-492
-492
-371
-157
478
75
-570
-399
-425
-184
-129
23
-135
-213
100
40
436
377
303
166
226
606
246
286
-70
5
-110
-127
126
287
167
171
290
95
78
195
226
148
265
-92
337
101
16
-308
-221
-171
-345
-25
-202
-126
-343
28
2
62
-103
20
184
-207
-117
15
-263
-681
-396
84
765
-73
-346
619
455
686
-2
-559
-178
-621
-606
-566
-252
-87
72
-470
-224
292
16
22
-482
-298
-278
198
401
1029
682
660
309
-102
-250
-778
-499
-897
-174
-344
173
125
-339
-568
-478
30
-48
354
-61
418
669
269
-196
-328
134
-25
-245
-123
353
703
464
367
97
434
575
104
128
-188
-12
148
-139
-177
18
-103
21
-180
-92
46
-323
-395
-456
80
262
412
571
221
211
-106
-466
-508
-573
96
-95
131
511
405
507
348
276
271
479
-161
-101
-102
84
64
13
497
184
575
43
-79
-240
-711
-315
-719
-21
-145
-78
