-12
15
-55
40
54
-47
-108
68
-49
-42
87
-11
-198
-150
-11
-77
-77
60
-81
-64
-66
-129
11
-119
42
49
-38
-29
-58
-8
75
47
-29
-127
-22
-25
-80
49
-27
36
49
-19
-106
-95
-52
-45
-86
56
147
27
92
85
177
48
-72
6
-117
-136
-100
-15
-1
-6
-45
-25
102
34
14
144
117
-26
173
112
86
70
40
152
98
88
18
190
87
15
-31
79
161
165
204
79
101
54
-33
-33
64
-17
-44
-56
-8
-24
-15
-2
137
213
73
126
111
190
208
158
215
168
-68
-16
17
-57
35
48
217
125
32
124
181
189
138
-50
-142
-56
-48
-106
-70
66
42
6
35
175
112
114
163
139
104
9
48
-92
-111
21
-3
8
-74
-71
-132
-252
-107
37
51
-67
-47
-1
-126
39
58
-55
0
-29
-36
20
-55
-71
-67
-95
-77
-144
-86
-176
-75
-115
-104
32
-10
-83
-102
-37
-34
-130
-32
4
-77
-41
-26
-21
-145
-40
-43
-100
-219
-74
-229
-195
-78
-108
-104
-232
-135
-199
-191
-222
-149
-214
-161
-131
-251
-211
-112
-181
-100
-68
-106
-45
-128
-28
123
102
17
-20
28
-33
-77
34
-20
22
-125
-132
20
-21
81
-25
69
-30
-3
58
-67
201
4
81
264
194
169
72
104
83
-38
128
147
118
239
126
-39
-103
43
39
53
-47
-40
77
18
161
-67
-80
0
-30
111
45
123
87
85
97
29
120
60
-36
35
-29
25
6
50
155
113
141
130
-20
18
16
20
163
139
179
177
83
265
192
49
267
223
184
138
185
98
118
8
-7
-11
57
58
-143
73
62
49
-3
72
37
25
95
-163
-160
17
-152
-164
-75
-142
17
-25
-62
-17
-125
60
46
-120
-78
-84
-71
-104
-186
-230
-144
-133
-147
-72
84
94
-90
-65
64
-30
3
126
56
144
159
-6
93
106
54
88
-41
67
38
46
172
126
48
113
115
-105
-142
-42
-35
0
41
-160
-128
-67
-261
-73
56
-75
-127
-97
-13
-113
41
-19
6
52
-18
54
-68
-25
-45
-92
-24
13
10
8
-10
3
4
7
3
10
-47
-13
80
71
106
175
83
12
-50
-124
-114
-1
51
-119
-113
-119
-85
-88
-78
-16
-134
3
47
127
167
73
184
138
132
27
141
36
-97
-112
-276
-49
-10
-78
-181
-183
-20
-70
-179
-140
-224
-139
-189
-219
-13
-57
-31
13
-27
-96
-99
60
76
46
60
34
162
18
99
177
34
18
50
92
66
-40
18
88
-20
5
-77
-155
-160
-249
-192
-20
-65
-33
-52
-44
-1
63
83
123
202
121
92
37
-130
-173
-316
-358
-93
-168
-290
-207
-72
-82
-41
87
219
489
563
481
353
330
249
96
49
-134
-255
-341
-360
-324
-245
-248
-88
111
296
302
248
324
261
322
177
61
-71
-236
-288
-347
-338
-105
-34
62
233
308
430
454
564
468
324
184
31
-76
-122
-87
-196
-275
-299
-258
-130
-190
-168
-121
24
257
262
260
262
266
343
265
145
-61
-113
-247
-447
-271
-444
-352
-397
-290
-31
101
344
401
552
538
510
318
184
329
176
152
211
29
91
140
83
4
64
-1
34
59
87
69
16
91
79
-12
71
164
-42
-83
-57
57
-78
-59
-23
-7
-52
-24
111
11
-76
58
321
223
124
39
91
-127
-105
-14
-124
-18
-111
-66
-157
-321
-266
-242
-232
-216
-296
-325
-192
-49
-41
-34
99
106
131
136
0
-59
-122
-148
-173
-191
-214
-109
-20
-58
-55
-113
-136
-134
-187
-166
-30
-9
4
-141
-191
-180
-180
-144
-289
-269
-377
-329
-203
-225
-176
-78
-126
-100
-84
-160
-155
-183
-148
-89
-111
-82
-60
-194
-117
-39
-20
-68
-85
-49
-46
-6
108
116
135
302
234
107
50
-59
39
-12
-175
-101
-137
-68
-98
-167
24
-125
-101
-46
-71
-88
62
106
-76
50
-35
28
5
65
75
64
58
52
164
179
115
140
118
84
66
66
64
-131
68
82
76
115
109
36
171
307
178
194
234
161
221
136
47
177
47
-18
-45
138
215
103
112
131
-93
44
64
7
183
94
68
40
6
125
137
85
116
278
307
208
362
244
286
70
113
116
-131
2
76
28
-44
-91
-45
7
-97
-46
15
-10
-89
-4
-49
67
-77
-165
8
-125
-121
-64
-136
-129
0
-24
52
18
-115
-123
46
-18
-73
213
117
75
181
21
23
116
-18
56
39
9
-54
-34
-3
-177
-110
-176
-181
-148
-237
-159
-26
-79
-149
-204
-175
-267
-271
-183
-237
-166
9
-92
-145
-16
-23
14
54
161
142
67
17
29
26
-96
-59
12
-24
32
7
-72
-159
-243
-244
-284
-241
-150
-165
25
43
-19
76
114
188
64
79
58
148
124
121
57
-19
54
-180
-47
5
-242
-206
-168
-146
-81
-135
11
35
89
148
70
191
266
219
219
116
99
90
81
176
40
195
131
66
99
-83
69
13
-5
-19
-12
92
77
125
93
62
2
52
0
5
48
-12
-59
48
103
-74
-35
135
-3
11
139
-29
-37
-189
-81
-102
-183
15
-168
-156
40
-20
57
189
207
103
232
201
205
261
297
287
-151
163
-37
-248
102
-214
-110
118
-214
-208
-35
-11
38
38
59
206
107
166
71
24
141
58
145
-138
77
45
-78
120
-158
-62
109
-108
76
-55
-198
21
-100
-21
-37
-65
-56
102
37
-25
-51
-227
-122
-113
-95
37
118
-28
153
-8
-158
-36
-253
-244
-478
-421
-97
-175
-67
20
-304
-198
-256
-244
20
-247
-155
-41
-135
-169
-43
-33
-93
159
-91
45
293
-5
208
21
-205
-89
-315
-194
11
-181
51
-3
-37
39
-43
96
-67
-11
51
10
-22
-21
46
99
11
133
207
309
221
67
64
-86
10
126
-5
-8
156
-51
99
2
-103
107
-16
-14
-8
-168
20
-2
-22
51
-88
-4
98
140
86
162
125
189
221
10
-98
72
-62
-46
94
-52
-9
-18
-48
-171
-53
102
114
35
-67
-13
72
38
148
28
-126
94
-168
3
169
-105
23
-86
-299
-285
-392
-183
-18
-122
-46
-123
-59
59
64
101
169
127
137
16
-58
68
151
204
127
307
345
153
153
234
63
73
-27
-20
-46
-138
-107
-193
-113
-136
-27
-109
31
-85
-4
2
-74
-53
-183
-88
-192
-151
-43
87
35
220
113
35
15
-78
-112
-100
46
27
-81
-148
-32
-24
-18
55
23
47
23
4
29
70
145
51
44
48
92
149
113
32
229
150
257
45
-186
33
49
178
116
196
135
155
139
160
149
253
224
170
230
228
329
146
169
236
72
74
40
-38
84
-30
-44
2
-105
-52
75
-145
-63
-85
-117
34
0
199
100
33
194
136
14
216
38
133
180
117
229
90
55
35
115
-71
-59
-91
-67
-53
-133
54
112
-211
-53
319
-448
596
438
-603
713
-70
-2
798
-173
24
363
-335
-211
28
-325
-137
79
-139
-189
-49
-69
-220
-203
-57
-255
169
-341
-825
235
-586
-327
783
-707
-219
433
-620
324
385
-514
209
46
-664
290
172
-628
199
-237
-396
290
-288
-487
-36
-243
-428
322
-119
-661
57
-342
-278
693
-302
-304
446
-254
70
489
-111
-43
150
-481
164
307
-539
36
53
-286
274
81
-339
-30
-20
-296
207
21
-579
211
-168
-272
482
33
49
515
235
297
152
-151
270
-62
-209
70
19
-195
-51
-54
-14
422
323
189
143
167
62
104
299
-146
165
327
-213
538
410
-199
320
215
-21
223
34
-209
-219
-356
-343
86
39
-131
139
-64
143
229
79
122
-111
117
-5
-15
262
11
25
102
72
357
256
-160
149
79
-66
6
-45
29
-160
-172
-99
93
128
203
248
20
212
167
140
275
-81
-3
-44
-217
127
-163
-262
-35
-225
-157
78
117
-41
-20
-174
-191
-71
-371
-368
-352
-414
-264
-1
124
77
126
46
-13
59
0
-76
-3
-202
-331
-431
-263
-159
-281
-134
-197
-280
-69
117
-233
-63
-57
-145
84
-162
-55
-75
-425
-255
-13
-7
6
137
26
-49
155
3
-185
-91
-171
-300
-279
-166
61
8
-53
-65
-64
-64
94
178
37
-8
50
64
-14
83
-19
-144
-183
-237
-30
222
262
179
150
-45
68
139
50
-59
3
59
113
368
336
486
164
161
255
186
429
307
67
99
68
-102
-60
-96
-141
-291
-245
-69
147
259
355
335
178
225
89
165
154
96
125
-58
26
185
373
419
211
361
227
320
471
41
-17
63
-4
-76
-33
-4
-68
-370
-258
32
118
198
249
61
30
281
69
107
101
41
-17
-136
-23
54
137
-100
-165
-8
-140
194
289
6
172
81
-39
-95
-97
-64
-196
-335
-315
-127
-92
63
97
-132
37
6
-69
33
-136
-33
-172
-336
-201
-17
-149
-247
-90
-198
-210
-50
-133
-194
-130
-167
-169
-132
-44
-12
-86
-258
-156
-5
104
152
-86
-193
-146
-241
-57
-97
-153
-105
-381
-296
-178
-161
-172
-150
50
34
140
149
-56
59
36
57
-65
-30
65
-162
-127
-35
-122
-21
55
-86
-66
-144
-244
-162
117
-39
-111
-85
-191
27
33
3
-93
18
122
211
415
331
227
224
166
54
38
11
-18
-265
-268
-70
-189
26
78
-60
-71
-32
-71
0
255
41
23
17
-28
50
202
21
81
313
202
448
373
204
264
332
235
164
241
117
-161
-213
-67
-36
53
183
151
131
56
-10
-4
75
-74
-197
3
37
-36
60
-69
-154
58
83
98
192
100
-3
245
140
195
301
-72
-29
-71
-226
9
59
-56
-73
-78
-44
60
-19
-150
-15
-18
-156
-152
-21
6
-11
66
-101
-1
191
24
255
224
-140
6
0
-125
-50
-107
-159
-15
-41
-26
-42
-126
-48
-209
-89
-40
-206
-186
-197
-376
-292
-143
-288
-174
-106
-163
-105
-95
-380
-209
118
-167
193
224
-324
21
136
-187
67
3
-229
-6
103
80
167
37
-45
264
218
182
143
274
63
211
195
-354
78
29
-335
140
-104
-510
-48
1
-26
332
27
-276
314
-4
-171
159
-128
-145
310
92
170
379
-143
-87
65
-2
3
50
124
114
165
60
189
385
-174
31
222
-169
132
59
-166
244
-26
-190
129
-67
-35
184
-158
-388
113
-62
-130
486
-87
15
380
-54
186
321
148
27
172
-28
8
-15
-140
52
65
-85
28
216
-133
4
46
-120
98
75
-113
227
214
-35
22
-32
-148
-70
82
-231
-73
-1
-189
14
-127
-182
30
-93
-219
-136
-215
-442
-310
-57
-298
2
11
-275
78
-41
-251
11
-45
-124
85
-70
-28
57
-15
11
91
9
-54
4
-88
-48
-11
-104
-98
-209
-139
6
-48
-71
-70
-7
-44
-88
-42
-170
-192
22
21
1
52
-30
57
88
-32
62
9
-92
-44
138
76
75
158
5
181
228
181
421
288
36
476
203
-20
320
-147
83
248
-49
80
226
170
199
203
39
87
300
-39
-20
282
50
291
431
196
120
240
20
25
51
-37
-45
42
19
135
218
146
384
231
197
238
88
26
27
-20
-36
-31
-47
-25
-76
-80
25
29
-2
60
74
130
148
34
159
228
180
204
112
58
30
-92
-11
-100
-52
19
-89
-2
44
53
54
157
178
159
85
101
48
37
-36
-1
-150
-133
38
-138
-77
-78
-108
-115
-100
-341
-215
-300
-422
-190
-220
-111
-110
-124
-79
-143
-229
-328
-266
-250
-357
-375
-389
-307
-316
-285
-295
-187
-174
-222
-162
-169
-128
-126
-91
-212
-163
-163
-263
-241
-216
-158
-179
-179
-146
-115
-141
-74
-81
-78
-149
-143
-30
-145
-195
-146
-88
-49
-77
-118
-48
-117
-120
-19
-68
-39
-37
13
74
-53
-60
-120
-111
-101
-89
-63
-235
-116
-132
-222
-85
-73
-46
-100
-92
-18
70
149
115
15
-54
-34
-1
147
103
161
313
297
218
188
118
55
190
181
177
211
118
24
72
106
168
223
270
246
261
192
84
159
87
147
7
106
151
33
93
56
140
186
245
187
132
240
166
118
165
33
20
5
33
127
35
18
195
97
157
154
53
196
200
178
250
262
325
235
85
143
49
55
-23
66
120
37
48
69
76
27
-7
-108
-89
67
77
32
171
24
18
63
-91
-65
-138
-259
-233
-238
-284
-270
-227
-224
-175
-86
-35
-101
-99
4
-101
47
-25
-21
-5
-31
-152
-46
-51
11
2
-116
-148
-196
-37
-226
-159
-288
30
-220
-80
-74
27
45
-167
1
-110
-59
-147
-193
-189
-77
-262
-84
-113
29
-129
-82
30
2
59
124
77
-85
-49
-13
33
13
143
82
85
25
26
55
104
116
358
264
238
130
31
238
147
166
10
-42
-138
-246
-296
-150
-177
-220
-196
-190
3
-26
-7
43
-18
9
