-1324
-969
-907
-950
-140
-322
-477
68
49
486
446
-25
13
-287
49
-110
-612
-354
-256
-284
180
-121
208
388
414
703
256
339
321
205
245
-307
-698
-676
-976
-679
-506
-497
41
202
416
676
490
457
233
121
88
-174
-407
-312
-217
-84
-124
-422
-122
-50
-5
34
-72
181
430
290
-16
-594
-690
-303
-420
-698
-827
-497
69
201
194
292
300
560
350
-90
-411
-183
-219
4
108
-181
50
-203
99
143
66
25
-218
-119
-98
-173
-106
14
44
238
283
-85
-178
-46
22
91
-161
-604
-497
-387
-244
-241
-287
44
80
231
76
-275
-14
111
31
158
-357
-174
-1
-15
110
-246
-69
19
204
777
756
561
598
296
284
366
272
244
-158
-302
-465
-753
-312
-184
-50
306
121
111
267
148
620
231
70
186
-82
194
184
46
28
155
0
125
188
255
326
590
206
330
512
215
301
-177
-69
-75
-180
122
-74
-10
416
273
305
287
191
485
111
-3
46
-163
132
-82
-113
225
160
73
-114
-72
369
294
182
165
57
371
538
487
463
324
386
263
-31
-55
-163
-63
-27
-487
-461
-295
-415
-141
-271
-351
-43
-161
132
168
-12
315
155
335
214
-426
-209
-213
-322
-159
-434
-360
-54
-83
-25
-269
-114
221
-74
136
-17
-274
137
-230
-532
-106
-193
160
346
333
809
554
630
657
33
92
132
-30
86
-514
-503
-478
-786
-539
-594
-461
-170
-191
-37
-195
-446
-48
-205
-339
-362
-665
-489
-447
-340
-54
-319
-206
-279
-490
-221
-188
-3
151
216
278
322
393
215
196
-25
-236
-169
-252
-29
172
211
344
460
451
528
211
6
-99
-193
-202
-445
-533
-531
-614
-334
-97
-4
328
263
169
216
87
33
83
-100
-25
-159
-233
12
-34
-31
-30
-455
-365
-269
-78
159
101
364
359
272
215
131
240
366
132
309
165
68
226
-210
33
95
-237
61
-36
7
295
166
92
85
-268
-633
-706
-394
-497
-438
-236
-374
-152
-27
105
-2
245
373
283
278
95
230
60
90
299
-145
-86
7
-175
24
-122
-389
-83
-132
119
365
329
532
403
894
936
482
614
415
338
379
-107
-167
-291
-206
-64
-232
-79
-210
-149
222
-98
-247
-121
-417
-138
-416
-564
-477
-711
25
-91
-75
252
7
438
543
746
430
194
470
-245
58
-110
-473
228
-204
-128
84
-239
241
-268
-37
410
76
869
263
121
297
-161
349
292
175
292
354
520
78
179
185
109
375
-39
0
-20
-81
-74
-379
-459
-446
-462
-54
-143
-9
-2
-213
108
-118
-83
161
117
550
450
213
486
179
264
140
28
-284
-660
-511
-285
-400
-503
-593
-411
-77
8
121
-274
53
-116
-462
98
-252
-12
769
369
616
333
418
1056
439
975
336
-7
508
-869
-419
-834
-1289
-412
-1043
-584
-627
-813
-297
-642
-161
-447
-448
62
-166
182
-277
-124
138
18
499
-19
54
319
7
129
-553
-459
-99
-250
21
-134
-351
196
228
370
293
128
366
-82
193
-242
-435
-323
-282
230
-148
-484
-267
-149
244
122
-301
-180
-252
-333
-235
-268
-251
485
463
665
408
82
560
232
364
-38
-179
-132
-390
-173
-327
-108
-86
-412
-310
-402
-289
-178
-200
-150
-361
-166
4
176
256
133
304
-98
-20
115
-37
225
47
119
238
198
413
327
383
411
227
-18
48
280
119
97
-251
-254
-72
-14
41
73
87
173
429
195
99
-116
-479
-191
-102
-360
149
-135
-242
245
-228
90
153
-101
364
-49
85
348
300
938
275
424
226
-175
190
-265
251
106
100
563
258
373
156
-35
282
81
96
4
4
-119
-53
-3
-434
-70
-164
58
287
-15
265
229
296
433
106
230
70
-75
-4
-163
186
133
229
189
-260
62
-165
-238
-334
-413
-90
-311
-171
-439
-411
19
-54
-169
-172
-76
115
-535
-633
-126
-302
-6
-126
-38
295
422
361
322
401
249
87
110
12
6
-203
-245
-250
-304
-17
-319
-272
-135
-198
-368
-444
-322
64
162
60
-96
-411
-160
-108
-162
-146
-141
55
403
504
180
265
257
435
364
44
132
63
195
-24
-407
-381
-509
-354
-229
-518
-129
-25
51
168
-51
69
-80
-290
-102
-243
-69
-180
-407
-68
-174
-21
-117
-140
226
251
47
88
62
147
154
90
44
-225
61
70
-18
-92
-448
-86
62
-81
160
172
481
537
193
75
-65
77
138
-226
8
29
98
261
-128
228
286
421
541
332
462
274
-7
-35
-207
-275
-271
-298
-29
-204
139
225
43
323
74
330
288
-175
88
78
168
182
-448
-46
110
386
500
-313
-121
183
187
146
-388
-176
280
37
313
-104
144
434
63
256
-161
-123
-87
-430
-118
-265
-465
-224
-246
-15
153
130
193
126
18
168
0
124
51
128
290
17
13
-612
-584
-315
-131
60
-280
-327
-49
160
155
-251
-303
11
-168
-126
-215
-91
116
265
487
165
-91
83
208
407
108
-376
-82
-119
56
-267
-529
-158
-55
87
-28
-196
273
581
445
414
-15
159
193
45
88
-157
13
266
236
304
178
209
292
24
195
119
18
65
28
130
-128
-238
-262
-234
18
-166
-107
-86
-188
-42
-60
92
-31
-147
129
21
143
362
189
294
400
223
-28
-181
-161
48
30
-11
10
-9
96
140
49
-59
-62
38
-69
-150
-227
-224
172
118
34
-37
134
204
9
-4
-11
125
103
-257
-470
-350
-363
-356
-461
-290
6
230
151
181
404
203
107
-24
-80
12
-109
-399
-471
-170
-87
-128
-199
-93
56
-37
5
6
91
-155
-255
-368
-312
-130
-202
-169
-83
95
139
124
-20
36
135
257
220
53
-87
-125
-169
-385
-347
-313
-295
-178
-207
-49
-133
-314
-134
-74
27
100
-108
-48
62
-38
-237
-483
-403
-382
-181
55
105
356
439
255
198
310
244
128
53
-42
-169
-134
-143
-198
-249
-487
-373
-330
-277
-391
-286
100
82
41
5
-31
144
277
179
65
9
280
289
347
238
219
463
310
328
225
35
212
396
231
158
98
18
82
-76
-173
-113
-100
18
67
39
30
195
284
24
-90
-116
113
188
179
127
183
383
254
49
-11
144
168
325
-45
-200
148
204
-26
163
408
163
373
198
-100
-3
107
-157
-201
-61
-131
-87
101
42
-92
154
-85
-120
227
8
-226
263
277
61
172
96
92
180
277
-163
-211
105
105
61
-10
-51
67
270
-36
-160
12
-5
22
-87
-157
-96
142
160
-25
-77
45
185
213
61
-149
-135
-148
-166
-198
-108
-124
-112
-354
-483
-424
-526
-527
-251
10
-41
-60
49
119
137
318
191
156
207
136
-70
-145
-51
-192
-196
-81
-277
-133
315
223
17
111
75
-110
-99
-247
-307
72
0
-269
-202
-16
106
-65
-65
-54
81
130
-99
-87
81
64
-46
-341
-413
-103
-327
-479
-301
-222
-165
-153
-126
172
264
87
-84
-127
-18
-53
-195
-133
-55
-60
16
-143
-163
-47
105
64
185
129
-97
51
162
168
112
198
168
144
108
6
61
343
437
355
330
251
173
359
311
50
120
-3
-13
-167
-231
-94
15
97
103
56
33
-41
-211
-192
-256
-68
-123
-249
-303
-265
-138
-91
-273
-247
58
132
29
0
178
86
-100
-153
-94
1
246
75
-39
203
312
188
-64
34
182
11
-109
-401
-295
-17
-19
-44
34
135
114
105
-102
144
383
416
64
60
371
319
154
-24
4
125
75
-268
-285
-99
64
-84
-37
-106
134
304
66
-26
-152
40
-26
-264
-327
-66
-61
-52
-275
-237
-106
-78
-263
-369
-173
-102
-176
-328
-247
-200
83
-19
44
92
136
67
139
181
185
481
352
112
156
295
517
525
337
246
108
111
-122
-176
21
89
8
-163
-376
-273
-84
-184
-413
-148
3
52
138
-41
22
140
161
-46
-92
176
366
413
467
245
271
453
455
142
89
158
191
144
-78
-126
-157
17
-9
-65
-158
-214
-13
88
-148
20
131
156
18
-19
95
195
300
19
73
182
262
-56
-215
-306
-176
12
-124
-153
-143
70
-4
-206
-111
128
253
197
2
37
274
74
-117
-202
-233
133
119
24
-152
-169
-40
-245
-314
-344
-195
-109
-314
-456
-676
-265
-499
-476
-329
-582
50
-272
138
-402
97
363
-146
320
-432
688
107
152
-97
-500
385
-466
140
-552
-65
218
-166
302
-646
50
-195
-236
-426
-710
74
-222
245
-353
-46
286
189
545
-260
290
198
250
-45
-376
164
-6
170
-314
-260
50
82
-54
-426
-161
114
320
250
28
183
319
390
56
-89
161
48
40
-439
-554
-534
-513
-192
-650
-458
217
67
66
-391
-283
62
-161
88
-491
266
420
391
645
92
874
495
842
336
135
908
347
733
-65
-81
88
-231
-111
-766
-303
-152
4
-247
-580
29
118
536
98
124
300
375
552
54
170
148
326
318
-9
-5
43
218
269
-53
170
473
434
161
42
209
172
101
-328
-430
-369
-40
-35
-249
-14
101
317
82
-75
-25
18
304
-26
-140
3
-31
320
-91
27
148
212
223
-368
80
-45
170
-40
-322
28
-216
-107
-759
-658
-270
-60
196
-168
15
33
330
-38
-457
-121
-46
174
-15
-80
-41
-67
-14
-438
-721
-444
-207
-147
-192
-226
-36
16
-104
-131
-79
61
114
-73
-353
-113
46
143
9
-31
267
314
248
-110
-52
-34
142
-118
-112
102
126
415
90
-21
-102
51
75
-368
-234
-98
-18
-22
-319
-47
20
363
213
-121
183
116
400
29
-189
54
103
144
-141
-53
119
72
-81
-402
-361
-249
-117
-80
-413
-292
-64
-34
-466
-381
-205
-255
-243
-624
-389
-207
67
151
93
144
384
689
371
161
303
264
311
180
69
227
471
477
109
26
9
310
218
-94
-228
-8
96
86
-168
-205
189
233
5
-103
46
83
137
-187
-132
43
104
276
69
-109
76
-34
24
-164
-44
145
133
180
-75
-12
-77
41
-82
-24
197
232
271
59
26
75
63
-29
-170
45
1
-44
-100
-274
-71
-21
11
-67
-80
25
22
0
56
-4
166
244
185
254
201
326
228
272
241
175
82
-175
-399
-510
-446
-195
-285
-335
-167
-84
-9
-340
-328
-300
-159
-47
-60
32
54
228
391
292
49
88
163
10
-103
-261
-296
-129
-40
-76
-19
171
224
292
267
253
409
406
409
266
412
445
253
136
-189
-329
-411
-263
-315
-326
-200
-2
207
85
-135
-11
-53
-21
-162
-179
37
117
280
116
24
-29
32
-76
-130
-301
-213
-150
-210
-128
-101
71
187
239
90
62
49
-28
-31
-115
-10
169
316
249
22
298
362
271
63
-302
-325
-431
-448
-491
-421
-190
-57
-140
-221
-190
-19
50
45
163
144
412
696
499
222
306
407
509
274
5
-74
51
111
-21
-202
-5
97
-47
-137
-507
-367
-216
-280
-406
-528
-553
-205
-293
-367
-343
18
242
8
-51
-71
58
98
-47
-433
-377
-43
70
-200
-173
-31
212
156
-68
-175
-103
71
66
-187
-238
-55
-20
-37
-93
-23
19
-11
-9
-28
32
157
84
-27
-77
-132
-309
-210
-337
-236
-135
-168
-168
-53
111
51
72
87
72
21
44
63
216
125
35
77
184
188
163
149
184
217
120
-113
-208
40
33
-55
-216
-390
-149
-44
-172
-245
-281
137
257
211
86
72
370
408
311
192
45
171
288
132
15
-84
237
133
-180
-196
-237
26
140
-49
-3
128
340
-7
-87
-82
-183
31
69
78
-14
324
317
311
260
393
524
433
238
-41
60
130
154
106
-26
-169
-67
-81
-195
-365
-386
-62
-12
-86
-112
-154
-53
-40
-102
-302
-171
167
96
48
-114
-59
249
170
-9
-42
-36
253
215
-55
-8
90
257
206
-8
-111
150
299
111
-395
-652
-682
-552
-424
-503
-364
-5
258
214
-90
-363
56
223
-11
-383
-535
-265
232
-5
-405
-230
9
448
262
-143
-64
191
281
216
-153
-88
263
238
69
-357
-112
212
212
152
-258
-140
111
202
-45
-275
-83
159
263
0
-90
131
422
415
234
156
376
569
328
151
68
119
280
82
-151
-242
-46
83
-97
-100
-178
-34
64
-133
-267
-161
76
204
28
-224
-222
-160
28
-51
-164
-24
125
167
-74
-303
-292
-59
110
68
44
111
245
397
136
-123
44
17
-9
-201
-436
-289
-132
10
-300
-424
-165
-50
116
-98
-88
9
176
402
255
473
544
676
596
389
461
494
642
340
128
36
169
161
7
-202
-137
44
-55
-423
-744
-534
-363
-35
-312
-379
-278
-109
5
-345
-664
-457
44
168
74
-23
125
296
313
-241
-515
-570
-139
28
-267
-332
-251
143
260
91
-228
-9
188
379
84
-152
141
426
644
177
-113
-60
277
388
-220
-573
-383
-192
-114
-385
-388
-308
-32
-161
-474
-238
-151
135
-18
-231
-195
-3
228
-15
-221
