-140
-139
86
128
183
143
244
167
203
66
82
151
232
121
48
113
118
159
108
164
44
80
65
47
70
220
192
249
204
101
241
246
219
287
277
254
134
171
160
192
112
43
82
134
64
192
171
-14
127
1
67
120
155
198
128
207
187
234
223
175
131
44
136
214
89
74
92
105
176
124
178
49
133
103
134
-17
39
41
42
62
54
142
-92
-96
-6
-17
-77
-9
-106
-98
-181
-153
-197
-105
-248
-229
-215
-305
-311
-247
-224
-131
-100
-249
-35
-178
-76
-138
-122
-196
-115
-151
-125
-194
-300
-295
-424
-306
-323
-225
-208
-206
-81
-75
-146
-183
-188
-48
-137
-163
-242
-292
-220
-142
-207
24
-51
-136
-214
-144
-161
-227
-108
-180
-211
-141
-143
-128
5
-138
-84
-9
27
-104
7
-66
18
-7
-65
-63
0
-1
-37
147
97
132
112
13
124
67
124
194
155
112
95
78
93
166
23
83
7
99
61
49
187
130
36
-105
-127
-25
-10
52
-5
45
-43
-41
10
141
66
-87
-11
75
162
113
181
43
69
39
162
120
189
223
256
215
158
52
-38
78
-28
128
125
108
146
176
129
89
151
71
71
166
232
291
196
103
95
225
161
190
180
263
309
202
130
91
110
-38
-63
-8
-20
-121
-52
-99
-116
-198
-52
-57
-90
-110
-55
-94
-127
-154
-202
-91
-151
-80
-193
-155
-214
-170
-216
-153
-149
-164
-219
-246
-304
-302
-190
23
33
-37
78
-173
-46
-46
1
6
54
65
103
143
54
76
-35
-87
-46
-1
86
-25
-24
-33
-102
-77
-35
8
-59
-89
-124
-56
-82
-58
-2
7
-154
-139
-34
-5
64
9
-28
32
-66
55
-66
-73
-84
-156
-164
-161
-157
-167
-126
-178
-97
-122
50
-32
66
-68
-25
0
72
116
133
100
84
139
49
136
58
53
66
28
38
130
130
63
138
234
100
103
61
267
178
200
316
289
262
225
166
220
209
154
148
154
162
60
135
196
289
191
164
133
135
281
144
209
207
192
227
130
166
156
230
63
122
47
136
3
74
0
-42
33
-69
-11
-43
132
146
88
-60
6
40
8
-105
27
-4
-8
-108
-149
-162
-78
-78
-121
-82
-230
-171
-184
-175
-220
-276
-267
-115
-186
-287
-169
-115
-58
-140
-206
-188
-266
-137
-72
-52
-213
-292
-199
-154
14
33
-2
-174
-174
-224
-193
-112
-135
-38
-172
-47
-150
-51
5
-45
-21
-2
-36
-68
49
35
-12
-177
-198
-151
-91
-156
-185
-222
-194
-234
-55
2
-105
-192
-175
-156
-47
-122
-108
-93
-63
-70
-191
-108
-214
-104
-140
-49
-77
-75
-103
-71
8
17
-21
1
63
119
152
100
109
181
110
143
157
52
141
37
134
74
144
201
306
352
206
153
117
130
137
177
110
17
-74
91
52
98
111
25
237
114
184
142
161
235
94
124
281
274
167
265
123
200
193
235
138
160
79
193
215
109
75
86
159
106
152
17
150
-8
126
97
167
68
117
120
-5
113
106
39
-26
-52
-113
-124
-34
-84
-200
-136
-60
-22
-101
-105
-157
-134
-174
-11
-136
-15
-52
-65
-144
-146
-216
-88
-100
-126
-82
-198
-81
-179
-111
-204
-77
-66
-60
-122
-88
-157
-167
-149
-24
7
-3
120
73
54
99
31
-30
-37
-24
11
77
180
69
-51
-75
-35
9
-57
-82
-85
-185
-169
-73
-86
-64
-212
-242
-192
-283
-28
-42
-109
-225
-166
-180
-154
-166
-225
-28
-52
28
16
-8
24
28
40
-13
39
-154
-11
-22
-143
-14
-121
-39
56
75
38
24
26
93
133
162
103
160
130
143
197
375
214
233
288
392
354
312
312
144
289
169
219
119
210
166
172
141
91
164
268
251
170
90
159
204
173
293
245
317
196
121
50
148
196
53
89
-32
-9
107
114
-97
24
-62
-3
26
6
279
-231
153
100
-52
-44
-58
50
-36
-68
-152
-23
-58
-51
-209
-182
-156
-118
-67
-68
-188
-103
-188
-103
-191
-122
-122
-178
-86
-149
-66
-89
-19
-163
-154
-232
-258
-389
-221
-303
-205
-80
-178
-129
-249
-79
-155
-191
-127
-144
-171
-133
-149
-232
-132
-71
-172
-131
-35
77
78
6
-34
-59
-6
-30
-12
75
-31
-55
-66
-24
-41
-89
-69
-52
-157
-135
-52
-105
-33
-25
-101
-83
-52
-40
-53
35
53
-52
41
17
60
59
-36
-108
-87
-25
-28
55
65
50
48
75
115
-13
47
25
10
64
56
108
140
139
210
262
279
186
131
137
95
58
47
53
231
138
98
154
75
198
135
223
91
258
217
61
117
54
57
131
36
-25
55
79
13
28
102
-19
113
78
41
18
82
81
14
116
38
184
164
112
-26
14
76
-18
-45
-192
-62
-42
8
-37
-13
0
13
85
-18
-179
-138
-63
-90
-66
-31
-114
-20
62
69
-50
-116
-69
0
24
-113
-53
-95
-86
-138
-83
-131
-165
-253
-248
-130
-174
-197
-226
-129
-107
-79
-163
-248
-239
-216
-167
-118
29
-81
-49
-88
-73
-51
-117
-46
-14
70
-70
-93
-82
-12
-4
-19
23
82
48
72
23
-100
-34
-40
-129
-155
-43
-130
-118
-76
-90
-6
-89
-74
-79
-140
-146
-142
12
-67
-31
-15
16
-70
-74
-16
22
66
146
155
36
90
103
148
58
88
128
207
115
122
45
88
79
135
32
6
68
43
79
46
114
97
144
212
319
335
266
239
318
238
341
325
236
246
231
250
395
263
137
35
135
115
128
127
121
109
61
115
52
87
63
56
-80
-97
-72
43
-132
-62
-78
-78
-72
-4
-70
-20
80
-6
-14
-36
99
-27
-64
46
117
42
70
-45
-10
-84
16
14
-67
-63
7
-55
-155
-151
-119
-114
-248
-149
-149
-188
-230
-265
-266
-68
-119
31
15
15
8
25
-56
-113
-131
-195
-134
-200
-66
-70
-110
-142
-218
-222
-149
-93
-62
-97
-160
-260
-225
-205
-174
-161
-186
-199
-253
-239
-224
-290
-150
-213
-244
-251
-283
-341
-217
-227
-198
-175
-112
-57
-70
-79
-176
-30
14
117
30
10
27
2
44
201
116
66
-98
85
114
261
154
83
81
53
279
56
96
59
73
99
145
321
373
289
302
290
293
180
114
156
182
218
294
179
291
362
191
188
80
190
133
118
158
237
248
173
201
164
314
242
407
231
327
312
220
265
291
222
59
126
58
145
108
165
115
155
147
-52
-89
-34
-31
-24
-17
36
-75
-30
31
127
-18
-38
-201
-213
-164
-272
-281
-232
-216
-303
-170
-100
-165
-108
15
-116
-12
-106
-43
-96
-35
-92
-155
-112
-43
-85
-152
-131
-151
-112
-161
-127
-147
-286
-259
-229
-382
-322
-357
-213
-284
-221
-225
-279
-241
-119
39
-9
-113
-165
-101
-131
-245
-224
-200
-68
-95
-210
-146
-115
-2
-154
-105
0
78
7
0
-112
-161
-94
-75
-68
-70
23
-46
13
-33
-155
-92
45
77
-32
-136
-103
-13
41
133
177
128
106
201
188
226
213
103
109
147
149
125
194
188
307
268
290
318
176
226
222
184
209
312
265
174
128
95
96
116
297
253
362
401
385
271
270
302
177
258
335
190
147
592
177
124
743
120
72
335
144
256
51
246
62
61
179
68
195
-13
142
148
-5
76
62
-7
-110
-10
-75
80
116
126
68
84
40
31
97
-407
94
193
-778
434
472
-1889
912
150
-855
-178
179
331
-1540
956
-390
-417
-542
-69
307
-609
-683
540
-188
-1696
1103
-502
-96
-1033
610
84
-1817
1010
-617
-440
-89
-199
303
-886
-8
25
-635
146
-778
228
-441
-1116
573
-507
-135
-379
107
-211
-764
625
-416
-316
-309
315
-385
-403
142
-65
-414
-61
553
-1000
61
0
-516
5
-308
110
-241
-227
207
-46
-142
66
198
119
-2
135
-20
-323
-21
11
-116
-212
85
-158
-200
49
64
-106
275
350
-217
293
595
-278
173
612
56
391
-218
870
-62
-217
792
-61
195
-281
1066
-98
-397
989
-57
203
423
320
474
-149
466
734
-72
491
377
203
-64
290
-21
237
-74
12
639
-679
527
167
-158
218
-47
263
-287
217
192
-287
189
-21
-462
362
-344
50
142
-313
172
-462
192
-212
83
-122
-153
-31
-581
374
-483
35
-31
-561
423
-777
497
-81
-586
536
-122
28
109
310
-104
-31
110
318
-200
23
372
-239
-169
17
-188
-297
-356
158
-248
-492
-272
-257
-586
-217
138
-559
204
-267
93
89
-263
293
-357
-81
79
-625
358
-110
-544
403
-340
-121
151
-155
-73
-31
-215
-266
-193
4
-163
-263
202
-388
-95
17
-207
36
-507
189
-344
-348
339
-459
219
-191
-253
326
-479
-50
15
-299
177
-178
-158
-43
-281
-23
187
-160
145
73
-107
406
-3
69
193
-32
14
381
26
159
153
228
260
-24
242
422
-79
223
777
-171
607
593
183
535
218
563
390
176
656
262
500
342
321
522
-2
521
409
-232
603
168
-144
740
-73
299
571
-281
337
36
-153
462
-217
205
-93
-399
222
-94
-285
50
-57
-538
-84
134
-533
-439
0
-107
-193
105
-32
-316
180
70
-50
205
-264
248
116
-512
655
-304
-390
681
-389
-25
308
-39
114
-181
255
71
-672
512
180
-603
449
147
-525
-77
205
-347
-243
202
-317
-448
82
-160
-354
-14
-42
-612
-163
-1
-552
-76
-115
-272
-340
-281
-104
-460
-134
-138
-411
-53
-151
-177
1
-471
-258
-56
-361
-2
-187
-150
-235
-170
124
-462
-63
-26
-431
136
-277
-79
51
-221
129
-108
-181
213
-65
8
102
-84
192
-71
287
111
-181
337
141
30
419
117
259
278
109
312
242
162
234
287
78
170
258
250
148
255
401
9
233
318
38
213
420
221
178
493
111
178
140
220
76
-82
390
-139
-5
500
-80
109
114
59
144
-20
-104
116
-43
-277
65
-42
-58
-10
160
8
125
159
42
-50
170
46
150
175
39
94
-101
78
-1
26
-25
145
21
-71
3
-28
-111
-147
-17
-161
10
-5
-228
97
-140
-28
-12
17
107
-203
160
-218
-224
272
-349
-138
-4
-669
110
-274
-348
49
-467
-337
-131
-430
-272
-120
-306
-100
-139
-267
9
12
-50
124
-197
-22
-134
-278
-228
-100
-278
-268
-269
-258
-211
-337
-226
-225
-141
-135
-26
-244
-82
20
-351
128
85
-578
267
72
-428
306
-153
-232
117
-92
93
73
-75
153
-14
-17
130
-7
54
-70
78
97
2
358
-16
69
284
142
259
238
301
-3
163
361
68
210
259
-99
467
50
-77
401
68
-72
331
12
-298
223
-174
-53
260
257
112
295
179
241
123
59
198
243
47
-15
476
218
-255
406
663
-599
305
685
-580
375
569
-710
536
605
-674
607
181
-446
632
6
-260
386
-69
-1
277
-23
113
267
-250
-6
501
-156
59
474
10
77
-38
48
230
-246
282
301
-267
30
361
-269
-347
155
-295
-399
31
-64
-266
-96
45
-203
-255
51
39
-98
245
302
-55
87
117
-92
-12
196
-185
-285
76
49
-209
37
159
-358
-256
333
-42
-836
265
313
-1154
260
723
-969
-117
645
-669
-394
249
-242
-419
-142
-211
-343
-416
-123
-150
-481
-77
-245
-489
-300
-111
-321
-216
-208
-396
-308
-158
-162
-131
107
-52
-8
157
-14
124
-152
262
46
-756
393
256
-688
499
427
-673
433
485
-269
148
285
-115
9
16
107
208
47
204
258
212
202
461
410
6
334
372
5
300
225
-32
48
4
125
154
-57
280
218
45
143
-151
25
163
-443
321
493
-495
392
623
-449
190
570
-151
67
45
-153
-40
-136
-197
7
-47
-112
121
122
-130
160
285
-263
4
356
15
-32
126
38
63
100
110
62
52
103
118
-58
-140
-168
71
-167
-486
354
88
-481
383
210
-500
149
6
-329
-54
-36
-96
-56
-34
-47
-74
-65
-85
27
-22
-170
158
60
-262
-137
155
-167
-131
53
-131
-199
-91
-86
-139
-113
-97
-46
-80
-258
-258
-31
-356
-246
101
-288
-198
363
-97
-82
56
-138
-207
-229
-178
-111
-186
-133
-159
-120
-50
-176
-4
-157
-100
-37
30
-240
-31
56
-104
-42
-105
-28
-29
-61
83
-4
25
-39
-101
2
-157
41
79
-89
63
171
82
214
429
205
195
313
225
185
98
148
-4
113
34
-23
-109
15
-84
13
-72
16
13
-43
52
-22
224
43
159
-4
27
-94
-65
63
106
-44
12
33
62
105
83
95
-33
-25
120
39
10
254
96
87
72
149
138
86
159
100
-47
58
39
136
132
143
144
313
265
303
369
304
275
147
169
172
228
206
198
120
143
-35
2
1
62
16
-35
-154
-1
-153
-91
84
-69
-19
12
-31
15
183
73
-24
-220
-70
-298
-262
-171
