-515
769
-122
341
-635
-121
140
406
-390
-238
978
-903
395
-122
-199
175
4
-139
170
533
-282
-338
345
-144
231
-346
-416
638
-216
-239
49
277
-69
7
107
13
-109
51
-241
-322
817
-788
-866
731
345
-487
416
194
-10
226
-144
56
329
-382
-643
700
-218
-212
87
81
52
102
-422
159
-247
-231
-625
-120
-186
-466
642
-409
-48
292
461
-855
686
318
-389
50
368
254
162
375
-351
779
159
-160
14
204
-446
8
-50
-770
149
72
-336
-36
66
-233
270
-259
-10
150
230
-372
-316
965
-532
-631
832
-46
-776
415
123
-100
323
19
-244
528
-36
-334
678
-108
-155
313
-65
-180
325
319
-209
478
166
-129
208
-288
206
226
268
-240
160
896
-1064
-90
785
-517
-110
368
-106
-311
501
-322
-186
416
-470
-196
444
-353
-280
185
-487
-114
462
-11
119
498
-10
182
312
14
116
570
-235
-154
1022
-132
-735
884
213
-626
729
177
-91
517
543
-266
737
447
-781
540
-17
-622
57
71
-491
417
-320
-187
13
-48
-31
-131
197
-471
310
149
-401
-42
835
-1009
-218
716
-535
-491
186
153
-665
526
-440
-342
143
-502
-596
79
-243
-613
53
-748
-272
28
-185
-223
-229
39
-17
234
-22
-184
407
-220
-325
652
-12
-1078
739
168
-728
522
100
-125
87
329
-178
251
75
-422
62
139
-402
197
-14
-483
102
-71
-182
-331
-106
-178
-160
-67
-174
-10
-72
-606
70
314
-705
-87
567
-513
-314
687
-175
87
535
-184
94
425
27
145
334
-70
326
350
-143
128
252
32
49
210
134
90
100
6
-43
444
-105
-198
826
-96
-411
453
207
-517
573
316
50
668
126
116
520
217
-345
379
34
-201
170
177
-255
141
380
-146
99
160
80
122
163
-15
118
283
-152
429
958
-366
-453
709
-78
-466
633
13
-168
392
-126
-104
-83
-124
-508
10
-468
-662
383
-218
23
-111
62
-94
177
304
-210
-174
-118
-229
75
-72
-750
269
209
-741
-96
408
-818
-509
-5
-370
-118
392
-538
-435
106
-463
8
-53
-411
-362
-55
-172
-370
-52
-313
-402
90
-304
-127
-24
40
-156
83
-163
-682
124
108
-771
-208
343
-774
-249
90
-385
-29
131
-376
-312
-176
-305
-234
-234
-367
-134
25
-235
-402
-30
-294
-433
-84
-105
136
128
330
-142
355
-80
-152
691
186
-423
520
434
-96
427
356
91
313
780
-230
268
347
169
149
196
48
325
459
142
359
479
298
269
436
118
161
321
-28
99
526
-267
79
325
-83
-407
355
271
-154
412
194
-52
404
633
-24
393
424
124
136
226
-79
256
213
244
406
350
400
-24
149
134
640
-6
471
-42
557
-545
-621
1576
-551
412
-47
-19
8
-332
879
-320
732
-101
-124
186
-433
417
-213
249
316
-152
-12
152
80
-119
45
-42
-561
-77
-403
-109
-242
-175
-180
-596
-216
-302
-465
-422
-79
-458
-602
-389
-219
-607
-293
-306
-584
-606
-564
-226
-578
-343
-163
-215
-116
-238
-214
-383
-348
-278
-58
20
40
-185
22
-106
-153
-67
-6
-47
-204
49
-192
-284
-204
22
-78
-182
54
30
-32
83
-36
-85
-58
-8
-221
-151
-77
125
-82
-48
-140
-197
-148
26
63
92
118
-54
-11
-148
159
-135
161
134
111
144
437
395
269
410
516
269
268
428
270
212
134
107
-145
31
137
-20
107
251
123
246
113
314
100
371
254
184
141
132
79
69
275
143
98
71
457
362
405
292
489
185
182
259
110
147
-6
132
46
-23
97
68
-120
63
81
229
-127
59
-28
-122
135
49
248
25
129
-157
101
-42
-10
-305
-255
-200
-257
63
-80
230
-151
-8
-43
-28
-48
-105
-22
-38
-27
-157
-141
-344
-178
-232
-261
-201
-424
-311
-251
-202
-146
-124
-162
-204
-299
-247
-206
-189
-50
-120
-189
-73
-213
14
16
-11
-173
-167
-111
-11
99
-165
58
-284
9
-295
43
-37
-73
229
-114
177
-110
99
-168
-46
87
-33
-141
-140
-323
-237
-129
-193
-93
-209
1
-351
46
-167
-141
73
-109
95
-117
-70
-176
62
37
39
227
56
192
72
298
170
120
260
-92
141
-5
172
14
73
-24
-36
108
-99
102
-36
170
122
287
82
-26
65
208
82
132
99
114
139
70
240
5
208
74
174
40
-11
201
218
90
55
157
175
193
290
143
141
121
143
124
245
111
157
4
-48
40
81
265
104
324
109
63
-100
146
48
172
82
-188
-222
-210
50
174
100
-24
-180
-147
-18
249
-18
-160
-274
-522
-197
-224
-27
-238
-18
-208
-151
-72
-251
-270
-214
29
-281
-252
-349
-379
-109
-45
117
-238
-25
-26
-116
182
-62
235
-51
9
-157
16
25
67
94
-274
-71
-208
210
21
229
38
29
-56
-35
30
65
263
-3
97
-202
98
-262
-211
-297
-449
-278
-360
-320
-149
-140
-262
1
-92
-161
-163
-83
-209
-23
45
29
98
108
163
196
180
129
233
233
230
133
171
264
401
352
94
236
238
208
91
26
90
-3
77
10
50
-57
-152
-32
-51
-51
17
-176
-140
2
-176
-66
-159
67
-195
70
-35
-66
46
-340
165
-78
165
-110
191
62
183
199
194
516
196
485
331
376
366
366
169
135
-56
12
-39
-1
-3
-147
-218
-169
-228
-52
-13
-213
-124
-229
-58
-186
30
-109
-116
-149
-239
-122
-31
163
130
118
106
-39
178
141
127
182
-92
48
-84
-114
-184
-28
-65
-70
-211
6
-6
-16
-41
148
57
-5
-7
-85
33
-133
-6
-5
199
-89
-20
-188
11
-75
-50
-97
197
0
-129
75
-113
-69
-7
200
43
160
131
193
-122
30
-100
6
16
61
-2
-31
40
-183
35
89
-7
-126
-57
-50
34
-137
127
57
-44
-65
178
-86
-41
-80
-86
-11
8
99
42
193
50
134
-160
139
196
428
96
247
149
207
169
190
289
53
37
86
127
-303
-41
-170
-18
-34
-72
-158
-218
-35
45
70
-9
50
-111
-123
-86
-146
-101
-105
210
-31
-4
64
35
-117
101
47
78
71
105
171
-45
50
-15
228
-16
32
-145
30
-10
166
-30
-13
-128
-97
115
114
197
119
240
141
144
-74
20
7
-52
53
182
-110
284
13
-3
-26
-186
67
-181
-156
-13
97
28
84
4
172
106
111
102
-40
89
-227
-154
-86
-320
-92
136
-15
-128
-226
-101
-4
-456
-172
181
-512
-141
157
-159
181
-98
199
-164
50
346
-154
-202
-96
-210
-18
63
-42
-52
-97
78
-257
179
36
-198
167
92
-210
9
-96
212
-222
-290
-10
-104
-261
-274
80
-311
-83
-162
-42
-456
-104
-7
-217
-176
-348
-1
-127
30
-2
-79
-87
192
78
-43
92
-29
-98
318
149
-61
86
114
145
-454
16
392
-8
51
399
259
88
292
371
224
147
373
192
179
549
147
183
314
231
55
44
325
-220
113
352
-138
11
360
234
-221
-62
309
333
-312
-162
431
98
-351
240
450
-130
235
123
164
-24
250
15
-36
208
-69
125
-8
34
9
-17
51
-235
-93
187
-8
-128
95
443
-209
-225
-227
307
-236
-848
303
227
-554
-244
214
18
-364
252
12
-407
107
-162
-147
-102
-125
-153
-80
-96
-30
-663
-189
-214
-440
-192
-84
-451
-399
163
-220
-348
-413
-199
283
-529
-672
664
-156
-831
-72
296
-205
-333
224
-238
-456
301
-211
-230
54
-46
-167
-141
-133
-195
-189
94
-226
-373
303
110
-240
91
211
-68
-117
-164
409
242
-739
-161
912
-423
-396
372
409
-158
-14
630
-374
298
385
-281
372
436
403
107
169
309
-88
116
268
-206
170
559
27
-47
225
235
-122
61
-38
419
-36
-884
542
574
-718
127
209
178
-105
161
45
-361
551
-31
-181
154
132
-199
-44
195
102
-81
661
114
19
477
195
-13
96
493
213
44
-21
115
597
-339
-523
1102
4
-365
440
319
-115
-255
10
-277
-305
218
-297
-179
134
-59
132
-268
79
-278
27
169
-345
-123
64
100
-273
-64
437
117
-128
-228
152
719
-464
-309
1187
2
-612
517
21
-13
-145
-100
-409
-215
-87
-285
-269
78
-164
-223
-75
-111
-251
-707
163
-363
-344
31
51
-401
-200
-1
125
-389
-365
-261
185
-810
-1327
616
-265
-993
-180
-210
-403
-11
277
-272
115
471
-236
114
132
647
252
-95
125
-320
-228
224
-600
-96
364
-118
-238
402
253
-94
51
-447
351
441
-693
-283
862
-260
41
282
-72
-151
-269
20
-442
35
-171
-389
-348
-393
-200
-179
-75
-377
258
-231
10
-93
-105
665
229
-124
345
589
-79
34
-130
865
1047
-483
254
1687
-387
-180
985
64
607
350
344
-87
452
610
-129
370
309
165
-99
-129
274
225
-284
332
-466
-34
464
-93
90
10
378
-434
-143
-47
610
207
-1181
363
564
-573
-141
285
-159
216
-72
-342
241
254
-62
-44
222
-232
47
-41
-337
259
-155
-101
209
-485
226
138
-341
-60
307
-34
-14
-15
-315
677
-48
-502
524
1013
-203
72
299
-130
269
-186
-408
-9
55
-263
-189
-408
-25
-63
-361
-297
160
-308
-514
172
-485
-276
195
-347
-326
314
-167
-10
-421
-292
488
-304
-624
446
340
-838
428
-98
-263
-16
-409
-438
-84
-18
-240
21
-223
-14
55
-220
19
387
-342
170
143
-392
64
235
-504
-34
9
-201
-86
-591
-125
389
-681
-533
530
-388
-411
188
-252
53
30
-379
105
-17
89
-8
262
-78
282
-3
-216
142
-44
-120
284
178
35
760
147
136
376
279
202
268
-237
528
518
-820
389
611
-449
198
212
62
484
107
-307
58
-44
-206
251
100
286
334
68
256
623
382
-33
468
210
171
365
55
171
278
55
221
296
-374
628
501
-677
338
620
-389
235
206
-91
504
35
-107
369
284
61
158
-73
43
227
-51
-274
129
-170
-35
195
-254
-149
19
-191
-110
-22
-152
1
-296
-270
569
180
-995
755
88
-621
498
-201
-35
35
-512
-540
-72
-450
-200
-268
-383
13
44
-223
154
253
-289
35
-43
-101
-139
71
-134
-22
48
-33
49
-373
-168
920
-109
-796
796
10
-221
287
-116
-3
89
-495
-261
-40
-404
26
-100
-372
-204
-42
-157
17
94
-317
280
298
9
237
49
98
182
53
14
-57
-484
129
530
-626
-438
704
-576
-299
468
-417
408
-179
-509
94
-25
-89
-135
-252
-294
115
-51
-59
49
-17
64
79
-2
357
362
126
414
350
77
409
72
-253
468
551
-666
176
892
-228
240
301
162
406
130
-212
288
-21
-200
137
-132
-130
10
-172
55
-23
-120
399
-46
114
513
210
-201
-32
86
-160
190
98
-253
441
478
-535
10
527
-251
318
-234
-219
357
-432
-253
-59
-134
-137
133
-345
10
117
17
-149
66
147
75
125
26
384
-30
217
48
73
97
44
-354
11
288
-488
-291
240
-192
-245
161
-530
-23
-135
-347
304
-251
-78
-193
-258
-143
55
-36
-118
188
-214
-22
17
-85
2
168
-356
-59
-85
-165
59
-24
-342
-179
274
-121
-450
147
186
-168
307
-302
-37
78
-296
-208
-34
-110
117
-157
-260
-52
6
-57
-80
18
-40
133
-98
317
-178
-304
284
109
104
157
-166
-236
413
463
-380
230
387
-115
365
-141
-162
24
-348
-121
-139
-339
-184
-172
-423
-114
-36
-101
168
-76
-43
65
-59
-78
209
-184
-75
166
-71
45
89
-169
-10
755
57
-59
341
177
174
405
-135
88
372
-291
134
-201
-93
101
81
-70
-38
-147
-62
87
-28
158
-33
112
68
154
84
235
162
213
78
308
8
-148
359
-80
-444
107
32
-233
255
-246
135
31
-133
22
47
-60
4
81
-154
167
-90
-5
-196
-91
164
100
28
-17
143
-79
23
14
-99
101
-63
-199
255
467
-245
-70
213
-256
276
-40
67
312
-81
-173
232
-106
-41
-59
-130
-135
-218
6
-457
-330
-366
-166
-158
-75
-173
-153
-98
71
-63
48
-62
-23
-281
132
-38
-473
46
74
-97
108
264
-7
231
10
144
54
244
201
210
67
300
66
123
259
224
211
138
117
273
375
435
313
-10
487
10
250
-179
-255
155
178
-377
8
107
-69
97
-288
-16
-114
-156
-233
108
-95
162
-109
93
221
103
326
109
130
212
133
156
252
9
273
-38
19
81
-184
39
-344
-266
291
-241
-167
6
-28
-32
-26
-131
-39
221
-263
112
-161
-205
19
-187
-4
-221
-103
-15
-125
-35
154
80
-68
-88
25
239
-52
23
162
8
111
-213
-369
39
129
-423
-67
-263
-49
-54
-495
-163
-311
-296
-370
-177
-294
68
-378
-163
-153
-69
69
-134
16
-129
84
-327
173
-111
163
-198
-42
6
-49
126
-438
-59
572
196
-153
75
-85
396
-91
43
-133
-45
-246
30
-179
64
-145
-274
-99
-276
16
-193
-84
