-231
-256
-224
-391
-253
-331
-131
210
92
-61
-381
-282
-260
188
332
496
218
80
-93
65
-203
-119
-82
47
-17
-105
-132
41
35
-50
-65
10
211
-50
80
-194
131
55
220
199
102
316
154
97
190
93
243
367
259
351
451
557
401
423
319
200
362
334
365
375
443
619
387
716
773
929
620
588
512
342
374
206
348
185
333
215
243
96
197
26
167
-8
121
107
55
-35
-186
125
34
53
-277
-15
40
178
89
269
-157
-136
-185
-169
-94
-221
232
-154
-199
-379
-111
-238
-334
-341
-261
-184
-46
-135
-133
-104
-304
-251
-322
-205
-361
-240
-228
-139
-69
67
-125
-21
-361
-320
-397
-468
-253
-228
-108
-305
-187
-506
-521
-706
-863
-850
-421
-203
-105
-296
-342
-542
-329
-167
-275
-196
-194
-135
-296
-181
-225
86
-116
-105
-148
-242
-114
-49
-69
186
117
21
156
56
286
188
263
220
170
324
203
339
146
211
163
97
260
288
344
244
385
339
343
74
226
-14
130
75
-19
162
202
104
-207
-135
-72
165
123
-163
-248
-183
-204
207
146
271
182
122
90
158
228
116
76
99
387
252
256
203
31
111
205
263
325
622
112
195
280
365
437
-72
22
113
223
207
216
4
406
78
146
44
217
142
28
13
-171
198
53
27
-189
-193
-251
-318
-265
-193
-354
-434
-647
-406
-249
-101
-312
-316
-235
-181
-89
-78
24
51
189
207
155
119
104
215
104
-49
288
72
293
45
11
105
-162
-117
-256
-257
-25
49
-120
-195
-254
-180
-153
-142
-162
-266
-75
-168
148
162
-49
-45
-193
-33
-151
-170
-97
-45
-124
-168
-350
-265
-269
-414
-396
-218
54
-26
-394
-186
97
183
2
53
-42
39
154
129
96
151
181
74
-7
-100
-1
150
351
135
376
10
132
56
99
201
31
214
96
-71
-58
55
-132
-68
282
104
196
-96
-147
106
77
243
-83
182
44
114
-51
-138
-71
79
129
93
244
182
83
-102
60
-143
176
4
484
467
200
474
183
266
-4
66
-333
-109
28
12
5
-86
209
-10
11
-187
-194
-50
-74
-112
-83
-38
-311
-148
-344
-158
-188
-300
-557
-246
-355
-279
204
-306
134
-344
193
40
-175
-149
-181
181
-40
-88
-75
-6
202
111
173
116
-121
-20
-33
248
152
85
-206
131
48
355
196
-47
134
-6
-87
-48
-63
-24
-157
-194
166
150
311
128
135
-80
6
-6
308
83
23
-264
-191
19
96
75
-186
-93
2
405
71
-47
-494
-151
-183
-58
-52
-7
-38
-65
179
-69
-34
-59
279
69
437
416
423
350
131
171
259
220
163
419
253
276
-117
-38
199
212
-29
-88
10
168
156
-157
-248
-397
-172
-212
-226
-24
-24
75
-14
-97
-258
-264
-249
-185
38
-7
-13
-297
-307
-276
58
184
125
193
-180
-243
-117
105
103
137
38
-62
-159
-69
-40
-136
129
108
421
227
242
14
-17
213
202
312
44
361
-20
-48
-322
-66
-173
-279
-125
-424
134
-179
-171
-481
-147
44
150
-7
-226
-208
-157
-120
-292
-106
-140
44
60
122
-26
102
49
45
84
-146
42
234
-42
-122
-6
235
-5
-152
-394
-14
-162
-187
-211
-177
306
0
-216
-106
201
222
58
-237
-263
-546
-23
35
340
86
115
33
26
-102
-196
85
-85
-16
-387
-199
-342
-236
-466
-188
-322
-221
-73
-168
72
-136
-265
-168
228
195
346
-55
-69
37
350
584
448
304
367
247
296
445
290
338
410
498
267
81
86
335
101
556
160
49
-35
-129
10
53
-117
-300
-123
65
320
-115
-248
-416
-128
65
121
-71
-70
78
230
178
-34
13
130
-294
-184
71
89
223
86
110
-225
231
54
-54
96
-37
180
85
-15
-196
-67
-210
-16
-39
32
-330
-423
-378
-506
-487
-166
119
4
-5
-339
-133
-318
-348
-485
-170
-67
40
-86
-77
-142
147
125
64
-103
-243
75
-166
-160
-279
45
-200
22
-127
-58
-188
-200
81
87
115
240
319
192
-132
-32
183
785
381
3
311
179
645
448
571
201
343
370
377
287
234
103
95
82
170
66
24
-243
-442
-33
87
339
-277
-420
-122
94
188
-32
-77
34
42
-61
-243
-154
135
388
474
273
-129
-22
-279
-13
319
426
354
99
-72
140
132
-92
-183
-43
213
294
-70
-222
-284
-222
-95
-434
-196
-471
-224
-387
-355
-515
-307
-343
-252
-484
-695
-385
-263
-318
-434
-333
-275
-299
-600
-402
-420
-267
-530
-285
-381
-318
-201
-260
89
201
121
-96
-431
-277
-333
127
-29
266
200
75
267
-6
389
224
335
430
728
633
739
283
535
599
669
498
64
175
101
171
40
390
308
-55
279
17
86
-74
-220
-108
4
244
83
-32
-70
254
497
412
257
166
120
241
129
287
173
84
4
122
71
256
137
97
-27
-24
119
203
75
83
-40
-28
135
256
46
-8
111
-64
249
2
275
16
139
140
65
180
-174
-206
-64
275
264
50
-112
-302
130
-149
-189
-408
-364
-60
-124
-130
-311
-138
-2
234
-77
-131
-9
180
-135
-26
-63
-10
93
-310
-179
-198
232
-162
-20
-268
2
69
-253
-108
-276
-104
-356
-296
-219
84
-188
-3
-252
-193
-162
-97
-243
-351
-510
-107
-137
-67
-213
-477
-171
-161
-79
-469
49
-113
329
178
41
-243
-99
-19
-38
55
95
79
144
-72
9
-112
-46
124
-299
306
-56
105
-355
-244
-218
-41
118
5
3
-32
-11
-10
-125
-283
192
153
227
-160
-197
-203
221
-15
-193
-191
-94
97
-18
-108
-187
37
-140
-41
56
60
65
-45
-127
137
124
222
-155
275
423
683
314
160
348
-12
543
80
421
454
469
305
248
175
157
341
507
444
364
409
287
473
416
416
53
-3
-137
166
15
61
-56
87
-19
-20
10
-93
37
-194
-27
-186
131
-22
40
-164
27
-83
311
202
56
168
203
268
249
307
16
-206
-352
-77
-293
59
-468
-228
-152
-184
-226
-420
-555
-533
-479
-175
-338
-538
-320
-82
-88
-356
-266
-521
-126
-319
-57
-231
-344
-160
2
21
274
271
-38
-24
-102
-122
-233
-309
-250
-208
-97
-227
-180
-247
-164
170
54
108
127
86
-147
99
20
257
-51
54
-89
26
166
157
397
148
75
-95
89
64
84
60
103
84
167
-198
65
104
25
-15
-116
70
158
-109
80
114
109
183
-3
92
-114
13
61
166
-57
137
-120
-336
-19
231
364
383
181
254
527
238
206
138
276
170
253
356
259
176
228
133
78
-115
-205
-86
41
239
88
20
-491
-445
-483
-226
-505
-287
-374
-324
-127
-293
162
-102
-131
-96
59
202
5
-250
-244
-299
15
-140
80
-9
92
-38
-163
-165
-377
-344
-238
-398
-194
92
168
184
-111
-43
-25
68
44
131
-21
189
-58
-21
-148
274
205
101
-133
-40
233
242
428
97
386
-9
-53
-253
-26
22
220
-51
-93
-63
107
307
111
-127
-104
176
55
42
-244
138
-51
304
55
118
149
-87
-81
-21
66
-77
-106
-112
78
38
-28
-220
63
9
139
-26
-136
-254
75
385
323
-152
-381
-72
-146
-110
-312
-165
-184
-278
-329
-209
-143
-34
-4
-38
51
152
182
-57
-232
72
219
301
461
205
270
190
326
322
357
531
361
167
-8
-68
83
149
18
-95
-97
54
132
117
-311
-188
-8
171
174
-272
195
284
325
312
162
-66
-357
-218
-305
-111
-19
5
-168
-32
-11
17
-1
40
77
152
195
-50
-24
-129
124
325
480
215
138
-167
92
363
274
283
321
384
39
184
-12
-72
-236
-255
-208
-209
-252
-311
-14
32
-121
-68
-140
-196
-146
-163
72
53
-231
-644
-570
-234
-291
-343
-411
-195
-59
109
-113
-196
-173
-590
-88
-207
-139
-373
-514
-268
-70
-18
-124
23
171
328
43
183
114
-59
-147
-15
-110
-14
-217
-108
160
268
138
-151
-69
-31
-229
-322
-75
29
80
-151
26
35
242
-138
-96
194
29
-115
-552
-56
182
394
300
108
40
68
-87
5
-49
61
180
-168
-91
-324
284
296
341
-15
243
311
199
150
36
256
212
465
210
356
-85
270
457
193
-34
121
135
97
-169
-145
-180
51
199
-36
308
56
-55
-277
-85
-43
-69
-194
198
159
459
454
468
442
120
-36
-16
2
-273
-498
-378
155
120
-59
-188
350
535
520
4
-115
-18
-19
57
408
502
428
179
419
376
7
-17
134
466
62
-127
-113
354
517
90
-142
150
79
-232
-397
-241
-526
-917
-705
-46
43
-454
-797
-422
-158
-51
-292
-357
46
27
-7
-298
-123
-100
11
-213
10
-151
49
-217
-267
-9
-103
-188
-445
90
-9
346
-28
151
26
-118
90
74
323
118
-39
-132
-223
-401
-263
-378
-161
-342
-275
-471
-551
-393
-891
-865
-886
-776
-210
-318
-423
-384
-115
209
56
142
-245
64
-256
-103
-310
68
-23
-15
-119
-78
257
-141
30
-334
75
-267
298
-24
18
-3
241
237
43
-121
33
904
696
134
159
274
375
483
419
538
362
374
390
552
197
512
168
477
71
334
369
378
278
-137
476
63
421
241
477
341
225
88
337
570
263
348
17
320
314
-84
-17
142
56
3
98
230
610
200
66
-12
-57
28
-175
183
58
269
-121
-369
-220
-243
-13
-122
-230
-168
31
19
-63
-371
26
128
31
-161
-662
-417
-241
-643
-683
158
2
54
-3
-8
316
-303
-209
-71
-2
-112
-253
-173
-253
-202
-367
-293
-145
-27
-106
-338
-292
-212
-87
-62
-196
-119
-19
136
-61
-77
-174
-357
51
-288
-822
-405
-320
-199
-286
-121
356
-654
-56
67
306
125
174
19
-86
259
-182
436
-15
228
282
470
33
185
-112
-242
69
286
749
162
495
129
177
560
509
270
-296
-524
205
205
-247
-128
-243
325
24
-78
144
202
-1
-417
-287
-154
141
-21
-9
-159
285
135
79
-41
-67
34
-238
71
31
333
349
315
328
178
-80
301
418
31
-299
118
-15
110
69
119
373
248
317
546
744
355
404
219
409
-227
127
235
238
365
95
356
544
119
-156
108
0
-191
-159
68
-19
-67
-486
-561
-347
328
-277
-232
99
-360
-103
-457
-30
168
-69
-130
115
-89
-142
-223
-281
-10
-549
-160
-15
48
-8
80
26
82
-62
-186
150
0
-136
-89
-171
-436
-160
-63
-451
-280
177
-664
-634
-439
-440
-216
-292
-198
-13
-574
-407
-57
-471
-305
-439
-254
-236
-372
-276
373
-86
29
-164
62
346
-154
545
309
457
-9
167
359
437
239
557
602
249
902
433
171
719
111
1
14
1
692
291
436
433
148
-84
49
-172
160
-127
-270
125
77
56
-15
-252
282
375
86
263
239
-26
-321
-125
44
-33
-40
405
-188
50
305
114
254
518
204
515
0
358
638
173
114
-200
-528
-714
-323
-205
145
-81
294
95
-110
-61
198
164
142
3
140
209
-327
-408
-398
-828
-641
-936
-554
-82
-586
-373
-840
-513
-106
185
-102
-671
-570
-397
-464
-107
-256
-491
-647
-493
-220
-77
-27
-300
-61
-25
36
-32
6
217
265
-128
-96
46
492
423
180
431
133
174
517
1021
257
213
163
-305
190
475
484
-468
-541
-51
373
-209
-181
-69
-30
-236
-525
194
209
327
-46
233
-48
25
66
259
383
55
204
-8
-53
-72
-123
49
159
311
669
550
-2
13
296
215
276
265
596
94
-76
-123
-282
-424
97
18
250
80
-51
181
78
142
-486
-41
-65
12
201
-48
-216
-205
-330
-381
-477
-74
141
-211
-119
111
185
444
-280
-30
137
-19
-257
-172
54
22
-20
-261
-139
-237
191
183
-44
-343
-288
-374
445
-90
-10
-129
34
-100
-49
366
306
349
-226
194
212
399
38
-135
-517
-112
-370
25
-242
-235
103
-219
-342
-254
-252
-422
-235
-162
362
-247
-311
-135
90
-2
144
191
31
-45
-20
283
81
-389
-794
-48
379
326
364
138
8
-484
-252
-135
45
-196
-290
-184
-57
-130
-271
296
12
-561
-613
179
559
559
157
297
88
-3
500
573
62
-274
-482
104
490
569
954
147
-97
-160
745
1003
406
-406
-448
-220
278
136
90
387
624
442
30
456
-24
352
395
173
-141
188
-74
70
-39
353
258
-189
-9
398
584
126
-542
-767
261
113
-51
-800
-520
-445
-622
-543
-566
-586
-367
-484
-547
-500
93
234
165
-12
334
574
225
-62
-523
8
-543
-699
-97
309
-103
-274
-628
469
-12
-204
264
-465
-524
-871
22
679
614
85
-419
-738
-624
-133
39
315
-163
-132
-175
-42
84
-61
40
-157
308
191
203
-92
71
-391
-36
-427
-608
-405
541
473
36
-193
-254
604
266
645
-179
-10
2
188
287
606
-113
480
656
501
278
101
169
-91
25
38
457
650
1129
630
430
-52
103
87
287
