-12
103
342
63
-36
198
-20
-351
143
192
-67
-201
52
-328
193
140
-640
124
138
-336
196
309
-298
278
32
-106
387
-326
187
323
-157
-18
288
147
-323
459
-367
-588
-28
-503
-211
-46
-423
-594
-160
-52
-430
-47
51
-282
69
-6
-172
214
35
-309
358
128
-406
389
40
-436
106
-20
-204
46
-287
-530
102
57
-16
-72
118
-452
102
235
-499
167
-181
-113
347
-31
-227
323
-31
57
9
-1
160
76
42
-244
399
116
106
528
-76
-61
411
167
201
348
337
124
140
112
-241
619
101
-114
46
28
-11
-5
86
-124
70
-265
-229
-75
-435
-522
-232
-136
-105
-468
-127
-144
-55
-58
-131
-218
98
-316
-165
245
-543
-24
-91
-133
-33
-55
46
105
260
307
51
427
6
170
767
33
318
310
118
223
67
-39
380
355
-7
140
234
4
35
243
-104
151
-71
239
221
176
301
173
198
382
314
62
269
311
230
-12
185
-180
16
-136
6
-149
-221
-329
-198
-131
-79
-249
-145
-334
-273
280
-183
279
-91
86
-210
55
-153
-81
1
-17
-261
-358
133
-53
-15
-29
-236
-287
11
-74
215
26
14
-169
152
-267
-135
29
-129
-298
37
-70
-454
-92
-143
43
-149
-220
-382
-439
-191
-115
-348
0
-479
-85
-147
-292
-207
-121
-250
-261
-14
-408
63
-124
-320
-116
131
32
-6
200
-23
93
415
113
51
180
-138
278
247
-201
213
301
-234
-354
518
-176
-322
232
10
-272
188
178
5
156
-175
-9
132
-165
-204
-134
-371
-203
-29
26
2
88
-224
286
133
364
198
198
324
265
774
-8
182
111
436
528
305
182
-119
185
99
65
-35
55
-156
44
65
-186
240
93
27
208
51
56
131
66
376
316
216
64
47
297
101
261
382
149
93
310
277
178
277
182
72
123
274
179
150
83
22
10
-50
82
-105
99
136
-104
-186
42
78
-41
150
-83
3
-265
-172
-119
-205
66
-132
-29
67
-17
-6
-48
-35
12
-48
47
108
-202
-27
-382
-137
-225
-228
-185
-526
-176
-247
-286
-485
-186
-507
-62
-124
-281
-355
-237
-119
12
-74
-290
29
-134
-65
-197
-144
-253
-144
-176
-294
-384
-182
-134
-246
-414
-238
-94
-257
-132
-55
-225
-180
-137
-13
-138
-131
-35
-70
-157
-82
-5
-224
-247
-354
-139
-189
-142
-223
-218
-78
-68
-38
14
-86
63
96
178
180
122
155
129
270
237
266
264
104
226
246
273
282
296
376
312
334
183
222
11
232
203
411
383
151
220
271
287
300
322
192
290
225
194
210
195
22
92
201
265
-54
218
116
53
197
92
236
-21
-100
-157
115
212
-41
-105
-43
13
110
172
111
-20
117
-5
84
-8
-111
-118
-84
161
4
193
35
-29
-134
-340
-256
-158
-36
-245
-255
-165
-231
-137
-174
-72
-74
-97
-91
-11
-64
-98
6
-148
-50
-50
-155
-5
-143
115
108
111
134
30
49
-320
-20
-179
-174
-182
-149
-221
-71
-23
-85
16
-115
-39
-140
-83
-66
-75
-102
-94
-240
-96
-56
-281
-255
-100
-108
0
55
-163
-17
-88
-44
67
-82
-45
-90
-128
-116
3
-112
-153
-36
-174
-98
-80
-174
-56
-152
-240
-31
-117
-229
21
-211
11
119
353
121
196
105
69
282
-48
336
23
99
165
234
114
203
220
189
201
262
367
423
338
385
434
353
323
250
273
240
263
267
412
381
422
432
247
166
106
80
285
235
233
18
187
161
162
-62
9
70
156
240
-130
155
83
72
-25
-45
115
134
134
254
96
132
368
5
19
-54
-10
144
43
182
20
149
-71
-123
-169
81
86
60
-71
-394
-65
-265
-267
-178
-275
-306
-113
-90
49
-222
-188
-316
-385
-72
-306
-267
-266
-342
-293
-325
-393
-233
-374
-428
-379
-282
-120
-320
-269
-452
-153
-240
-250
-80
-191
-24
-193
-143
-171
-166
-92
140
-144
62
-138
-98
98
55
14
-104
-51
-151
118
-37
-32
-52
9
-88
-40
61
45
-48
48
-74
-34
-93
-104
88
-168
127
-91
-81
88
-17
-67
-186
-50
-57
-43
-30
-44
168
-46
195
158
-29
167
57
158
93
121
53
170
160
210
153
137
201
300
22
-350
624
266
-838
574
383
-413
202
19
32
423
-51
-464
843
-13
-504
229
395
133
-6
71
43
601
-84
-114
324
349
95
128
222
174
253
7
44
108
205
-4
70
236
174
73
126
209
242
146
-126
-23
24
-82
77
80
-41
47
-105
61
18
33
36
179
-29
77
22
-25
201
-275
-684
1006
410
-1772
1227
455
-1203
280
82
-690
371
-418
-922
1338
-332
-1077
497
31
-376
-176
-338
-7
133
-529
-453
513
10
-484
-133
474
-151
-352
-12
130
32
-344
75
82
7
-475
-287
261
-231
-429
177
-94
-201
-345
-161
-5
-235
-427
-161
-90
-295
-210
-43
18
-63
-22
-159
156
356
93
-458
390
1306
-1282
-535
2170
-1083
-973
1191
-299
-353
335
-856
547
737
-1500
595
1203
-943
175
679
-161
314
103
204
738
329
-34
693
392
-99
65
396
73
-87
-7
138
178
-84
-61
5
242
35
-135
303
349
-157
209
-75
52
80
-37
231
321
134
11
295
9
-7
159
33
-18
250
188
-330
-488
824
-326
-1524
1239
102
-1759
658
207
-707
101
-385
-275
703
-865
-554
891
-726
-617
375
-104
-440
61
-221
46
94
-715
-145
284
-257
-251
149
108
-165
53
-86
-21
-174
-148
-34
53
219
-246
22
117
-139
-143
-90
-179
-157
116
22
-63
100
84
132
-23
-93
93
40
-40
227
-273
-362
751
-140
-1361
1153
198
-1570
653
128
-783
187
88
-427
427
-824
-361
681
-883
-413
349
-409
-552
241
-283
35
53
-451
304
175
-476
-128
345
-125
-123
57
144
-30
-55
-102
128
-16
-99
366
43
72
-158
203
286
-79
-138
206
-136
-69
95
132
197
-89
168
176
148
92
67
-443
520
292
-915
617
1044
-1301
-6
866
-222
12
20
36
533
-98
-239
1053
-29
-454
363
479
-139
49
11
281
-11
-448
-153
320
-322
-438
306
349
-279
-358
361
-29
-222
-121
587
261
152
124
308
522
-76
-78
776
-235
-144
336
-245
201
-102
-225
186
39
-333
80
-27
-233
-386
-507
278
220
-1172
382
807
-1243
-44
637
-295
65
-79
187
754
-418
-190
1113
-393
-350
672
-8
-22
1
-85
329
5
-301
332
107
-214
38
442
115
-160
39
205
391
97
-106
400
221
-29
301
424
-2
-239
80
371
129
-198
305
96
-196
35
-35
-23
-182
-193
-98
-122
-279
-210
-397
143
578
-637
123
1252
-1064
-339
903
-786
-14
-60
-205
299
-127
-583
579
-266
-642
301
-94
-27
-392
20
47
152
-96
121
222
-18
-16
-207
439
174
-129
243
148
-69
-351
48
74
-184
-123
95
16
-284
-373
147
-25
-480
68
-43
-230
-394
-251
-80
-149
-181
-8
-166
-161
110
-89
-134
643
-342
-768
1416
-332
-950
1325
-184
-297
386
-440
109
675
-887
390
942
-964
195
238
50
95
51
256
696
-239
134
841
74
-165
226
612
119
82
247
415
61
-307
122
348
-237
-24
106
38
-140
-137
126
308
-43
-62
495
-26
-146
287
336
-182
-106
129
-56
-122
-58
219
-376
-62
553
-775
-189
1542
-1198
-157
1091
-1061
142
224
-442
231
-35
-1239
885
-80
-1098
602
-75
-489
-55
64
126
96
-526
405
107
-684
-120
143
-391
-425
2
-147
-41
-149
-102
170
-247
-483
124
-100
-341
-282
-214
-199
-164
-291
-114
247
-338
-345
275
125
-427
172
55
-96
56
232
22
-136
298
602
-754
594
1198
-1488
739
625
-821
374
-34
-460
788
-302
-617
1285
-532
-335
725
-26
-271
88
87
-284
265
-204
255
247
-182
-140
246
76
-310
-3
-60
-79
-358
23
121
-118
-93
-68
-16
47
-21
-125
72
82
-116
-20
393
150
-211
122
245
-7
-70
217
-84
-67
267
-264
-125
989
-612
-536
1778
-352
-632
1479
-46
-203
979
104
388
490
-546
959
822
-312
411
739
130
-239
463
88
180
-222
-151
114
-150
-179
-77
245
-98
60
234
155
-18
-26
181
222
105
-21
45
-30
97
-34
-35
158
-116
69
12
20
-39
21
52
-79
-228
-228
-109
-28
75
-538
70
515
-558
-374
892
-463
-769
589
52
-347
27
-210
0
-122
-672
231
-49
-546
-373
2
-271
-317
-136
-323
-289
-227
-148
-354
-194
-160
-445
-315
-287
-171
-110
-78
-94
60
-86
-81
-82
-233
0
-298
-257
-167
-177
-347
-109
-208
-308
43
-55
-148
185
7
-69
8
-72
98
35
68
252
117
65
-60
-219
289
245
-80
169
136
-71
67
-4
205
183
-65
85
102
27
22
-11
-93
-64
-55
85
-16
-19
46
44
177
233
27
80
311
158
11
63
11
-159
-12
2
-68
-128
114
28
59
131
91
54
274
187
164
437
299
141
112
278
270
251
125
195
157
180
213
157
4
-73
-130
-48
-61
-139
-2
32
53
22
81
159
28
89
156
82
-66
-57
16
22
-40
-18
3
-59
-6
-38
-174
-32
103
38
92
121
-26
-117
-2
18
12
-4
29
-206
-161
-173
-97
-164
-23
-112
-146
-29
-164
-65
-118
-239
-11
17
-173
-194
-325
-248
-157
-193
-101
-17
-180
57
-73
-14
-404
-182
-158
-282
-191
-34
68
-58
45
-113
-3
-151
-89
-69
-53
-156
9
-4
-27
-221
-120
-25
-105
-43
-18
-67
-8
93
-25
158
233
67
52
80
62
67
-98
-53
-27
-52
-27
-64
-101
103
156
256
226
44
123
56
210
100
21
79
266
331
147
221
165
91
13
285
321
39
-137
5
26
-205
-109
-223
-242
-153
-15
254
213
228
237
181
97
100
122
24
13
175
137
195
-6
-45
-11
23
41
-25
-25
-149
111
158
186
77
64
102
212
165
170
196
157
237
53
100
217
2
-10
-161
-93
-89
-28
0
-138
-4
119
-5
-337
130
29
-164
13
95
0
-301
-78
-48
30
32
26
-110
-317
-160
-70
-245
-210
-51
-157
-324
-445
-283
-416
-240
-133
-330
-275
-270
-115
29
-76
2
96
102
-37
-72
-5
129
57
106
84
117
215
92
74
124
232
221
242
47
8
9
109
34
27
154
68
-15
50
98
-108
-119
199
36
-76
-116
-159
-270
-296
-114
-141
-484
-234
8
-57
-28
27
-68
-224
100
123
98
-213
-128
-180
-15
-30
-100
-48
-178
-154
20
51
21
-46
-22
30
-103
59
61
150
-6
-58
-5
122
74
137
94
56
59
276
201
64
171
230
234
94
188
269
166
121
201
167
140
242
361
139
218
111
78
86
-10
10
39
-43
156
147
-73
-36
-6
103
122
142
34
58
183
173
39
14
-82
6
128
137
233
-16
-12
-129
-36
203
95
177
89
67
64
-118
-51
-48
-88
51
46
46
-39
-98
-147
-21
-134
-252
-62
-55
-142
-61
-85
-138
-351
-72
-6
14
67
5
-48
-75
165
-117
-191
-383
-181
-95
-88
-155
-192
-469
-529
-355
-175
-119
-190
-148
-194
53
-124
133
95
90
144
109
190
238
25
-77
-81
16
134
-68
-32
-274
-269
-333
-186
-48
-45
-54
76
28
48
1
-48
-17
-39
142
266
295
199
267
-14
41
135
61
-13
135
156
116
-66
-46
-37
-93
7
52
9
-122
-92
-106
42
-114
-85
-56
51
-45
-22
-52
-33
-63
-34
-11
-58
46
31
97
5
-54
-150
-68
-54
47
87
-5
-62
23
126
106
-57
-35
-54
50
-94
-59
52
36
-37
70
83
-87
11
38
39
108
207
174
163
195
212
70
65
-83
81
-104
70
82
9
136
171
137
148
179
172
147
52
-3
-88
-97
-48
16
71
-14
90
170
22
48
-101
46
-55
-3
-216
-147
-228
-81
-100
-116
-202
-93
-102
-55
47
-3
95
-75
-90
-125
140
-47
195
168
233
84
146
228
100
93
199
213
42
-2
221
55
3
42
10
-100
-137
-151
-190
-73
-273
-42
-150
-13
120
198
241
207
126
71
-25
115
-21
-6
-97
-47
-171
-282
-104
-135
-179
-175
-213
-415
-411
-386
-244
-323
-204
-514
-400
-415
-99
-2
13
-32
-59
63
-115
-132
-150
-54
-149
-157
-129
-161
-71
-33
-162
-11
-137
-66
-94
-46
8
100
-61
-49
-91
-97
18
35
172
-87
-12
-18
51
146
-97
41
138
66
246
158
84
203
240
217
152
58
46
141
276
243
70
270
309
354
316
229
248
20
158
62
146
-9
-31
-25
12
-14
194
233
23
129
-76
-42
17
169
83
139
8
91
183
143
57
198
92
24
51
-56
79
74
60
54
69
-53
-18
-4
134
62
195
115
35
91
273
135
127
212
203
261
151
186
-49
82
-91
-149
-130
-201
-183
-120
-81
-72
-49
5
-67
21
-19
