153
39
179
-102
17
-37
-86
-103
-268
-66
-184
-120
-253
-235
-499
-159
-354
-406
-306
-412
-125
-325
-224
-301
174
74
267
108
147
35
104
308
192
313
121
159
96
347
115
225
51
-173
-137
138
17
89
-151
-43
-57
-82
65
-125
-120
-174
82
27
238
-131
15
-5
188
12
-110
-128
107
204
39
32
105
340
260
273
137
64
185
480
483
696
440
461
289
418
248
346
238
349
205
270
79
-98
-30
39
65
-241
-45
-329
-181
-471
-361
-472
-178
-219
30
-132
45
-96
47
228
316
509
324
622
388
490
350
437
235
355
402
326
72
18
52
-12
88
-240
-187
-453
-288
-122
-365
-402
-682
-566
-497
-316
-465
-323
-435
-159
-114
-82
-92
-28
-98
-113
-69
-148
35
30
119
-10
176
216
265
14
309
68
105
82
96
-31
-175
-431
-348
-223
-17
-194
-260
-194
-230
-132
-414
3
-131
-11
-260
-334
-362
-235
-219
-20
-209
-64
-129
-90
-20
90
192
190
297
208
454
116
532
235
372
194
317
276
270
221
-68
-27
-115
10
-252
-360
-404
-130
-117
81
-37
-133
-444
-527
-440
-142
-187
-109
-100
10
-88
13
-14
-50
141
-5
93
-6
300
80
312
39
54
-186
120
101
135
81
-9
-1
-178
228
132
642
233
374
239
257
104
29
77
2
4
-35
62
-5
117
-85
89
-218
-102
-161
97
2
116
55
-38
53
-183
201
150
317
260
354
262
266
217
181
96
162
54
-10
-76
72
128
-3
-145
-153
-297
-360
-290
-522
-421
-449
-259
-390
-70
-245
9
-52
149
47
142
194
30
301
69
261
37
212
-2
123
126
145
-8
-162
-215
-163
-161
-189
13
-206
-168
-266
-114
-260
-160
-161
-45
-130
-188
-29
-149
-13
-48
37
-257
-99
-80
96
-2
204
150
116
114
106
252
98
252
141
409
439
382
108
-114
-263
-63
12
163
-78
-273
-295
7
17
314
122
-75
-136
-312
39
-105
32
-206
-33
-66
145
121
101
-34
-255
-135
8
39
-107
21
-88
-140
13
-137
-2
-152
82
-41
-29
-72
-216
-15
-26
2
-129
-67
-64
241
116
276
162
307
181
269
75
40
3
-24
113
-28
123
-68
47
-204
-85
126
168
186
-137
-182
-378
-93
-113
-252
-87
-231
85
115
190
-23
29
101
189
-168
-219
-254
-91
74
76
39
-34
189
-119
239
51
29
-299
-373
-270
-309
-243
-237
-82
-319
-70
-354
-168
-79
-130
145
-137
-173
-239
-131
-326
-221
-86
16
-56
-79
234
74
273
166
158
-25
-88
47
212
238
-91
3
-97
-37
-166
-47
-63
-100
-21
-69
29
-85
-116
-43
121
234
235
3
67
67
224
458
418
292
10
137
252
307
223
127
75
-29
91
-93
-93
-303
-185
-255
-245
-329
-370
-160
-451
79
-181
118
78
224
208
243
288
63
128
34
203
34
195
1
156
48
305
108
209
97
55
191
138
-39
-124
-98
2
-78
-279
-136
-139
-8
-97
180
14
196
-60
43
-48
-196
189
252
367
356
382
443
313
434
357
290
150
136
106
108
51
-141
-33
-163
134
-36
180
32
-45
46
-94
75
21
120
-294
-188
-244
-183
-30
-188
-96
-104
429
20
167
13
-182
-350
-340
-182
-78
71
-182
-371
-266
126
74
38
-587
-578
-524
-112
-48
17
-323
36
220
356
453
185
362
210
107
57
108
-78
155
6
211
-46
35
44
-190
-354
-368
-367
-441
-159
-308
-413
-134
-14
188
4
-95
-87
31
441
431
216
40
39
-31
391
103
114
-91
27
104
269
413
286
399
171
349
131
65
-124
-196
-58
-129
-32
-52
25
-49
-175
-140
-301
-15
-169
-8
-141
89
-137
-61
9
-71
223
361
578
304
175
-324
13
177
402
261
-135
-133
141
177
207
35
154
93
114
190
59
-103
9
-23
-157
-144
-88
77
-25
111
-20
75
-153
7
108
113
112
98
-350
-257
-189
-40
-8
-44
16
-83
46
-54
-47
-219
-88
-362
-196
-272
-153
18
-2
-171
-338
-288
-237
199
54
134
9
161
295
207
21
-59
-11
-50
-64
-106
-7
-254
-122
-417
-188
-228
-222
-291
-489
-209
-212
-347
-422
-165
-236
0
-226
-301
-200
-20
90
132
-210
-352
-51
2
240
153
143
42
188
328
298
198
33
157
416
642
284
258
-181
-213
-61
86
184
5
84
-218
-126
-251
-80
-193
-12
-165
95
70
298
299
176
462
320
626
438
515
223
160
-13
399
274
189
195
113
279
-7
-31
-233
-37
-77
144
73
-57
148
-134
-22
-327
-249
-192
-187
139
144
183
-99
132
63
119
-75
66
407
328
392
177
286
44
140
121
-386
-188
-51
49
196
-56
-473
-764
-945
-996
-640
-327
-24
-206
-126
-173
-459
-412
-437
-133
-279
-36
-77
-88
37
-194
-163
-156
122
13
-47
-216
-98
-6
10
1
-26
236
273
245
141
-60
-169
-215
-224
-51
-303
-145
-96
4
266
219
79
-312
-179
17
195
103
65
-1
-17
-14
-345
-98
-262
89
116
184
308
6
-60
-154
167
116
95
-21
142
77
-89
-174
33
147
328
343
216
56
105
264
97
170
-80
185
283
485
489
406
269
-296
-279
67
333
175
17
-105
-148
149
130
59
-136
-56
-31
244
290
57
84
-266
-261
-253
-66
-213
145
-119
-92
25
22
253
329
381
-67
117
78
455
10
-249
-378
-94
-115
-118
-30
-238
158
161
336
-142
-92
53
644
477
320
5
-268
-201
-278
-198
-400
-369
-485
-176
-113
50
-138
-110
-40
6
-214
-34
59
85
30
111
59
-45
-196
-329
-15
-83
297
-59
18
-320
-264
-394
-278
-546
-475
-70
-354
-339
-461
66
181
167
75
-19
-169
182
-170
149
91
292
-239
-644
-363
-188
170
-271
-67
-394
4
63
132
65
265
71
439
515
273
104
49
50
-303
416
193
168
-493
-240
232
197
263
162
212
468
327
165
100
155
271
121
50
-71
115
41
254
25
132
225
584
602
335
-30
-380
-276
-75
23
-254
-54
-42
-172
-136
-479
-508
-361
-121
-57
-164
205
153
320
154
5
-27
340
249
161
-380
-369
0
-4
726
67
390
27
4
-2
-120
414
224
-32
-467
-180
-136
-81
-377
-89
-312
-411
-239
-267
54
-32
239
37
-196
-223
-124
182
-63
-206
457
160
118
-10
-163
-3
-443
-309
-357
-146
-316
-147
-52
-96
-50
-171
-11
86
286
185
168
-67
139
142
-65
-165
-43
139
-97
33
87
251
-163
-461
-516
-458
184
353
171
-277
1
-165
106
-116
-255
-110
-163
22
236
602
713
868
320
445
503
235
-165
-281
-775
-316
-110
-335
-318
-70
-247
-568
-125
522
600
109
-326
-197
258
411
600
272
214
227
229
231
190
8
254
284
573
372
418
115
269
451
355
208
-500
-349
251
-125
-610
-306
-88
386
-239
-383
-300
93
128
-198
-166
-274
107
307
10
15
29
-299
253
331
545
424
-215
317
253
450
344
-284
-160
36
-202
-343
-296
-19
-57
-153
-423
-318
383
100
-33
77
-47
-42
154
56
-169
-464
-124
7
379
488
332
232
-109
-189
-602
-36
70
-140
-62
-33
-117
-193
-375
-627
-374
-327
323
-44
-722
-621
-504
-170
-332
-240
-263
-7
606
357
461
124
-242
-113
-559
-369
-337
-500
42
571
562
409
94
220
-24
-128
-68
-190
295
418
863
324
-281
-537
-832
-685
-535
-221
-355
-88
26
415
140
-487
-145
723
1357
988
531
-88
257
467
32
-276
-720
-372
291
433
288
224
296
207
54
-290
-481
-556
49
553
235
52
69
379
23
43
251
184
118
538
464
126
135
20
49
106
275
68
1020
1044
277
383
543
79
-574
-355
41
-904
-842
-248
119
107
-698
-670
-771
-445
-616
-370
124
-145
-514
-882
-618
-602
-331
341
360
582
-397
-176
-615
-555
-226
-441
636
280
486
238
-11
197
933
1225
1005
706
-23
-614
-1012
-700
-576
-926
-526
-278
91
-305
-675
-629
-654
322
29
-303
421
614
273
160
-364
-81
-274
-367
345
694
1011
793
543
277
323
-134
-169
-65
153
-359
-561
67
-152
-576
-1415
-906
62
856
452
-330
81
455
565
106
-314
-259
849
1439
889
565
1335
692
-445
-538
-435
444
375
739
494
661
694
497
238
-434
-530
-32
533
-347
-560
-745
118
-322
-279
345
977
1892
721
305
-69
238
441
-470
-586
184
-145
-489
-281
-215
52
-211
-192
-386
255
741
161
-191
-835
84
444
551
-142
-745
-35
-214
-208
301
735
832
163
-344
-243
-332
-295
-657
-622
-1542
-1038
15
-257
-244
398
1044
142
-383
-99
-271
-97
-310
-175
184
-205
147
998
-9
-1390
-1507
-770
-216
870
1358
-93
-292
-639
261
-213
-472
-240
57
909
537
-211
-513
169
247
223
-396
-184
-32
-300
-532
-762
71
-60
504
928
383
652
631
1529
-138
-605
-692
-435
453
589
1097
475
61
-225
-213
-454
-326
-560
76
-546
-149
-705
-402
16
149
568
57
478
-42
-268
-619
-94
-530
-55
-293
583
901
624
965
357
305
-1022
-984
-765
-109
377
153
561
86
-567
-729
-553
-49
416
-50
-348
-623
-733
-211
-335
-822
-887
-499
-534
-273
-176
966
811
471
340
-124
509
400
1372
646
279
411
747
378
335
540
-363
12
108
36
-722
-233
-649
-839
-846
-1044
-507
-188
630
743
954
1067
179
-197
-487
-104
-8
-74
450
696
323
-673
-117
875
798
189
661
281
-91
-334
-86
-77
150
47
-320
-30
-454
106
-957
-1006
-208
121
342
-451
-584
-1059
-1283
-687
-524
19
4
113
-60
-638
-6
134
-549
-1100
329
533
277
124
249
1140
1083
728
278
1008
1496
1386
495
269
384
440
454
-655
-866
-291
-126
-50
-186
144
-115
-626
-775
-284
-262
-639
-16
-160
372
503
-63
109
335
817
1046
1036
536
234
110
-421
-409
-974
-1122
-254
327
150
194
12
252
-18
-126
-659
-610
-565
-905
-67
121
1106
621
390
-856
-586
111
681
491
-110
-199
-517
1314
779
-168
-934
-55
-208
-505
-1024
-631
-176
-470
93
-1
384
-7
797
-226
-74
-727
-667
212
-177
-463
-1026
-925
-650
747
800
155
-317
-337
239
1525
696
460
60
179
133
-872
-710
-650
91
-379
-547
-530
117
502
574
157
141
561
639
944
58
-319
-55
476
478
-37
113
-52
-162
-82
-372
-300
-38
-622
-217
244
1114
926
72
293
50
52
-67
499
88
186
169
-106
-409
-383
-1207
-881
-515
-539
424
13
-256
-321
-192
-696
-725
-973
-587
331
775
1110
408
-109
993
1326
1591
765
784
526
-52
-374
-622
-160
70
11
-239
-158
-10
338
-979
156
829
1015
-590
-1394
-686
-193
-115
-1617
-951
-1031
471
467
311
-28
-318
943
249
265
-263
523
832
905
109
307
235
-760
-918
-1329
-704
-451
-116
-1003
-1222
-266
831
587
-183
-497
425
489
505
-334
103
564
412
30
-858
-1262
-1215
119
17
396
-48
99
43
437
285
-106
125
225
46
-66
-89
292
275
-56
203
795
1430
1142
117
-192
1205
1060
564
232
517
528
809
-71
-1258
-1408
-331
147
-448
-105
229
153
-434
258
-256
49
-58
270
604
99
-22
-1341
-536
-753
-597
-482
-285
191
143
276
38
380
-377
199
-343
-836
-935
677
707
202
-64
-252
1031
624
353
-1062
-607
-518
380
190
280
-37
-687
82
1260
1053
-140
1490
1311
631
-689
-504
349
-284
51
146
554
-17
-193
67
118
-453
-1563
-1918
-1302
666
-3
428
-1141
-909
-337
-63
20
-834
312
1013
1623
-313
396
-125
1222
288
-229
585
983
1543
877
789
-55
59
-370
-199
-1062
131
248
570
-362
-1257
-743
-414
-349
-358
-826
-421
404
108
454
-357
-286
-282
-117
-420
-100
-101
789
536
50
-287
-291
120
-8
136
-51
541
238
-60
-415
332
307
764
684
595
383
163
351
-103
-241
-383
-200
-550
59
10
-115
-865
-800
291
555
-41
-190
725
1393
615
-249
-587
-114
484
283
15
-190
914
846
-44
-625
208
774
505
116
-46
470
248
-190
-556
-1077
-1030
-360
-214
-293
-177
-334
28
473
761
182
-291
416
982
669
-177
-5
643
833
-700
-1333
-203
818
1102
370
238
449
-151
-1439
-2845
-1913
-479
-604
-446
-661
-966
-1006
-117
809
95
-752
-463
699
1510
665
-532
22
573
207
-483
-601
687
1431
1429
370
-548
-903
-268
250
-136
-74
-135
-66
-647
-961
-598
-505
-1171
-1147
-733
-123
281
53
329
1007
800
194
-496
-406
-292
-423
-996
-523
641
236
-328
-633
-70
252
661
350
535
764
943
402
-118
60
445
155
-191
131
626
631
7
-107
-530
-398
-66
-8
-57
69
391
351
653
1173
1171
402
-964
-871
-513
-106
-575
-543
-368
273
-9
-768
-846
-471
629
735
624
119
282
17
17
-344
-1086
-947
282
1194
696
-708
-1742
-966
75
-137
-959
-167
1220
