486
810
872
571
724
1103
1190
891
863
1087
792
728
890
970
821
752
543
684
824
437
147
-1
226
418
610
458
114
-66
-101
-149
-74
-166
-372
-434
-385
-496
-266
21
-57
-332
-655
-639
-592
-611
-509
-300
-171
-337
-634
-319
91
243
81
-57
-307
-348
-152
-43
0
-206
-107
20
38
45
82
272
281
104
-2
-286
-531
-301
-88
71
74
-106
-77
-170
18
135
38
-167
-290
-375
-298
-116
-229
-245
-93
206
47
-64
-228
-140
71
-23
-65
-62
131
117
-4
-113
-109
72
311
457
579
427
229
77
13
-143
-4
264
168
270
62
-77
-76
-115
-233
-462
-460
-615
-783
-355
-280
-268
-192
-152
-156
-271
-222
-359
-258
-203
-104
-236
-312
-235
-169
-58
82
66
-30
83
48
-27
-120
17
187
223
296
225
-23
-106
-94
-61
-113
-333
-206
76
118
-163
-309
-52
-197
-156
-21
100
203
-131
-196
-8
60
-71
-23
170
228
220
282
363
345
160
114
99
270
315
154
128
110
101
138
221
-42
35
129
288
229
141
-18
-205
56
287
335
-19
-41
267
303
186
167
-33
-85
-99
89
146
167
167
420
352
118
40
171
500
226
-86
-481
-504
-614
-220
-100
-342
-305
14
326
271
130
36
20
-229
-212
-138
-6
6
-33
51
151
411
439
160
70
200
290
271
209
337
356
142
173
-87
-219
-36
-33
-9
17
-166
-200
-297
-396
-205
-9
11
-105
-345
-463
-125
-65
-102
-115
-254
-329
-39
54
94
211
167
13
-134
-251
-272
-172
-232
-163
-64
-221
-271
58
81
175
88
-71
-168
-193
-254
-463
-293
-64
26
185
202
85
88
115
201
115
65
-272
-367
-497
-731
-574
-426
-238
-136
-34
67
-89
-213
-180
-183
-126
-192
-230
-156
-41
19
85
44
-16
-26
-21
64
172
286
219
82
117
72
66
95
152
224
91
-16
60
161
136
61
6
150
311
455
396
183
189
268
222
31
-200
-134
76
86
-29
-74
-73
-118
35
-63
-189
-91
-88
54
90
33
284
459
512
632
603
458
295
251
322
278
324
419
243
170
175
258
391
245
228
172
17
-3
-104
-198
-339
-338
-253
-111
-69
44
-1
36
84
-71
-208
-426
-161
-280
-426
-446
-376
-275
-201
-177
-310
-224
-213
-206
-111
-109
-230
-134
-95
9
25
60
235
338
321
202
165
5
7
178
131
70
143
338
186
91
70
-106
-93
-215
-210
-309
-257
-393
-327
-107
-101
6
-89
-130
-25
-36
-66
-173
-220
3
61
-22
-393
-356
-182
21
-91
-153
76
-3
-118
-166
-96
36
193
72
-44
10
76
-51
-18
168
211
144
171
249
358
402
327
453
363
219
134
71
-58
-405
-331
-26
231
130
-17
-12
-50
78
89
-132
-96
30
-66
-24
141
25
-83
-130
-87
-18
-79
-25
-240
-289
-349
-165
80
84
180
347
432
157
170
255
393
415
270
125
16
163
211
224
96
192
133
-57
-215
-228
-106
-168
-172
-123
6
-82
2
-22
-59
-159
-114
-204
-423
-431
-476
-156
-101
18
117
13
-59
43
-15
-104
-36
-53
60
62
268
162
0
28
264
353
249
257
47
-34
93
277
261
141
105
105
229
192
30
88
142
164
-54
-16
134
43
-130
-278
-408
-380
-220
-157
-103
-331
-487
-300
-203
-281
-344
-280
-279
-151
-292
-356
-246
-453
-252
-156
-205
-114
-44
-96
24
53
98
72
50
148
81
3
-93
22
46
134
177
-26
-90
-40
-43
-18
109
106
91
90
16
110
192
187
22
58
63
123
-144
-331
-78
-182
-81
-27
50
110
197
230
166
318
226
30
109
29
133
122
135
215
89
75
117
254
187
246
85
154
138
79
291
145
87
146
228
249
166
163
98
-9
65
6
-51
5
-155
-259
-69
-141
-152
-161
-323
-204
-63
-20
-80
-194
-230
-135
-180
-99
-242
-265
23
-34
65
48
-11
65
-31
20
41
118
304
203
155
303
243
185
100
-119
-280
-253
-140
-173
-59
-108
-73
-83
-181
-386
-176
94
-283
-257
-215
-288
-233
-215
-122
111
246
216
-68
-123
-73
-97
-117
-203
-304
-359
-279
-246
-124
69
153
179
174
26
-59
-167
-29
117
122
43
-89
-94
-128
-54
108
-147
-99
79
107
360
224
119
-1
-114
-54
25
-191
-332
-327
-189
-64
-34
-50
-218
-152
-118
-238
-231
-155
-245
-169
45
70
37
235
16
-256
-72
-51
146
113
97
222
-115
-108
165
354
345
198
34
106
277
364
328
279
318
153
229
239
284
306
226
84
65
197
335
481
508
531
267
252
399
404
230
53
16
50
0
-90
-22
-161
-248
-54
-54
-109
92
152
126
115
79
220
252
-2
-159
-142
65
5
-236
-217
174
215
-341
-136
36
-9
3
-82
-141
-500
-284
-3
149
277
128
201
-54
29
281
222
85
-163
-192
-442
-477
-437
-334
-248
-261
-172
-99
59
55
153
240
184
99
116
194
247
8
-192
-91
-178
-211
-143
-256
-257
-171
-78
59
39
63
18
53
50
59
157
-81
-251
-536
-683
-99
103
-626
-816
-550
-190
-95
-259
-265
-721
-949
-576
-27
11
-137
-34
167
108
-87
-151
9
-214
-500
-463
-459
-372
-333
-35
182
241
351
656
867
732
414
419
669
612
230
193
96
-239
-270
-65
102
-73
-442
-263
191
302
214
239
443
69
-200
116
260
-61
-390
-278
-190
-597
-236
319
-68
-444
-213
326
528
243
259
179
-195
-153
262
481
-13
-271
83
386
168
254
175
-100
-322
-572
-385
-317
-436
-491
-395
-154
93
441
736
591
644
725
545
219
-13
34
-259
-702
-586
-283
-418
-559
-268
137
421
468
497
479
113
-185
106
182
-153
-449
-431
-354
-437
-164
-166
2
589
588
42
274
781
638
442
474
127
-427
-331
302
555
217
121
349
433
451
692
552
68
-400
-240
-191
-556
-653
-517
-442
-472
-29
489
514
239
348
534
455
113
-267
-479
-618
-610
-514
-498
-670
-714
-563
-165
176
163
329
306
238
14
-99
151
-88
-243
-307
-344
-369
-46
170
-230
412
1013
426
113
312
417
25
-238
-135
-615
-1369
-892
-62
-117
-281
5
259
14
58
219
22
-624
-873
-612
-725
-814
-487
-291
-342
-162
265
586
567
586
730
673
432
291
93
-171
-429
-316
-459
-718
-549
-153
45
329
813
929
1087
927
758
477
268
284
74
-100
-272
-562
-721
-637
-370
-307
-336
19
-230
-647
-331
1
178
124
172
-52
-404
-317
173
457
271
324
464
448
433
508
182
-110
-383
-383
-411
-501
-507
-466
-440
-203
73
310
417
271
362
276
316
301
179
-85
-97
-228
-445
-573
-492
-455
-361
-251
-71
113
325
443
224
54
-101
-59
-38
-83
-112
-207
-508
-311
-19
90
111
85
230
848
660
544
598
378
307
343
569
307
238
128
207
184
530
857
813
554
348
477
350
206
-14
-251
-360
-424
-345
-288
-309
-122
236
587
566
550
440
297
369
231
42
-31
-178
-465
-574
-486
-522
-538
-486
-363
-134
97
157
330
475
305
272
269
190
13
-9
56
-38
-141
-154
78
241
368
232
151
368
268
207
269
315
2
-289
-347
-444
-366
-365
-256
-183
-110
138
216
276
67
14
-54
0
-89
-757
-850
-871
-772
-638
-603
-543
-370
-63
76
198
252
367
272
90
-47
-114
-85
-205
-300
-303
-415
-180
1
-59
-70
-206
10
190
350
545
281
18
73
99
94
64
7
21
-7
-178
-55
5
-46
-47
-145
-80
34
-66
23
286
26
-148
-163
19
-87
-299
-287
-168
-64
-3
59
147
190
150
111
75
65
-69
38
-15
-128
-137
-91
-148
-189
-148
-14
-5
15
168
241
270
277
129
78
62
-84
-201
-322
-425
-553
-460
-425
-384
-375
-380
-304
-179
-93
-50
-7
152
284
361
343
251
256
305
360
379
298
182
-67
66
177
94
274
141
66
48
267
174
156
179
373
221
2
203
84
213
-22
96
154
59
-20
-130
-110
-69
49
-14
14
-18
66
73
130
147
144
236
266
246
150
102
-33
-12
-11
34
5
26
5
-111
-45
61
-37
-241
-106
-34
-76
-30
48
128
111
188
316
310
270
161
156
129
12
28
80
32
63
14
-34
-169
-191
-210
-268
-81
-61
-160
-216
-311
-304
-218
-376
-344
-285
-306
-271
-61
28
4
4
-69
-57
26
67
76
82
22
120
133
80
117
95
-9
98
180
114
84
-1
-49
4
92
77
114
118
-19
10
-76
-252
-224
-154
-145
-84
-119
-39
-67
-199
-216
-214
-56
-71
-95
-181
-127
-18
23
116
170
225
199
83
-8
-40
-67
-78
41
54
-124
-90
-88
-95
-15
-145
-80
12
34
37
15
68
126
34
-73
81
129
93
17
129
162
70
31
-44
-22
171
154
99
23
-24
79
54
-3
114
239
-11
46
103
92
58
63
235
265
86
8
24
-49
148
73
7
27
-22
68
7
66
171
123
278
180
63
87
54
205
134
3
-22
-1
41
150
128
-16
43
16
-5
16
-31
-88
-227
-152
-104
-52
-107
-235
-224
-259
-85
-36
-14
81
-34
-4
21
-108
-68
-76
-11
83
6
79
97
46
-61
-1
-26
-139
-85
-2
-61
-83
45
-160
-198
-138
-32
-124
-35
160
150
20
-112
-214
-281
-281
-378
-386
-362
-256
-241
-154
-274
-242
-267
-258
-194
-194
89
202
129
-51
-70
-56
113
365
277
315
419
512
507
366
287
329
390
222
116
104
81
-7
-48
69
149
98
68
-4
25
20
59
45
-70
110
36
-69
-161
-227
-174
-147
-79
-98
-227
-398
-418
-309
-54
-65
-154
-186
-305
-69
-19
13
37
20
61
-11
216
121
42
90
102
209
137
35
71
131
212
358
233
142
123
109
226
329
218
57
29
-19
44
143
90
113
-104
-237
-154
-166
-3
-116
-111
-142
-293
-305
-567
-338
-81
-109
81
5
-96
-98
73
15
53
266
80
139
143
79
-4
-86
-44
110
110
137
287
211
89
105
181
257
262
335
297
267
311
71
-119
-110
-153
-331
-256
-280
-339
-356
-249
-107
-105
-86
-150
-211
-160
-97
-119
-135
-99
-134
-195
-97
-53
-126
-308
-102
-101
-98
53
-109
-32
-146
-104
-106
-106
-45
-98
-258
-133
24
-4
184
230
339
380
176
122
160
21
64
-120
-232
-312
-182
-157
-58
37
-66
6
-78
31
84
34
-52
49
199
239
33
-56
6
-52
-88
-7
-36
-16
-57
-29
37
117
186
99
125
341
402
413
500
480
657
858
879
529
424
353
429
374
386
355
263
101
-17
-25
-311
-160
-136
-376
-496
-339
-239
-312
-262
-235
-175
-79
-67
-4
-126
-84
-101
-34
-39
-127
-116
-127
-343
-416
-86
-57
-37
99
170
248
280
331
436
366
248
207
194
104
-48
-304
-150
-123
-270
-254
-157
-253
-286
-114
-20
226
277
155
86
-102
-76
-23
-60
83
-1
15
-22
15
195
324
159
4
127
234
144
-44
37
66
-142
-185
93
240
-11
14
111
5
75
424
556
325
84
34
165
-60
-73
-160
-355
-324
-185
55
39
-135
-143
96
187
202
394
263
28
-71
-36
-136
-351
-426
-370
-446
-654
-657
-543
-432
-473
-332
-116
-20
-85
-56
49
16
73
194
331
224
46
244
199
340
532
341
61
338
923
670
366
303
214
-3
-197
124
382
-6
-109
311
281
148
268
157
0
-381
-236
-126
-596
-545
-384
-638
-763
-729
-446
-365
-574
-86
54
-139
-68
238
284
35
-61
202
218
-113
-133
-78
-169
-288
-59
99
-162
-241
88
251
86
35
267
250
163
156
389
237
72
97
-2
24
106
109
-633
-664
-99
-344
-600
-437
-241
-219
-386
-217
-57
-152
-149
324
259
-73
-62
203
383
-217
-93
176
-19
-254
-228
-2
-224
-221
71
206
158
263
636
542
340
542
871
606
229
238
207
-205
-463
-296
-287
-444
-588
-222
-327
-376
-336
-389
-274
-282
-6
-63
-69
-114
45
91
-79
-6
170
376
197
-281
26
777
120
-318
49
240
-291
-637
138
312
-48
35
690
594
131
418
905
626
-83
199
228
-141
-612
-340
-147
-603
-457
-75
-14
-373
-44
438
428
39
161
286
-29
-153
-67
169
-161
-481
-186
-250
-513
-460
-522
-664
-775
-421
-254
-461
-353
-4
135
34
118
301
298
212
400
500
632
578
368
29
239
675
-115
-453
-123
7
-557
-732
197
59
-615
-189
358
36
-208
-104
190
-3
-416
-102
69
-175
-536
-289
-190
-422
-155
96
-100
-264
-32
75
130
68
281
517
453
354
471
613
463
384
382
346
-8
-43
113
-99
-183
-148
-181
-245
-61
240
237
89
209
430
362
161
258
230
63
36
146
-207
-184
648
115
-610
-224
248
-324
-843
-82
73
-625
-649
-47
227
-320
-215
