-145
-650
131
870
703
894
810
308
162
433
236
-14
-164
59
207
315
634
-227
-56
-71
-52
-136
442
166
-324
-337
-541
-385
-599
-592
-592
68
-379
-5
877
516
-43
538
225
-569
-29
-142
-209
-561
-1149
277
212
420
1864
1766
-107
-1600
-1357
-1806
-888
-38
-1326
-1870
-268
715
1235
182
-143
554
288
723
1005
-58
-1263
-72
-613
-894
-69
-222
576
660
854
2059
2175
967
76
-804
-1564
-1353
-1319
-1056
-1117
-1217
-146
304
372
426
1230
1228
903
558
-212
-380
-224
-1294
-648
-845
-1121
336
535
-79
-1713
-661
-288
749
811
649
-386
-787
326
933
551
-375
-354
-1185
-680
382
603
124
-98
-525
127
192
-64
-39
-163
-332
1109
266
594
1233
-66
231
-168
117
20
136
100
665
788
171
107
-281
-87
284
-203
-500
-403
-647
-426
736
408
-3
-497
-441
-311
-135
284
-460
137
424
892
647
163
105
-260
650
611
1
80
-366
-732
-130
229
-68
55
-405
-673
303
646
1007
803
425
887
70
293
599
56
-554
-319
-75
-320
-763
-551
321
544
463
-139
-209
-96
708
638
56
-934
-776
-90
251
368
78
-90
-83
325
551
285
-320
-114
-63
196
557
81
176
116
115
706
-213
-385
-359
-272
-33
73
-742
-558
-110
-214
864
81
19
-248
-520
285
519
216
287
-41
64
613
941
1032
-657
-758
-32
-34
321
-3
-753
-150
165
396
388
-639
-397
25
-74
218
64
-86
124
-103
-191
-279
-1229
-365
29
-321
589
243
221
475
320
3
-46
-39
304
-304
-106
78
227
318
-230
-439
90
27
-51
-61
-914
-155
-134
172
-28
-377
-535
22
-197
0
-240
-656
55
-259
-195
73
-137
240
594
-377
166
-607
-972
145
-519
-221
103
-741
-140
-60
-127
55
235
-254
-494
-545
-283
360
291
180
-362
461
330
217
-40
-760
-847
25
134
-310
118
-440
434
224
-725
4
-496
-404
191
-828
-868
-352
-835
-11
2
-654
-86
-513
-62
245
-225
414
44
-315
136
229
401
705
389
-166
-562
-924
133
-40
26
5
-582
595
440
240
258
-198
257
514
-250
369
249
-117
870
271
-27
449
359
302
246
-273
489
205
227
803
-74
681
756
-26
442
634
648
1016
-19
349
346
-254
798
638
-77
180
-245
-391
298
-197
155
312
437
644
546
585
-146
-431
239
-104
-482
223
-394
-161
402
-431
130
79
-60
561
219
-34
487
7
642
959
-293
349
303
162
356
286
-265
187
-243
-177
-232
-723
-516
-276
-49
-317
-59
5
149
-347
285
78
135
66
-603
-755
-949
-908
-381
-677
-421
59
-530
196
217
-338
-73
123
19
453
5
-657
-289
-196
-21
330
-402
-376
2
181
106
17
-694
-314
66
-482
-139
-249
247
163
107
-428
-305
271
-467
-408
454
-480
-138
300
-820
342
-105
-418
324
-402
-228
597
104
196
649
-202
175
253
-252
27
332
-216
142
182
-646
-1
-178
-38
571
-219
-112
154
-676
-41
186
-771
-139
-29
-289
-100
95
-713
-71
314
-1081
348
359
-373
651
632
-269
1239
-121
-459
858
-96
97
548
-640
-7
1025
-463
505
372
-254
516
764
-218
437
96
-507
464
-200
-758
385
-321
-455
673
-567
-200
509
-230
-280
179
-57
251
251
-531
208
539
-349
188
581
-274
363
491
-643
500
-99
-513
544
-96
-169
369
-389
-285
663
-167
202
306
-582
147
474
-330
58
-18
-618
265
-37
-333
729
-89
165
854
-132
54
606
-143
209
766
-58
415
63
-621
364
323
-413
572
535
-564
733
348
-114
1082
-102
-195
556
-471
-513
365
-682
-154
395
-455
113
210
-616
12
-12
-448
80
-229
-532
-30
-236
-748
14
-576
-158
43
-242
12
100
89
9
342
-173
4
-212
-403
343
-500
-472
411
-3
-220
709
65
-62
660
-420
26
188
-506
-35
-167
-960
-472
-209
-597
163
69
-481
130
-260
-323
-55
-228
-206
236
-42
-123
-73
-368
68
-65
-519
-213
-89
92
390
174
274
31
-277
150
232
-434
454
315
-488
530
710
-68
520
506
-208
432
-196
-415
-97
-500
-466
-22
-191
-243
131
-414
246
392
155
168
579
114
166
309
155
444
369
201
-283
137
-192
205
-21
90
438
289
219
259
-4
199
-245
-669
465
-110
-358
358
-212
-434
242
-324
-181
300
-332
60
542
-158
-245
72
-604
-196
166
-111
-19
135
55
37
379
57
433
177
115
290
207
269
287
218
-51
273
-105
-133
176
-248
174
201
-187
49
-18
-761
-118
-179
-354
101
-532
-374
180
-316
-779
-298
-487
118
304
9
-364
312
181
97
448
-5
226
442
564
-43
680
385
568
648
-66
511
423
667
316
239
-56
174
250
-290
316
-553
-188
70
-228
-136
89
-380
-428
248
-507
16
5
70
16
119
-322
4
171
-245
-38
-361
-152
37
189
-147
-107
-317
-302
175
-148
-104
305
119
439
530
200
-244
71
-104
-150
-93
-247
-346
-351
62
-179
98
-129
6
121
44
-39
-235
-288
-486
15
-589
-256
-70
-367
-263
-365
-430
-375
45
-382
120
-73
-138
-16
-2
-205
-248
-105
-488
-151
-210
87
-152
31
-221
-253
270
130
121
74
117
-113
203
-128
214
279
259
162
129
-298
-313
-14
-295
-95
-239
-92
9
-158
-408
205
125
99
141
36
-115
214
141
213
176
38
-154
-29
-60
-199
34
-218
70
-23
127
-10
236
-62
-142
-79
110
-17
-30
106
-111
-30
-29
-17
-169
174
277
229
163
253
358
341
323
246
90
317
161
269
329
272
77
85
273
180
279
-22
168
38
173
101
-128
16
-113
-91
-221
-83
-136
-188
-101
23
107
9
198
-163
-270
25
201
293
3
46
-2
2
141
16
316
235
263
173
163
416
213
298
64
14
-7
125
282
123
119
57
57
61
217
-89
237
309
105
196
24
84
-73
189
34
8
-109
21
105
140
90
-181
-21
-146
-71
-221
-254
-90
64
94
-312
-166
5
-33
-70
-16
52
-199
157
123
98
134
188
293
122
86
-161
-41
54
-50
265
10
7
128
-44
4
-194
-100
-251
-192
-101
-410
-308
-509
-311
-178
-297
77
176
251
86
29
-110
-207
-169
-229
-275
-140
-97
-238
-220
-28
-123
42
-158
-198
-208
-338
-181
-128
-184
-603
-268
-435
-230
-276
-241
-307
-362
-76
-316
179
-182
22
134
36
70
-35
-28
-234
136
-141
64
57
154
-79
-56
-17
-178
-5
-182
-226
-105
-89
-384
-66
-159
133
125
5
180
38
55
55
-32
-70
-225
-189
-439
-184
-234
-300
-210
-219
-156
-55
389
113
469
334
199
226
636
457
489
357
82
416
46
230
155
246
112
121
225
88
329
258
130
329
242
257
89
315
141
109
102
-118
235
-36
-18
-89
-107
-65
-28
149
73
49
29
-319
229
154
402
193
267
329
142
431
-22
50
-158
139
51
127
84
233
-44
75
4
-94
-13
-116
-71
-138
-74
87
21
-155
-78
-425
-53
-31
-53
62
-47
-145
-76
-286
-96
-470
-303
-463
-378
-379
-402
-78
-83
46
-121
8
-282
93
125
347
160
212
16
110
-75
2
41
-283
-106
-135
41
-152
133
-108
-49
-101
-66
-154
15
-11
-306
90
-294
139
-137
-78
-126
-334
22
-119
181
76
88
-327
-311
-337
-276
-276
-224
-6
113
-94
-66
-118
-395
25
-330
-211
-205
-116
146
-200
8
-185
-27
129
-67
158
-50
-76
196
156
160
466
-65
354
52
232
284
22
444
-128
365
-110
173
148
-11
55
-82
17
11
37
146
111
186
164
320
404
49
388
-57
385
154
74
236
104
115
-124
-11
1
30
151
120
-15
241
46
293
337
175
461
108
299
145
10
162
43
-111
-95
-85
-273
-76
-275
-247
-220
-283
-94
223
114
219
126
-83
116
-222
128
5
-279
-75
-162
81
-72
-29
-38
18
134
-165
209
222
84
247
129
316
223
76
116
-128
-136
-24
-131
2
52
-330
-128
-211
-516
-331
-724
-490
-394
-316
-272
-25
-200
-125
50
-34
195
-129
10
-5
-217
-366
-42
-126
63
-149
-464
-270
-119
-771
-31
-83
-542
399
182
58
509
270
40
232
163
294
169
421
-3
-240
-39
-209
-207
75
-397
-237
105
35
76
390
127
274
358
177
437
140
438
222
240
245
275
-4
98
70
133
312
-288
406
232
-44
648
144
-354
289
-167
-277
296
-77
180
122
199
-13
38
-173
-208
56
-160
16
-89
189
-25
-149
80
-148
152
-74
-333
40
-157
157
-54
14
-92
-91
-313
-309
-156
-572
-561
-293
-133
-849
234
-91
-413
324
-131
-126
173
189
-142
139
-251
-312
-254
-527
-578
-564
-521
-376
-451
-443
-354
-321
-84
-276
80
-178
-82
66
123
6
224
273
216
338
-57
263
69
-105
80
339
-378
238
325
-669
386
339
-227
212
306
-238
149
137
-212
-13
-274
-80
18
-36
84
92
-46
204
303
331
427
313
381
332
704
775
556
885
495
254
530
428
352
289
-25
161
176
-270
339
334
-452
626
80
-413
679
142
-9
626
370
-76
175
-306
-100
154
113
80
-116
-233
-13
48
-92
-16
35
-100
310
286
204
136
397
177
3
400
-247
195
-71
-197
79
110
-710
257
-70
-728
711
-183
-331
721
106
-387
493
-56
-512
74
-529
-435
-233
-561
-331
-550
-657
-590
-509
-503
-168
-229
-248
-173
-199
-409
-307
-94
71
2
159
-149
-6
-129
-211
354
-77
-474
387
-278
-887
860
-193
-423
491
-415
-780
523
-348
-354
223
-269
-189
-29
-176
-362
120
-127
52
-52
-158
118
217
203
323
216
233
199
88
247
127
51
-15
146
90
-316
230
-6
-643
141
332
-582
699
730
-614
1005
307
-441
446
102
-461
-41
88
-473
10
-95
-106
-198
-3
-172
-54
78
-235
152
-32
197
-19
221
83
-51
242
-88
118
92
208
227
-247
199
113
-555
272
156
-619
239
214
-769
415
236
-337
273
94
-195
122
338
-290
-52
44
-122
-268
201
-46
34
422
42
336
257
263
202
247
165
138
183
-46
64
-157
-28
180
-194
-258
225
-316
-571
426
-506
-82
477
-35
44
619
123
28
703
21
220
228
290
-97
95
-45
-137
-61
-67
-162
110
-11
-28
294
81
279
217
393
229
288
84
136
183
13
193
74
-252
-143
-102
-487
-74
53
-413
253
163
-156
159
-33
-161
39
152
-101
-34
89
-359
-198
-80
-76
-223
-63
-71
-202
25
-162
-147
-136
-43
-151
-30
-187
-139
-117
-28
127
-132
-73
-37
-12
-238
-71
-253
-423
150
-366
-120
156
-57
3
118
44
108
217
-191
-2
-110
116
117
34
310
92
69
145
-54
97
399
201
224
365
200
365
151
81
135
-110
56
-245
-54
-271
-250
-410
-447
65
-298
-287
-8
-124
-81
434
-103
189
346
137
368
185
92
99
170
204
185
-15
87
1
-9
254
-173
-142
-66
-308
-172
-145
-175
-52
102
-235
67
-158
-57
-49
-129
-29
-164
53
-287
-170
-151
-325
-202
82
-323
-116
-96
-279
162
-63
-99
67
42
46
44
-12
-53
-30
-109
-203
-220
-72
-31
-322
-166
-210
-230
140
-39
152
13
61
151
269
224
-9
82
-146
19
-83
258
-55
100
55
86
374
384
22
78
246
-43
399
141
-48
38
-14
-9
158
-24
247
224
299
235
216
276
60
244
-96
11
-39
192
104
90
355
96
299
-75
86
34
266
222
385
111
127
-8
-77
271
-37
325
257
-46
-24
262
-238
208
138
114
170
-16
-162
-189
55
-175
-32
-34
-112
27
119
-2
-184
-38
-224
-129
-146
-333
-315
-92
-165
-163
-155
-230
53
-81
20
-105
103
-126
-336
-129
-191
-144
-40
-60
-78
-21
134
-68
137
-225
-48
-126
-128
8
-16
-23
-248
53
-274
-132
-265
-324
-239
-143
-330
27
-255
-162
-59
-170
-59
-13
-160
-235
-101
-212
-27
182
76
-135
141
-153
68
-60
-163
-80
-137
-68
11
-247
21
45
-155
-1
-33
-112
-75
-24
-224
-133
-210
-14
98
230
42
283
78
206
181
41
192
236
155
168
342
-151
378
117
160
-45
-43
-28
-21
237
-137
257
-145
112
121
-295
-113
-453
-237
-10
93
-236
-206
-39
-220
95
-104
212
12
-149
396
84
10
218
143
67
274
-35
255
163
20
190
10
333
23
220
-5
-183
235
54
213
560
-147
7
443
9
357
285
62
458
26
-18
459
-86
369
238
26
376
205
-146
-156
277
-246
129
-90
100
-19
-562
22
132
-162
187
425
-98
360
131
70
189
303
84
-160
133
-328
-88
240
-182
-107
-152
-110
-102
350
-317
-260
53
-513
16
221
-474
-467
247
-432
238
-355
-495
-229
-285
-120
-273
-111
-4
1
-437
288
-205
-270
153
-21
-189
-234
-108
238
-454
-75
72
-469
583
-157
-182
-296
-246
-87
