-470
21
120
-73
119
-698
-109
-70
-354
19
1004
579
288
105
-348
81
26
-72
227
-763
-379
385
257
787
80
76
-209
-239
-150
524
263
-312
-686
-306
-85
-140
357
237
-989
-448
390
-65
231
-345
-545
-967
-146
127
409
-147
-628
-153
536
1020
243
-171
-742
-734
-171
525
684
141
-552
-747
-110
173
497
575
-228
-461
-622
-255
44
33
-273
196
-133
-391
47
470
529
-164
-243
-245
-346
-277
196
40
197
-166
121
127
204
128
-158
-281
-231
545
229
156
-148
290
64
-66
244
-271
352
-166
-559
-111
-191
-392
-205
485
316
90
-629
-477
698
372
449
317
-265
488
372
35
-63
-507
-143
369
916
353
53
-415
-763
-324
-21
596
364
364
38
-366
-151
110
277
97
2
-31
-297
-22
891
948
136
-176
-659
28
0
330
463
-341
-119
-107
589
272
410
399
607
-39
-424
-276
-195
258
335
330
131
4
-452
-344
174
343
70
132
-1040
-451
62
408
62
-518
-186
-31
-64
-156
396
83
101
-664
-729
-475
-49
-178
-125
-58
29
-213
470
-166
-1013
-434
-265
-467
-873
-70
-347
16
232
310
-530
-904
-754
-353
392
444
-416
345
412
-75
221
498
378
-392
-300
21
388
-382
2
-227
-4
56
640
282
-174
-774
-838
182
566
658
100
288
-205
-172
-35
692
537
93
-321
34
326
649
1008
321
-425
-376
-240
255
331
460
478
-16
-137
53
526
-282
444
-225
-58
52
-639
-403
-18
286
91
427
-202
-141
89
-78
333
-147
-572
-150
-582
393
746
460
-65
-599
-80
-510
-78
-17
301
406
-283
-371
123
569
639
280
-184
-381
-793
56
180
580
-14
-100
311
188
727
346
143
-612
-210
-87
131
464
239
-398
-119
382
695
1032
765
-251
-860
-744
-828
-45
-184
-671
-519
-257
-137
218
-403
120
-51
48
-83
196
-57
-1232
-499
-343
435
256
575
284
-215
-150
149
-356
-464
103
-279
257
27
-3
10
57
214
-9
-33
137
75
297
683
376
139
187
190
-174
-145
43
53
-581
-176
908
376
-137
64
-540
-233
457
13
27
-176
144
62
305
193
-393
-946
-195
343
14
75
226
103
-476
209
237
276
-89
164
-324
120
156
153
-381
-425
-330
-598
188
49
482
-129
-116
-561
-1
343
542
-339
-676
42
-182
125
303
-95
-278
118
302
274
-94
-315
-61
141
327
351
-55
57
-308
-325
-142
87
92
-223
-138
45
225
56
-87
-133
-8
-230
-535
135
2
457
494
-5
-188
-347
-13
-254
-265
-492
-707
-273
42
505
650
246
-67
-285
-263
-106
-38
-124
-238
-280
-193
-254
271
289
157
-173
263
394
468
479
142
-161
437
171
-110
223
356
1005
16
308
-334
-438
32
-5
-335
-467
-286
-105
-318
307
-119
-32
258
-480
-352
-513
291
249
113
258
-303
-312
116
284
874
-1
-19
-864
327
209
33
504
79
205
-463
-149
-467
-389
-407
195
218
-93
1
305
178
714
-87
184
-266
29
-128
260
538
-174
249
51
482
-188
394
258
260
-397
207
287
-350
-11
80
-16
-190
-11
334
84
-31
-264
-291
-490
-457
-178
-102
403
-536
-761
-409
486
265
510
148
-433
-360
-376
10
-276
-445
-278
-96
-446
-191
339
261
-271
-384
-50
50
-39
-158
-658
-357
-85
-307
-1070
-1197
-811
-268
559
151
-39
-104
658
-10
-101
290
-25
-397
-682
-189
-5
371
521
311
194
580
-157
-69
-136
182
313
-2
-401
-552
-76
-329
279
181
21
464
164
431
553
291
-77
-130
-92
-52
97
-538
-123
-367
419
451
366
74
-373
-113
11
273
-4
665
636
460
562
533
616
524
533
737
-216
-41
-159
184
479
843
400
218
542
297
25
-7
293
-157
268
-319
-78
-90
137
-179
-553
-40
392
133
306
451
168
-24
199
342
285
502
-60
1
-173
-75
45
152
-29
-216
-130
471
-252
131
-69
-82
96
-444
-127
-788
-242
-490
-382
-723
-445
-49
270
385
2
-3
-140
-129
-266
-194
-108
-211
-382
-102
54
-348
-546
-413
-481
-447
-612
-57
-420
-122
-82
-214
-245
-471
-506
-310
-51
-244
-119
84
251
-75
445
211
53
-34
-34
-29
13
22
-225
-108
-226
-11
17
-227
324
231
125
-61
-94
240
381
373
10
145
395
431
308
412
-101
-197
-284
45
-121
-194
-95
-331
-100
150
589
124
107
-102
-52
990
874
389
-115
243
452
325
1019
561
531
142
190
483
660
646
67
18
-194
169
-68
227
282
40
-56
174
-100
-92
76
201
339
7
108
-22
185
210
204
-72
224
-111
-88
-72
90
201
-202
-754
-757
-476
-173
30
-190
66
-113
-323
-422
-92
-136
-361
-252
-93
259
93
-689
-24
-61
579
552
-115
-529
-700
166
175
241
-249
-462
-532
-200
-177
-214
-128
262
-39
-213
-334
-306
216
102
-123
-689
-704
-758
-333
-423
-181
136
133
218
135
270
146
-54
-300
-466
-302
-293
-305
-135
27
-79
-181
117
213
459
263
471
216
271
26
16
-128
-440
-242
-310
189
172
695
545
605
586
524
308
131
-67
-63
440
179
35
7
62
-89
-123
-23
-87
41
-267
-491
-113
-20
280
373
394
-19
30
101
-55
366
425
156
138
247
109
99
149
-119
38
325
320
243
48
291
228
62
-199
-636
-92
-92
-221
-446
-866
5
308
567
610
272
35
-106
-170
12
66
-35
-486
-258
35
513
650
445
571
-79
-135
-175
82
-15
14
-117
-10
33
-362
-324
67
281
91
39
-42
-519
-327
-395
-171
-300
-471
-467
-547
-112
-208
-164
-50
334
-354
-20
46
-196
-55
-64
-394
-490
-472
-338
340
472
296
332
63
-200
119
60
39
-177
-154
36
35
153
-36
29
259
-102
282
-106
291
273
142
1
-320
-9
-165
-169
-485
-407
-171
223
49
-58
-101
-230
-150
84
272
270
-155
-143
-533
-43
-180
-427
-45
20
297
136
360
487
713
191
-221
-654
-293
-1
232
329
309
310
216
408
204
181
-9
6
-66
-201
-94
178
402
356
-85
-205
42
-65
-62
100
136
154
78
199
317
-11
-209
-180
16
118
133
68
26
141
6
-124
-365
-120
-162
-190
-350
-282
-294
-130
280
98
512
453
138
-344
-112
-252
-1
131
-151
-391
-818
-463
-215
-63
84
-128
-316
-412
-469
-201
166
390
147
67
-173
443
163
320
400
-6
-56
-290
86
-113
-76
95
-105
-4
370
272
669
584
-183
-619
-273
82
228
343
111
-1
-105
54
249
373
574
82
-384
-824
-645
-187
299
810
550
-236
-667
-328
81
554
215
-192
-915
-814
-258
169
576
223
-36
251
200
316
266
19
-206
-628
-709
-442
-224
-207
151
146
111
-273
-134
11
36
-34
-339
-774
-334
-12
197
653
134
-134
-409
-134
299
77
-53
-82
-346
11
226
341
463
138
177
-157
-76
186
19
-41
-712
-706
-291
22
93
-212
-415
-261
-53
486
631
441
227
-255
-441
-388
-174
-290
-215
-306
-76
299
631
783
614
372
72
-99
-44
189
143
-31
-165
-348
-121
373
308
-150
-732
-1076
-318
504
1137
1015
468
228
-48
294
431
545
218
-280
-482
-461
197
499
164
-52
-314
-356
-353
246
435
123
165
151
415
87
62
-70
143
180
-216
-98
-73
248
213
243
78
-9
166
218
239
154
-5
64
291
333
555
91
-227
-693
-675
-172
-329
-226
-376
-253
-17
107
75
61
228
295
294
-51
-339
-680
-431
-62
19
67
-114
-241
-214
333
574
284
144
-47
-125
-140
-507
-512
-490
-95
444
336
196
85
125
450
194
42
28
137
-37
-406
-557
-727
-646
-425
75
-44
59
-225
-207
47
-34
-255
-552
-567
-226
6
227
210
195
197
-207
-84
185
-54
-116
-364
-389
-142
-41
310
168
183
86
255
171
222
317
391
68
-315
-423
-10
551
538
216
-155
-802
-799
-345
263
919
512
200
-492
-507
-80
370
527
326
-360
-539
-319
36
603
622
495
126
-61
43
349
736
870
151
-507
-686
-279
349
466
126
-301
-519
-221
47
589
736
572
287
-204
-181
-54
226
148
-125
-678
-687
-676
10
408
436
356
-242
-551
-190
274
423
396
-46
27
-237
-344
-90
-42
72
59
-163
44
56
491
398
122
-32
-251
10
48
-304
-691
-700
-650
-322
-82
-132
-32
-36
283
372
106
293
165
55
-136
-696
-763
-413
-201
116
-51
-53
-85
289
203
-75
-412
-592
-315
-292
4
24
138
-188
-91
108
179
369
-95
-718
-613
-270
-35
576
80
-260
-292
-632
415
696
648
399
374
402
236
461
8
-52
59
-134
-246
-176
97
637
705
350
-97
-102
202
755
727
217
-16
-50
130
380
312
180
-58
-333
-419
-161
-10
-25
56
-78
34
60
235
11
-202
-603
-332
-460
-425
-141
-283
-364
215
946
-470
491
653
-584
895
306
21
14
-1211
-728
-568
-42
601
321
214
246
-51
517
515
204
80
-588
-450
167
392
346
293
38
-127
-82
-213
-388
-252
-110
29
12
213
-8
135
413
383
349
216
-94
-278
-167
-22
-251
-211
-512
-676
-196
-351
-239
56
281
236
71
-372
-539
27
482
290
-79
-534
-416
-82
181
-236
-506
-139
296
586
441
-27
-254
8
39
325
-72
-305
-361
-7
146
542
683
502
415
-190
-254
-203
-59
-437
-412
-318
121
474
384
65
33
262
182
212
70
-122
-227
-541
-927
-758
-277
204
822
771
-113
-540
-400
626
1184
739
-7
-545
-323
455
690
523
64
-602
-109
41
156
76
-78
-71
-580
-341
-189
159
277
-23
-497
-431
-50
458
914
863
210
-813
-968
-748
-93
292
53
-317
-583
-296
239
690
492
38
-347
-599
-213
-389
-389
-425
-469
-435
-292
206
654
1122
1086
471
84
62
116
106
-252
-650
-610
-414
330
794
894
469
-106
-45
71
512
400
-237
-820
-1343
-1334
-328
68
420
57
-402
-955
-725
64
769
782
286
-183
-288
243
367
573
421
535
-258
-287
-172
356
612
364
-155
-820
-483
308
746
543
-209
-812
-719
-109
702
687
313
-111
-155
-139
348
310
279
-30
-342
-549
-403
-296
-170
37
-146
-418
-374
-43
20
481
220
286
-250
-797
-560
205
669
188
-520
-831
-263
504
765
692
329
-267
-558
-820
-516
-201
-188
52
3
-274
-263
63
737
515
261
-293
-562
-215
-72
181
214
325
195
360
147
133
-6
-328
-343
-246
35
226
165
38
228
77
237
79
63
111
-5
-222
-81
252
332
633
151
-287
-132
68
15
345
497
190
134
-117
-469
-181
280
469
70
-590
-1073
-469
303
814
758
-109
-707
-508
294
483
286
-265
-326
283
306
88
-20
-26
-121
-92
-404
-753
-466
-510
-64
169
225
147
-21
-539
-608
13
544
484
-198
-817
-517
354
924
655
-305
-538
-552
-148
290
296
35
200
193
109
207
98
75
145
-159
11
46
55
197
-13
-452
-598
-91
452
722
398
-49
-294
97
223
618
460
-48
-637
-789
-449
-52
197
216
150
-402
36
501
800
605
-96
-511
-95
625
562
-81
-779
-1006
-377
652
929
543
-49
-648
-767
-314
175
684
390
-445
-1004
-584
291
944
974
-5
-801
-1139
-483
154
291
154
-95
-226
-219
-269
231
429
179
-129
-777
-475
-207
-162
175
-18
-604
-468
-383
398
863
618
22
-438
-681
-395
185
336
194
-225
-21
41
562
707
609
137
-47
-363
-386
-55
197
409
137
58
236
654
780
828
359
-393
-657
-646
-467
-244
-320
-256
-430
-290
98
156
-22
-387
-476
87
-39
-216
-685
-520
135
421
462
20
-373
-489
-97
328
519
75
204
-118
-39
201
486
454
330
134
-246
-162
92
221
305
307
-145
-369
-402
-109
512
852
227
-96
-369
156
590
664
226
-296
-498
-159
198
169
172
-188
-118
-126
136
-151
-328
-453
-364
74
407
167
-263
-520
-670
-89
253
-90
-406
-535
-120
411
792
565
-3
1
81
202
-69
-110
-370
-129
105
340
291
129
97
149
291
20
18
-31
52
-480
-703
-507
195
707
699
195
-435
-705
-357
294
513
217
-392
-542
-321
196
403
50
-60
24
-90
-208
-367
-116
212
158
-238
-411
48
949
919
536
-14
-218
-76
166
167
-188
-414
-238
-33
-45
140
-265
-10
80
142
-144
-352
-231
42
342
147
26
-233
-298
-321
-249
-219
-185
-42
48
414
684
757
713
480
263
-40
-224
-278
-342
-388
-183
-171
-105
185
573
629
499
-55
-322
-28
421
764
412
192
-117
-33
148
168
90
-39
38
90
45
-62
-28
315
292
-81
-536
-463
-267
-52
-147
-595
-604
-630
3
-33
-20
-242
-502
-282
94
644
694
366
-231
-333
-137
500
707
844
418
102
-72
-86
182
-181
-263
-336
-83
16
-137
-76
-31
88
211
74
185
60
-175
-361
-217
-253
-227
-708
-981
-534
-276
267
154
5
-262
44
160
214
3
