-2302
-1482
3812
-2595
166
806
-157
64
322
618
111
-1024
1258
1031
-3070
3250
141
-3674
4957
-886
-3322
5405
-2094
-1462
4066
-2171
-236
1484
19
-222
591
615
-217
120
-105
1558
-1934
803
2119
-3432
2433
946
-3310
2442
184
-3007
2405
-412
-1846
1669
-456
-516
159
139
153
-915
29
1140
-2015
484
1713
-2815
1144
1899
-2564
1115
1848
-2504
853
1313
-2329
751
844
-1726
711
484
-1191
277
147
-728
38
-54
-424
90
-191
-16
463
-873
530
-99
-1504
1155
-1112
-771
595
-789
-237
-146
-99
-629
-313
222
-403
-155
208
-36
151
-206
387
358
-812
560
43
-568
825
-715
-109
207
-772
346
-735
-298
-159
-655
-6
-517
120
-642
219
301
-602
696
143
-161
326
111
-89
303
156
142
209
-206
726
27
-314
1515
-1020
480
998
-1630
1394
-158
-589
1582
-689
22
659
-894
204
132
-645
158
266
-529
576
366
-615
1356
-168
-73
1082
-614
712
123
-253
772
-190
65
626
-140
71
422
-210
297
416
-661
314
445
-925
841
138
-900
893
-513
-450
1216
-562
67
736
-745
471
393
-518
472
148
-497
452
-99
-353
383
-637
-634
366
-703
-209
525
-793
452
161
-468
1114
-230
-175
799
-510
151
187
-226
520
2
26
452
34
-147
392
-19
-171
300
-591
-119
-40
-779
186
-102
-153
210
-310
-24
-9
7
-225
-19
-52
-571
118
-438
-516
269
-730
-50
560
-533
392
397
-145
230
-372
-119
-23
-296
109
-57
235
118
39
484
-3
-34
431
-97
-83
263
-250
71
7
-176
242
-60
-145
185
-6
-127
-16
-9
-72
-116
12
55
37
195
18
122
237
-259
-54
96
-345
150
252
-254
464
54
-194
213
-51
112
133
-119
111
261
-152
160
3
-187
48
-20
-34
23
13
-149
-57
18
33
124
152
-12
-203
182
170
3
338
3
47
44
-83
125
38
87
120
271
80
34
222
-27
-136
51
-258
-463
-176
-272
-201
-142
-50
-42
10
156
-39
111
25
-296
-124
-217
-318
-215
-293
-120
-123
-122
-21
-224
-237
-42
-127
-31
84
-185
36
100
-115
5
-52
-114
-39
-67
-266
-308
-168
-47
-4
-41
-160
-219
-87
-173
-254
-152
-283
-246
18
-103
-316
-7
-35
-335
151
114
-106
103
-8
-141
41
59
62
195
82
102
-2
-94
-81
-69
-117
-95
-38
64
77
54
77
67
47
22
169
15
85
195
-8
128
213
100
152
-55
21
108
31
132
24
90
232
-39
-178
75
-325
-152
103
-159
175
211
16
236
247
57
142
109
233
176
32
174
109
135
182
122
127
-25
-126
65
193
-152
45
173
-338
105
153
-8
281
25
131
136
-3
215
108
1
16
-84
38
74
-106
88
-41
-40
125
-42
-85
-1
142
-35
-81
-140
251
-14
-206
141
-161
85
-102
-42
14
-31
104
-100
30
-169
-218
93
-13
46
261
-140
-109
52
-82
-119
-114
-64
-101
-177
-138
27
-355
-243
-117
-304
53
40
-92
124
-150
-162
74
-89
-11
33
-134
-136
210
-50
-143
-9
-71
-73
-18
77
157
65
107
239
-102
-21
11
-43
16
-65
-20
82
-66
-141
99
-129
-184
-27
-155
17
-74
-67
26
-167
-40
12
33
248
153
168
145
1
145
98
-319
-226
-67
-280
-83
-111
-192
-190
-149
-108
-119
-33
18
11
112
140
-6
-20
256
99
63
340
26
35
118
17
1
-16
-17
-64
-62
118
-27
139
166
-139
3
116
28
14
213
267
273
39
121
69
-58
-12
-60
41
28
31
131
90
-53
23
55
-115
-101
-41
-25
85
-8
-6
39
-65
-104
103
84
36
106
344
208
11
232
163
62
148
149
-41
23
39
-53
-260
-161
-125
-223
-165
25
-2
-60
163
144
133
161
90
28
22
-31
-59
-110
-44
30
31
150
86
-123
-165
-79
16
-61
-13
112
156
206
291
402
393
-99
495
509
-134
279
105
-18
-31
-5
91
-319
31
234
-805
178
96
-755
-19
-190
-269
-213
-66
100
-95
-95
320
-72
-106
-396
-367
831
-1119
-499
1190
-939
-495
908
397
-500
20
753
-318
-707
515
248
-491
99
415
-145
-104
100
-137
310
-580
-330
750
-478
-530
575
349
-470
13
642
-102
-346
283
229
-148
-42
-1
-189
-309
115
-31
-125
208
71
148
87
-60
-42
-245
-206
303
-11
-39
172
149
-143
-53
119
-127
-2
-116
-50
-157
78
123
-175
-26
176
-391
-89
270
-328
101
219
134
60
140
250
-146
19
79
-258
4
16
-79
84
10
45
-90
-150
107
222
-24
40
259
59
-73
66
76
83
37
165
428
136
31
91
-96
-291
145
397
23
-125
37
196
54
-8
87
-55
-126
-50
-137
23
63
-44
53
63
-73
30
170
64
-48
264
332
30
113
136
-104
153
253
-255
67
211
-215
-42
56
-250
-339
-217
-63
-270
-178
93
-194
-267
20
-137
-117
-67
-66
156
-19
-71
49
85
-244
24
-35
-170
-188
57
-58
-540
283
87
-217
125
103
-125
-106
172
-145
-178
103
-296
81
-154
-388
289
-303
-142
-12
-276
-37
-239
-28
8
-261
123
78
-86
35
45
-222
-122
-2
-86
203
122
79
23
115
76
133
115
-32
77
128
-10
37
76
129
44
-167
142
110
-3
89
326
46
-94
199
87
4
40
120
273
80
116
348
137
-16
62
71
-180
-181
87
-93
27
62
-112
188
17
-73
-56
-173
-84
-46
-117
33
66
25
35
209
-60
-116
68
-233
-174
-179
-150
-354
-54
89
-154
-104
136
-14
-239
149
-227
-265
258
148
219
547
540
357
248
358
18
-9
-20
-188
27
-131
-132
-213
-150
-195
-193
93
-19
-50
24
-135
48
149
37
135
80
131
-46
12
47
102
-18
-69
162
-136
-153
-78
-45
-157
-86
-111
-259
-131
-262
-186
-210
-259
-103
-70
-142
-69
-16
-48
110
91
75
-32
-75
-21
19
-110
-189
-260
-290
-328
-365
-186
-229
-125
-56
-75
16
41
32
235
293
206
163
315
255
118
59
107
105
-245
-48
-141
-144
-121
-70
77
-196
21
80
28
-129
-154
32
1
-220
61
243
-15
152
-88
288
233
67
464
200
110
238
418
202
252
302
175
78
107
201
-32
93
227
187
133
216
156
77
252
94
-4
36
-59
-4
-54
198
-96
-75
393
-196
-1
34
-225
1
-110
-24
-170
-197
3
-89
225
78
65
74
-158
7
-72
-9
-55
0
187
89
-29
26
48
-58
-117
-103
-124
-149
-123
-31
-228
-167
-74
-89
-59
-236
-53
-81
-128
-125
-161
-31
-72
-120
-57
62
169
120
151
-59
-229
-83
-242
-281
-139
-135
-83
-163
-84
-87
-249
-138
-206
-197
-231
-120
-81
-56
96
53
167
202
115
71
49
-9
74
-36
51
23
-83
-50
-90
-48
-127
-154
-118
-121
-136
-36
-182
-175
-203
-134
-97
-106
6
-126
79
26
-118
-83
-107
-90
-59
-78
63
178
8
109
36
66
145
104
201
238
205
260
343
121
214
202
54
37
-60
-38
-115
-113
75
67
104
199
181
283
389
215
250
345
240
518
481
444
550
481
592
423
271
221
69
118
11
39
192
-37
-13
27
9
5
-131
35
-8
-116
31
13
10
-72
-95
-66
5
64
-76
92
161
66
-3
-44
-30
-122
-185
-14
147
28
177
21
49
60
-146
51
-56
-39
58
-55
-256
-309
-289
-216
-198
-245
22
-6
-591
231
99
-877
-112
-140
-343
-503
-191
317
-154
-197
139
-4
-119
-96
79
186
-24
-320
242
309
-879
86
368
-774
-87
515
-626
35
436
-698
24
-522
-311
-228
-692
360
-9
-198
358
73
1
-106
-344
-100
-352
-590
-134
-16
-647
419
-14
116
786
-467
591
-74
-503
214
-487
-61
-11
-530
205
-45
-180
338
13
91
153
-71
123
-8
58
575
-159
91
450
-44
-24
142
-18
-143
-136
-175
20
-91
15
290
63
-57
574
-28
-460
446
247
-301
339
750
-117
396
590
-9
209
-217
-92
-53
-280
266
121
165
528
186
330
25
-184
-80
-190
-51
-24
-330
-50
257
-159
186
348
282
256
27
371
435
-459
11
469
-442
-47
460
-45
197
130
30
247
-352
-186
-71
-80
-199
-335
138
53
-128
-94
-134
-54
-12
-105
38
-78
33
-73
0
223
-25
89
-268
-51
-301
-544
104
-315
-543
53
-436
-323
207
-467
-103
-308
-157
-41
-465
114
-24
96
102
65
468
-14
-174
41
-282
-306
-194
-128
-71
-112
-26
44
106
119
61
178
113
329
-120
-343
354
-321
-189
398
-368
385
607
-173
229
152
348
-304
-279
289
-210
-73
54
394
356
-149
88
191
-92
-169
83
206
-366
191
419
62
344
310
319
-100
-339
-126
-682
-188
121
-626
496
488
-329
651
643
-259
-8
179
111
-328
-173
316
-48
114
144
370
278
-5
118
-8
75
-238
-69
115
-438
196
301
-99
237
408
400
-49
7
241
-533
-123
102
-558
534
474
-423
623
510
-608
-206
232
-29
-432
-33
213
14
14
251
368
275
244
-99
-36
0
-264
-152
-285
-345
140
-88
55
392
213
222
-157
52
-80
-588
-60
-136
-362
488
25
-374
568
-13
-481
-199
59
-210
-458
-83
42
44
-62
-102
-164
-93
-165
-502
-161
-68
-318
-148
-510
0
248
-258
216
419
192
-34
-133
100
-296
-552
-125
-631
-355
266
-537
-256
390
-119
-363
-104
-23
-160
-413
-92
51
54
237
168
377
416
375
-17
64
189
11
-37
-219
239
455
-101
-11
269
218
58
-93
163
-143
-197
151
-183
11
725
-56
10
684
-9
44
-46
62
82
-18
53
64
237
151
131
-26
290
184
-146
-144
-198
-352
-253
-542
-93
348
-122
157
303
334
-34
-32
176
-117
-125
288
-245
-196
550
-15
48
534
134
84
74
-49
-56
-56
110
27
166
110
228
180
126
77
-117
-257
-240
-94
54
-188
-110
379
24
-66
190
244
-210
-310
-50
-141
-467
27
-170
-283
269
91
-11
292
343
-72
112
86
42
-175
-91
-24
-38
191
100
167
359
206
11
-162
-107
17
-42
-108
-37
425
167
112
236
214
-103
-317
-136
-295
-320
-89
-173
-308
132
50
-132
63
100
-194
-89
84
50
-96
-59
29
-73
66
26
-100
-77
70
-181
-165
-126
-103
-61
-161
-125
276
251
99
222
231
35
-86
47
-149
-170
159
212
-7
414
133
-132
117
244
-36
-114
60
-127
-236
-194
-100
-126
229
311
160
163
360
123
38
131
-20
-17
3
36
336
165
-52
301
245
-8
-135
47
-162
-422
-144
5
-224
86
85
-203
-28
19
-119
-187
-81
-190
-223
-114
-56
-91
9
88
177
75
94
-32
-78
24
-22
-67
-173
29
6
-102
-33
112
144
12
-91
79
-191
-341
-167
-328
-193
58
-127
-154
131
43
-87
-175
43
-75
-195
-50
-88
-137
87
225
59
36
11
-3
-116
-16
-29
13
-118
13
41
-102
-113
-1
187
-68
-143
26
70
-41
73
-113
-204
-160
-210
-109
-37
-13
39
-161
-162
-119
-200
-124
-177
-80
24
-18
-23
97
132
22
-5
14
-153
-142
-141
-93
49
32
-2
23
127
66
-100
-63
-251
-267
34
-221
-189
37
-101
-36
76
109
-2
46
143
17
118
64
44
189
243
241
201
240
33
-77
-45
-155
-71
-98
-127
-77
52
-9
-103
7
35
106
23
135
43
124
167
-44
71
54
-46
85
176
144
233
99
-31
-109
-110
-135
-104
-92
43
148
153
280
127
84
64
31
178
139
144
304
461
382
226
246
220
285
163
81
32
47
124
-68
7
68
-137
83
119
81
28
27
-98
-112
-224
-256
-170
-251
51
-157
-32
-72
-131
-115
-268
-318
-235
-101
-119
0
90
77
15
236
350
142
233
120
-20
-68
-241
-94
-98
-243
-178
-81
-66
68
26
-73
-183
-143
-132
-148
-103
26
108
104
138
63
63
16
-78
-48
-155
-189
-103
-31
66
103
166
140
41
7
-88
-149
-12
-104
-283
-137
-218
-270
-23
-71
15
-30
-78
-171
-70
-147
-207
-99
-37
42
2
43
-45
46
30
31
-72
-32
-8
90
148
215
196
216
222
15
29
-57
-222
-342
-315
-386
-282
-224
-290
-81
85
43
-42
-28
-19
-128
-165
-157
-35
61
138
157
69
140
80
-17
40
132
65
5
12
66
126
53
141
55
118
145
222
308
109
58
207
176
66
221
90
228
147
21
20
61
23
-41
-5
18
31
-49
88
102
91
-22
58
-9
-91
82
144
-89
-20
100
62
-10
38
274
63
127
85
-27
-84
-99
-88
-2
29
5
26
178
250
-44
2
-8
-61
-31
95
162
184
55
100
5
-63
-30
-22
-21
-135
-72
-69
-5
-57
-56
-74
84
87
169
89
1
45
-91
-127
-146
-32
-122
-134
-170
-175
-109
-134
-91
-152
-217
-138
-103
33
-7
17
69
-117
