71
-19
145
169
52
55
-133
-47
-35
92
3
39
2
164
29
199
71
60
113
67
54
-55
9
-175
101
-150
34
-115
-111
-64
-178
-92
-243
-249
-324
-57
-170
-175
9
-125
-171
-29
-19
68
115
-37
35
-12
69
-19
67
78
60
50
143
22
39
-45
-183
4
-6
-7
-192
-194
-212
-9
-130
93
28
-34
-51
23
106
14
-14
-49
143
185
193
98
19
-141
-52
-61
-23
-73
-30
-138
34
-44
103
-30
-140
10
-101
154
107
212
50
26
11
166
139
83
-32
-63
-5
-4
88
53
-8
-158
0
-39
20
-22
-13
-231
-294
-40
-72
-135
-8
-71
-66
114
45
83
39
134
44
76
-86
37
-8
-42
-38
-75
-20
43
259
196
228
31
123
82
132
193
-7
-43
-35
171
234
234
236
129
-12
30
166
67
47
-15
-7
-114
40
158
181
47
111
116
131
203
75
56
-127
35
62
106
-10
-11
-106
-6
43
-130
-116
-216
-166
-208
-106
-250
-337
-338
-402
-229
-106
1
-136
2
-70
-111
36
60
121
17
26
48
-83
-86
-79
11
65
56
1
25
36
-95
-59
-258
-57
-144
-41
-12
60
-36
12
31
1
71
-68
-44
-152
-113
-163
89
117
70
-182
-192
-169
-21
-75
82
-38
-94
-69
-14
-152
-204
-105
-240
-54
-9
84
42
-19
-238
-63
-162
99
64
92
-66
73
32
150
132
-175
-53
-150
-94
-227
132
-14
6
-143
-71
142
133
12
-140
-79
-165
-46
-10
55
-25
-28
75
53
188
259
337
132
100
37
171
91
-26
47
74
100
141
301
90
140
172
166
139
236
48
-6
-96
-54
116
339
250
259
262
220
188
138
140
92
23
93
227
163
105
66
235
195
253
-5
195
-22
91
10
-17
-60
-94
-154
-178
-187
-175
66
-195
-55
-146
36
-57
84
24
-79
-235
-144
-98
-128
-252
-183
12
-141
-179
-173
-157
-176
-47
-21
12
-101
3
-121
133
24
-109
-112
29
99
20
124
73
175
77
258
207
-38
-84
-171
-163
-188
-73
-125
-101
-140
-95
-98
-106
163
30
128
-109
-15
-118
60
42
-182
-244
-167
22
147
307
137
313
203
290
234
260
141
71
178
131
67
129
88
62
-96
-38
-57
128
150
6
-27
-231
-87
-224
-124
-294
-272
-297
-301
-222
-120
-54
-131
-115
-88
-172
-409
-133
-116
-10
87
2
121
-16
116
-24
-81
-134
-18
99
92
120
139
239
178
147
-52
32
-73
111
-5
-60
-23
-14
0
118
124
-18
-44
-33
-15
-7
110
-78
-79
-21
127
77
110
-67
39
9
117
143
111
112
-2
79
8
52
-80
-108
-122
-10
66
0
68
-11
-136
-179
-156
-155
-115
-34
-156
-81
-87
139
123
-18
-281
-30
-42
176
334
-8
44
33
229
64
79
64
40
-19
7
33
39
-33
-16
-77
-98
-55
234
207
110
-60
101
142
101
68
22
56
10
43
-11
155
-21
90
64
244
78
168
6
152
108
161
206
39
231
283
227
20
270
60
-110
-204
16
-90
70
8
-214
-218
-181
-16
60
-145
-216
-147
-72
38
79
5
-172
-39
-22
-27
-232
-30
-191
-45
-16
-25
-81
20
-74
-218
-55
-224
-42
-54
-10
9
65
-24
72
104
210
41
63
20
-26
102
152
52
35
38
24
136
-132
-73
-179
-105
-21
-21
52
35
76
-53
-64
-6
90
29
-62
17
-125
-82
-68
-35
-180
-43
142
193
-9
-88
-81
-179
66
23
-150
-260
-162
-178
30
31
9
36
59
62
71
28
-105
-69
-183
-26
-13
-364
-291
-178
-45
-32
53
-33
-57
-133
-68
19
-124
-218
-404
-76
-8
155
133
210
161
178
198
206
84
76
113
55
8
63
17
-45
52
-43
15
-21
86
-59
-43
-81
127
108
159
102
79
80
7
101
8
38
50
86
66
182
180
81
58
-66
-94
-53
30
91
-118
-50
-47
11
56
-20
-50
-14
88
169
75
5
29
37
-6
-81
-62
-78
-12
-161
-89
-38
156
16
-64
-66
-47
-43
-211
-233
-359
-206
-214
-34
-37
-25
-30
53
165
324
152
64
22
102
116
249
245
53
-15
-12
141
-27
-15
-45
141
30
176
91
136
24
-38
-67
-43
-169
-137
33
88
-102
-105
72
-79
196
45
29
-23
-21
-26
-34
-67
-17
-127
-99
-139
-59
88
152
33
5
-133
-114
-77
-34
-135
-171
-135
-206
-98
-155
-178
-319
-239
-177
112
49
93
-64
-120
-18
13
-37
67
-131
-135
63
253
152
72
144
78
87
178
299
106
-66
-30
203
143
41
-86
-18
-20
40
-11
-117
-66
56
-8
100
23
-91
-63
61
24
26
-26
147
17
28
131
134
245
68
78
67
256
105
73
9
168
118
210
137
113
137
23
83
-30
57
84
140
-80
-83
-113
48
8
118
80
-133
-181
-137
-74
-96
-61
-233
-139
-151
-80
32
33
-245
-182
-276
-173
-184
-31
-37
-90
-121
-124
-119
42
-37
-101
-72
-165
153
59
244
-17
-42
-35
175
242
154
22
-14
18
174
174
30
-115
-103
-10
22
59
-15
-51
-126
-69
0
-39
-202
-169
-199
49
-42
50
-15
70
31
-103
-71
-92
29
-76
-85
-271
-60
-157
-98
-206
-210
-124
35
108
-90
27
-229
-157
-177
-77
-79
76
-98
-124
-118
-19
59
18
-127
-263
-40
-14
49
58
167
-31
260
128
84
10
-85
-46
188
60
-72
50
9
10
226
368
-1
-63
-297
-92
-59
-8
-208
-155
-2
122
168
146
25
-100
-37
106
110
-71
77
-137
61
52
67
-12
101
-24
8
93
211
212
163
313
103
79
-145
-47
12
187
-147
-161
-147
190
155
138
55
-304
-124
-60
141
-75
-161
-239
43
-51
206
110
-66
-48
157
312
265
144
-28
47
140
265
152
48
-283
-124
110
109
-36
-61
-259
-174
-5
153
19
84
-43
48
251
246
66
-176
-16
-7
110
-3
138
90
220
73
77
113
117
59
58
86
-51
-4
33
71
-66
36
-124
-28
75
6
28
28
-66
-155
-23
-118
-49
-149
-211
-225
-28
72
-5
-29
-121
-43
-37
67
12
-2
-100
-113
-122
65
116
199
-2
-114
-227
-42
226
63
-221
-283
-104
-15
62
96
6
-259
18
152
134
111
90
-129
63
102
208
187
-17
-224
-113
81
113
66
-51
-221
-252
-107
-16
36
7
-96
-219
-38
212
255
111
-39
-9
186
286
481
162
-5
-100
-57
69
104
-120
-120
-150
-50
212
249
21
-227
-242
-102
83
127
29
-4
-18
-78
-173
4
179
-225
-435
-599
-159
-106
69
-62
-187
-160
-37
197
89
-7
-329
-249
-216
197
180
84
-191
-127
27
150
381
-5
-112
-74
28
25
113
-14
234
-20
-100
-34
65
76
170
129
-206
-72
139
114
-22
30
-270
65
-26
171
31
-52
-80
16
107
33
-8
-59
-70
72
86
-35
78
-13
114
-18
26
-67
-97
-204
8
-82
-58
-171
-30
-88
-49
-49
-52
-25
-13
56
-13
-23
60
184
104
251
121
31
-114
39
45
82
-93
-5
-64
195
296
391
259
79
74
247
186
50
-42
-98
91
131
248
94
67
-184
-119
-180
94
-21
-71
-109
10
99
266
220
71
-32
111
133
148
146
-6
252
274
408
160
43
-76
183
37
116
-58
-119
-96
77
174
78
-65
-83
-58
22
148
113
104
-31
132
-124
226
106
-21
-133
32
92
151
-15
-263
-202
-232
-159
93
162
-4
-254
-361
-117
43
125
-61
-132
-248
86
133
137
-38
18
-91
84
142
166
-25
-300
-254
-310
-202
-42
63
-109
26
-27
140
54
167
54
14
-97
-8
35
38
2
-186
-166
-78
68
-26
-19
23
125
-12
59
-173
-174
-261
-31
-59
-75
-24
-172
-109
-270
16
-157
-148
-197
-138
-98
58
252
141
-117
-377
-203
-133
57
52
134
-69
-97
74
218
178
95
-42
-196
-161
36
128
45
16
-423
-295
-115
156
149
-61
-296
-166
-68
107
99
87
-114
-40
48
89
266
100
219
-12
225
313
393
204
231
-145
48
251
265
-17
-103
-54
-79
88
-131
-82
-172
205
-55
-77
-132
7
110
12
-116
-176
43
124
-57
-148
-222
-188
-207
-204
-105
-127
3
-234
-90
-30
183
32
-149
-260
-179
-43
-30
125
-63
-38
-68
155
152
276
82
-191
-221
-243
-6
51
63
-157
-127
-123
189
206
219
116
-54
-11
181
258
212
109
-38
-65
36
169
-21
-21
-194
39
-133
30
81
299
135
67
51
-112
104
88
130
-7
61
9
240
141
218
-43
-69
15
117
197
54
-82
-131
-125
-37
23
-65
-148
-347
-212
-285
8
-14
-40
-191
-233
25
123
116
-94
-155
-285
68
101
69
-175
-112
11
14
157
-21
2
-58
1
-19
233
157
283
114
-42
0
17
13
108
81
41
61
50
180
106
309
77
-22
-331
-98
-20
42
-167
-274
-166
140
396
197
46
-134
-102
-19
75
2
-30
-310
-142
-107
103
77
117
-62
-68
-95
60
154
40
-96
-161
20
-28
75
-16
5
-156
-75
79
255
35
-32
-137
31
196
234
-133
-163
-108
-79
182
-24
116
-67
278
150
178
105
21
110
-154
-3
9
8
-4
105
-151
-47
-8
22
85
18
-168
-124
-191
-211
-118
-114
-70
-164
-37
-360
-116
-92
84
7
128
66
127
-38
-94
71
-155
23
-161
18
119
187
77
-22
-138
144
106
145
-48
-42
23
170
175
50
-44
-46
-44
-83
87
36
-43
-63
-78
-125
110
-17
130
2
74
-51
39
15
93
48
-20
139
107
92
41
13
104
84
57
35
43
35
-49
33
-53
-198
-197
-82
-41
112
-65
-76
-78
113
12
216
34
197
84
172
27
-110
25
-167
-63
-278
-214
-198
29
-15
65
-50
-82
-173
-43
-7
205
61
-16
0
128
255
45
-96
-83
-32
152
104
-101
-56
-129
-56
-38
98
102
216
115
-89
-336
-310
-183
158
141
80
-194
-246
42
365
215
13
-237
-160
85
122
130
-170
-200
-215
56
-39
21
-65
-28
-60
186
154
195
40
43
29
46
41
-10
31
-10
226
187
392
278
334
5
70
-53
90
146
244
7
-195
-133
-149
88
165
135
-182
-158
-127
280
-34
-31
-139
-84
46
88
182
17
-265
-332
-69
102
318
-53
-153
-299
-96
249
325
172
-193
-306
-179
33
185
32
-253
-304
-60
55
221
79
-70
-5
32
225
156
165
-14
158
92
240
171
27
-25
-37
46
-121
91
-42
142
19
147
74
74
68
1
67
-90
109
-76
-9
-16
131
39
110
216
132
38
26
30
160
114
-23
-4
-88
37
-41
9
-90
-83
-73
86
-29
-33
-51
-186
-261
-61
21
-31
107
-215
-215
-197
39
201
-35
-313
-307
-294
-40
130
-47
-175
-379
-155
-97
75
20
-173
-117
-35
18
123
43
11
-133
-304
-222
-242
79
15
-100
-121
-84
-48
221
171
16
-204
-181
-32
133
252
-96
-57
-153
66
54
41
-161
-153
-92
71
71
-116
-47
-111
110
-20
165
101
130
2
69
108
-33
-27
122
107
256
282
-32
29
16
122
42
305
139
-6
-87
-30
-43
9
60
99
5
-132
9
19
189
-183
-318
-310
-90
172
88
67
-129
-113
-30
242
119
-139
-268
-333
-104
155
125
-7
-65
-149
-29
131
155
38
-59
20
127
92
50
-155
9
-16
105
85
69
-82
67
32
115
62
-116
-45
-87
34
-131
-59
-165
50
-52
-69
-120
-83
-166
15
-76
76
67
-72
-159
-223
116
50
110
-224
-131
34
197
103
-95
-91
20
-167
4
-200
-200
-160
-92
100
3
93
-124
72
-109
-41
54
216
42
63
-111
-29
-59
-64
-20
-170
-67
-61
117
50
127
-71
18
-61
111
36
54
-27
-46
62
202
184
145
31
-28
236
117
185
-24
-13
9
182
250
95
-100
-282
-113
0
123
-43
-167
-72
-135
94
33
-39
-149
-111
-35
191
124
-71
23
9
-10
-84
91
-32
127
4
90
24
68
155
146
224
80
77
65
182
-69
75
-69
42
22
77
53
-25
88
39
88
52
18
-159
-13
-60
91
90
85
-57
102
20
189
322
135
160
156
169
148
15
-103
-194
-186
-20
-16
91
-223
-94
-152
64
66
33
-193
-227
-99
-23
5
-92
-88
-178
-84
-24
30
-71
-171
-344
-132
-77
3
-202
-64
-35
-30
63
114
177
133
70
108
55
130
176
130
0
-168
-68
15
95
8
-44
-145
-52
-68
90
-26
-88
-256
30
-2
16
-53
-132
-179
-214
-107
-115
-75
-169
-152
-222
9
-37
207
51
142
-55
15
37
-16
-20
-2
50
136
164
176
203
75
61
28
167
101
229
-3
97
-10
97
14
152
-66
-117
36
24
17
