-104
-140
-238
-144
-70
-117
26
-103
-23
-99
43
-85
-237
-243
-62
25
-159
-329
-324
-157
-17
-112
-80
23
-200
-322
-29
-28
-77
-254
-26
-31
-146
-67
-136
223
-125
-109
68
149
54
-183
68
34
207
185
134
175
169
247
169
425
161
70
1
68
-143
-335
-488
-337
-423
-831
-964
-847
-489
-552
-402
-416
-432
-555
-305
-157
-156
-233
-84
-170
-13
-138
-309
-236
-90
-7
-130
-118
-129
-102
-252
-170
-280
-251
-326
-194
-90
107
-14
0
52
-20
156
219
289
42
183
23
176
19
7
214
240
306
195
340
402
500
103
-50
17
117
120
113
117
366
339
196
183
140
80
2
-7
36
17
-32
-5
57
-61
-47
211
313
379
157
100
235
157
1
102
7
-23
-31
150
83
173
252
344
387
303
230
209
295
249
245
292
219
-23
-56
-88
84
3
14
-61
-158
-117
51
81
179
95
202
124
174
202
143
107
-87
37
-93
225
169
145
87
47
109
164
203
306
241
6
61
38
120
160
110
332
275
95
-87
-106
-37
-51
-69
-403
-482
-433
-364
-265
-362
-515
-800
-547
-460
-654
-849
-910
-451
-519
-425
-654
-450
-255
-175
-138
-245
-137
83
182
218
156
149
260
230
283
119
181
216
298
117
91
190
182
-119
-95
-156
2
87
129
367
206
125
64
356
269
120
-61
66
121
-26
42
-130
148
-36
-135
-187
-69
128
-33
55
29
-13
-183
-375
-573
-208
-276
-228
-238
-363
-465
-567
-500
-338
-208
-372
-431
-604
-560
-415
-315
-150
101
-82
-201
-55
-56
6
199
46
220
120
170
368
569
499
559
501
442
597
512
514
337
535
503
657
558
696
456
347
173
22
101
-125
-170
-289
-204
-457
-224
-74
6
51
-181
-280
-259
-34
-239
-296
-461
-252
37
134
28
-228
-363
-401
-84
-16
-26
-142
-366
-393
-153
-167
-62
-106
-46
40
25
-170
-77
-21
106
179
-147
-183
-136
-96
-38
205
413
489
194
-61
-138
140
31
107
151
280
268
34
98
214
-12
-120
186
172
203
-18
-26
128
129
168
145
-110
-141
-162
-463
-659
-801
-786
-409
-587
-780
-686
-540
-386
-580
-575
-688
-633
-534
-489
-336
-342
-190
-295
75
177
151
46
197
388
185
318
242
378
321
166
63
73
292
402
257
338
318
394
516
476
256
144
212
314
278
130
29
417
606
435
177
15
1
15
71
28
64
127
289
302
343
342
399
367
339
233
192
172
6
-9
43
40
76
-167
-361
-508
-101
74
51
-72
-204
-71
-76
-137
-19
110
13
78
89
266
271
277
177
284
112
22
151
90
-1
-165
-163
-169
-62
-7
-40
-99
-101
-296
-394
-69
-248
-162
-240
-182
155
-66
-164
-55
335
189
62
-49
245
374
162
-26
-32
171
117
154
108
128
68
-55
119
375
398
350
402
490
161
331
196
289
436
164
62
223
170
-171
-26
-164
-280
-280
-310
-456
-294
-551
-577
-357
-367
-368
-274
-84
-219
-107
-77
-140
-318
-194
63
349
375
233
43
238
229
358
425
62
43
-2
167
-44
-28
-132
261
340
464
398
223
162
-24
96
63
192
5
49
20
-182
-215
-26
30
56
47
234
683
474
-128
-303
-266
-38
-228
-250
-187
-227
-177
-367
-123
-198
-319
-390
-351
-564
-1014
-985
-926
-854
-832
-728
-611
-298
-357
-293
-57
19
-86
-9
-30
-131
50
128
246
202
270
431
582
577
431
375
646
339
47
196
401
802
784
557
435
234
272
369
160
87
128
0
128
-191
-166
-37
351
478
80
50
58
-22
-189
-29
-178
-210
-160
-186
-38
-158
-462
-137
137
-17
-553
-386
-133
136
37
-301
-140
107
-93
-307
-76
-107
6
-292
-260
13
162
46
-67
-85
-84
41
134
84
-163
-117
26
194
-59
-433
94
154
-56
-25
-14
142
185
-111
94
318
180
169
-29
182
629
555
313
59
-90
130
-4
-39
-52
-211
-460
-429
-624
-394
-430
-489
-531
-475
-410
-435
-399
-460
-348
-570
-95
-19
-128
-158
-51
-17
-10
-223
-21
-66
-97
-94
-125
-191
-434
-249
-295
-98
-26
179
-38
5
77
93
152
-2
206
373
252
-65
445
669
526
364
149
338
386
278
15
243
276
192
224
338
399
335
340
311
340
167
280
316
140
-156
-44
11
78
83
-59
-12
-118
-84
-189
-32
38
-189
-151
239
-154
-237
-195
-244
-239
-330
15
16
39
-148
-105
131
260
100
227
112
113
201
67
122
-20
-112
1
47
44
7
94
182
15
22
-77
73
-120
-124
59
276
165
168
52
323
375
397
523
200
308
-19
203
301
423
382
97
124
51
4
64
-194
74
115
85
68
40
-47
25
6
-357
-484
-443
-778
-761
-180
-675
-529
-552
-515
-81
-332
-718
-467
-343
-295
-606
-461
-145
-13
-321
-423
-80
-104
-1
-8
391
335
224
-60
161
214
153
319
363
369
269
273
518
586
370
175
177
17
-121
13
58
190
6
-105
-4
102
338
304
382
89
-235
133
133
227
-123
-207
20
78
-456
-511
-252
-267
-348
-444
-554
-563
-432
-810
-526
-420
-260
-193
-68
-71
-376
-286
-338
-287
-266
-143
-65
302
-88
-268
63
-47
-128
-20
255
114
-4
-83
449
464
179
264
667
709
670
576
480
338
277
415
717
792
280
227
362
465
308
686
469
334
179
-91
113
-60
-226
-172
-143
-182
-237
-352
33
51
-85
-150
-206
-163
-220
-180
-307
-707
-566
-417
-534
-347
-141
-44
-218
-180
-389
-120
-25
-128
-180
16
-110
-187
-48
-224
-55
165
151
51
81
-86
415
232
140
281
283
84
110
-6
236
153
-77
129
316
618
325
381
353
271
56
140
275
281
120
2
-170
-126
-314
-77
-11
-178
-369
-464
-401
-578
-739
-622
-183
-178
-458
-789
-609
-500
-396
-683
-391
-115
66
-115
-285
-127
-147
28
-137
-82
199
83
37
106
158
162
182
271
412
356
14
-85
130
396
61
3
-101
316
767
759
402
279
32
-2
154
224
244
197
284
81
219
97
346
366
405
31
-92
89
167
114
-104
40
290
273
-93
-130
-130
-49
-56
16
-107
9
-239
-436
-13
-576
-497
-446
-319
-208
-327
31
-201
-336
-389
-122
37
444
196
368
559
461
585
474
496
168
182
241
166
154
-20
16
44
-55
63
-5
74
-109
-163
53
178
11
-107
-211
43
79
84
-138
-60
41
129
52
-81
134
66
74
-46
-68
-47
411
360
384
123
104
-158
-180
39
180
-12
14
-28
-27
274
234
415
171
-239
-306
9
103
163
-104
-78
-24
-93
-417
-534
-701
-497
-476
-193
-295
-604
-447
-231
-516
-464
57
-29
213
-51
201
437
259
30
248
277
333
104
-88
234
419
454
623
406
83
97
-81
-268
-153
170
81
-130
-234
4
100
419
120
97
192
150
159
8
85
174
139
330
113
11
261
-116
-23
-403
-128
-231
-322
-537
-693
-474
-663
-869
-999
-563
-403
-505
-733
-111
-86
-214
-177
-257
-350
-384
-472
-332
-270
-280
73
283
389
269
442
275
433
302
343
391
202
372
495
503
586
614
486
641
747
718
730
571
291
393
254
66
-141
-51
171
126
185
164
-12
-112
-96
-67
-65
-249
-213
41
-316
-380
-320
-201
210
-13
-314
-423
-363
-395
-237
-215
-82
-128
-540
-487
-363
-338
-366
-399
-325
-465
-389
-68
-150
-182
-259
-225
-302
-277
-257
-152
-61
-243
93
313
223
173
215
201
67
0
117
67
-176
113
201
-103
-63
125
592
536
534
267
257
512
153
-50
54
230
109
45
39
-212
-386
14
-186
-506
-906
-874
-612
-587
-382
-226
17
7
-146
-154
-6
65
267
166
37
-43
-16
227
-18
-148
257
294
10
-79
-232
166
192
-3
-103
-181
-138
-154
-106
38
452
482
398
161
43
327
474
156
-93
-134
-53
-204
2
37
28
144
335
141
-63
-77
60
345
274
85
178
294
90
180
-29
130
-165
-209
16
84
-67
3
106
-9
-4
-192
-86
73
-92
-229
-44
184
-82
-38
194
275
30
-307
-236
-50
100
-434
-114
-23
-131
-7
96
126
75
-193
-224
-71
-29
-38
7
-155
-352
-176
-130
-86
-134
-56
57
272
36
4
-73
480
510
328
139
183
356
165
81
-18
-108
-258
-12
-2
123
270
604
325
269
267
500
325
140
126
121
211
226
77
53
65
-12
292
-176
-303
-564
-561
-570
-496
-592
-494
-211
-293
-372
-284
-142
-273
-574
-680
-367
-343
-421
-548
-132
358
325
143
157
248
549
506
227
252
125
146
133
172
385
267
394
322
552
345
-72
-33
126
101
-106
-70
-75
238
96
152
371
620
405
306
140
194
423
6
-124
-62
-96
59
-195
-282
-353
-360
-441
-469
-306
-789
-786
-1071
-660
-400
-480
-480
-673
-737
-686
-470
-702
-557
-337
-253
-71
-213
-204
-242
-125
-259
-288
-236
-223
-46
268
279
356
544
532
386
242
499
637
738
382
413
573
941
826
756
799
912
647
593
417
230
205
106
359
207
166
-10
-72
-244
-49
-215
-264
-253
-376
-629
-395
45
-195
-80
-233
-172
2
-192
-281
-379
-301
-268
-200
-171
-287
-577
-373
-203
-278
-359
-332
-153
-3
-58
-117
-26
0
-49
-113
174
23
111
-34
-43
1
263
330
159
250
531
654
317
173
247
263
141
194
244
585
321
400
410
502
306
224
267
110
-119
-107
-37
-312
-408
-871
-695
-713
-471
-495
-594
-548
-429
-482
-569
-487
-401
-379
-449
-395
-214
-355
-351
69
362
292
130
196
264
327
52
224
-53
218
153
82
-84
102
289
195
345
132
131
-37
353
317
152
-98
213
674
647
277
328
561
556
473
264
395
353
490
240
153
96
154
122
207
449
19
48
401
477
229
-23
-44
142
47
-106
-360
-371
-313
-65
-227
-277
-289
-145
-154
-454
-423
-342
-214
-601
-193
-306
-163
-242
-134
214
164
-95
-36
216
194
-19
-190
165
233
49
-443
-94
-33
-29
-21
73
-35
75
-128
-257
-264
-327
-168
-121
-127
-106
43
145
268
43
305
205
502
340
-3
-163
76
-5
77
172
23
248
108
215
106
141
288
64
-119
19
102
324
100
392
344
255
382
353
370
-25
-376
-279
-150
-116
-178
-393
37
-87
-243
-324
-204
-391
-464
-280
-352
-283
-369
-128
-125
-15
120
239
587
570
309
259
392
578
303
183
162
304
360
494
516
157
153
-151
-302
-202
-43
-153
-27
57
84
-108
231
546
374
115
224
356
199
79
-33
83
69
122
-335
-302
-229
-68
-86
145
-87
-510
-628
-474
-613
-1056
-1042
-717
-454
-589
-539
-574
-368
-171
-76
-321
-352
-495
-287
-547
-381
-299
-266
353
348
193
329
330
18
-18
131
316
79
126
322
709
653
328
403
469
463
396
42
183
194
188
100
159
496
155
208
315
136
-76
-201
-422
-571
-440
-286
-357
-351
-150
-416
-338
-223
-314
-277
-351
-237
-187
-313
-471
-514
-393
-240
-168
-112
-108
-89
-321
-434
-84
331
54
61
252
178
73
186
355
428
307
330
208
-166
-120
135
244
307
173
-51
-4
78
437
306
62
216
388
285
426
129
308
612
728
513
500
602
538
532
626
638
234
-33
-74
-369
-367
-174
-312
-149
-599
-377
-216
-194
-358
-447
-836
-520
-359
-353
-330
-538
-193
77
161
150
232
69
158
-162
97
209
150
107
-147
-381
-197
-217
-120
-158
18
148
74
-4
-61
243
105
71
-11
78
-103
-72
229
185
75
88
63
-69
-20
87
41
137
-176
-119
-65
86
-49
157
273
167
345
118
231
-53
-163
3
66
-455
-262
-52
-86
-54
-210
-362
-491
-345
-327
-535
-507
-477
-248
-148
-403
-362
-350
-267
-57
-72
17
167
12
90
311
416
208
147
313
452
478
288
35
-93
-286
-129
154
9
-497
-357
40
151
-90
222
495
594
249
-18
451
205
165
88
190
410
281
321
141
55
159
176
154
6
208
181
298
112
285
144
-224
5
287
61
-118
157
373
489
523
433
358
522
169
-66
-135
-148
-15
36
-206
-264
-214
-232
-213
-76
-225
-254
-146
-266
-125
-229
-107
46
139
184
8
53
276
258
0
302
267
192
245
74
43
236
176
329
151
-18
6
-86
-164
-121
98
64
104
129
272
105
45
-59
106
116
-115
-68
149
254
166
26
271
8
-169
-283
-489
-246
-476
-751
-676
-591
-505
-745
-826
-682
-832
-896
-1010
-904
-969
-852
-803
-595
-525
-676
-712
-401
-180
-80
-165
-227
272
222
-91
-239
-202
0
-15
-59
-7
93
432
590
410
414
629
766
556
247
312
101
90
94
220
210
494
706
560
437
253
527
143
-109
-132
-301
-109
-249
-374
48
-19
10
15
36
54
-36
-217
-183
