58
152
174
-59
61
158
-139
13
91
-27
-28
23
-13
-435
-8
2
-278
-55
-171
-88
-284
-273
-5
-261
-83
-60
-72
1
7
-4
-150
158
30
-31
148
117
106
78
163
93
-139
48
30
-189
-18
51
140
-42
217
59
-166
68
-269
-196
10
1
129
16
24
98
-92
8
-364
-359
-178
-245
-69
-53
185
296
50
68
-36
-219
0
-112
-13
115
46
63
43
46
-36
-56
192
192
218
429
180
346
121
-8
-55
-204
1
-88
42
27
123
-42
-142
39
-124
-233
-25
-243
-176
67
-215
-41
81
225
63
14
271
118
137
177
7
48
97
134
284
375
250
257
28
-251
-208
-325
-257
-278
134
188
85
266
200
169
116
211
86
141
262
-173
63
187
-85
225
-39
-93
-146
-249
-318
-435
-101
-145
-78
109
-120
49
-15
-54
-53
-206
-160
-351
-129
-61
-178
-105
-58
-29
28
57
31
-16
45
-136
-140
-345
-428
-192
-276
49
-46
-173
-212
-247
-112
-196
62
56
23
82
5
94
-14
52
32
61
94
-7
-71
-197
-276
-261
-138
-218
-155
34
32
37
140
-61
48
60
-120
156
-19
-33
119
-63
98
68
187
343
60
348
35
-51
245
-106
19
61
50
-29
-104
-3
-255
-25
-2
-151
134
-65
34
-54
-193
15
-35
45
27
-121
111
308
127
338
395
189
179
212
36
53
58
-71
-235
-239
233
-253
238
472
46
622
107
203
179
69
280
-329
254
90
-393
253
-119
-35
208
50
395
190
253
269
163
192
-118
-55
-212
-495
73
-369
-341
503
-265
236
739
-96
188
454
24
188
223
347
27
197
142
-624
-62
-254
-452
124
41
-26
261
106
-188
72
39
-341
296
-66
-125
299
-348
-66
-45
-660
-20
-349
-642
642
-290
150
937
-168
659
329
-15
425
-98
44
-473
-305
-438
-873
-335
-746
-155
1
-427
648
-59
21
783
-409
39
357
-454
-139
110
-578
-414
353
-997
-543
394
-1444
129
166
-1286
786
-1
-357
760
60
61
-7
266
-300
-204
596
-528
94
288
-758
400
-344
-740
555
-502
-70
758
-268
120
449
-550
-39
309
-594
-308
393
-995
-486
548
-1487
260
705
-950
983
509
-153
698
597
145
20
1021
-50
-125
662
-805
-111
-80
-356
-47
-459
911
-272
55
1683
-587
369
1168
-385
257
536
-143
-363
479
56
-1114
1201
-98
-1558
1759
-672
-763
1696
-587
-83
1097
304
-194
495
721
-970
131
286
-1243
505
-46
-226
577
-292
835
-29
-502
983
-778
-85
957
-656
81
429
-155
-508
226
-55
-1460
932
-530
-1705
1942
-989
-474
2093
-665
261
1063
-58
-289
467
179
-1108
442
-151
-934
139
-506
-80
-533
58
574
-1067
702
571
-1269
935
424
-823
702
391
-715
68
697
-1377
54
928
-2253
1031
474
-2009
1641
-217
-407
1308
451
197
-152
915
-901
-911
733
-1737
-442
117
-1336
375
-229
-373
726
-95
88
973
-253
128
795
-509
252
519
-516
-91
-39
-1298
79
-381
-1462
1212
-806
-714
2055
-850
349
1107
-507
290
67
526
-568
25
661
-1125
212
196
-751
148
-313
217
-338
-395
1089
-537
211
1202
-870
195
438
-763
63
208
-694
-468
705
-797
-104
1181
-794
731
1164
-294
860
400
224
144
-5
348
-1009
-216
-37
-1164
-164
72
-265
-276
617
472
-641
919
441
-848
980
276
-542
1039
334
-306
290
240
-984
-198
346
-1997
438
341
-1691
1334
157
-738
1245
6
76
268
-109
404
-809
170
222
-1114
335
56
-743
386
231
-82
269
310
578
-82
178
597
-654
-14
222
-1049
100
27
-1583
458
-409
-1780
1769
-740
-1062
2395
-768
-91
1685
-530
327
249
-206
24
-1016
183
-144
-1292
698
-55
-885
979
-307
-26
726
-481
711
243
-552
1066
-505
-647
860
-1271
-99
656
-1783
852
269
-2085
2409
-164
-1781
3063
-729
-1001
2553
-901
-311
1052
-899
-72
-607
-339
447
-1485
245
756
-1335
1112
410
-773
1104
-392
133
702
-673
656
23
-812
825
-732
-592
746
-1622
-124
928
-2084
1083
1532
-1918
2236
1307
-1365
1719
369
-757
601
-144
-125
-199
-337
624
-410
-260
945
-240
197
598
-72
355
37
434
257
-503
417
-62
-729
223
-501
-397
478
-920
-115
1138
-1338
379
2086
-1519
891
1943
-1304
609
929
-703
20
90
-96
-182
-519
170
-135
-646
271
49
-365
12
145
-11
-196
128
130
-359
126
526
-40
307
238
-378
240
-441
-1164
573
-461
-999
1812
-249
-751
1873
-273
-690
1147
-211
-629
456
-195
-185
37
-627
-265
-276
-981
-243
6
-653
282
365
-175
467
339
30
372
221
42
374
-27
-277
339
-207
-1019
643
-112
-1476
1054
-37
-1328
1034
269
-767
717
178
-553
260
-50
-387
189
-317
-652
124
-329
-419
428
-39
-106
576
-28
-26
375
-204
-27
144
-180
133
162
-551
80
110
-1330
109
335
-1463
780
864
-1128
1064
897
-766
609
341
-620
425
273
-298
414
-76
-386
147
-332
-375
-105
-242
-75
-168
-206
368
-66
-121
412
-201
-189
118
-19
-247
-188
328
-138
-629
823
16
-834
1379
158
-545
1519
275
-201
1091
66
-139
690
-197
-271
372
-483
-362
98
-432
-272
-104
-142
10
-253
286
424
-46
518
407
22
267
132
-64
-107
-42
-13
-556
207
272
-788
451
300
-1008
291
243
-692
526
407
-296
655
423
-236
576
7
-849
51
-124
-562
344
139
-230
307
-52
-248
138
-54
-253
327
-16
-246
293
-206
-484
299
-237
-1002
379
-501
-1194
665
-208
-815
837
7
-400
1014
92
-205
822
-202
-514
351
-630
-887
-13
-619
-516
459
-80
9
866
178
185
641
-37
-33
457
-68
-217
296
-460
-498
449
-583
-600
849
-507
-237
1055
-563
-16
1038
-289
210
797
-365
-11
326
-665
-531
-101
-789
-465
3
-517
-131
371
-144
116
513
-11
292
456
53
175
363
-42
187
363
-286
11
238
-689
35
498
-797
549
518
-515
939
658
-178
948
612
-73
691
179
-248
336
66
-500
8
-66
-411
99
-23
-219
457
264
3
298
196
98
327
321
-177
194
-53
-582
296
-220
-934
323
-310
-786
615
53
-252
851
128
-187
654
-33
-172
131
-209
-520
-142
-313
-836
-255
-397
-556
87
-84
-293
162
-51
-55
194
325
4
67
276
-339
228
138
-348
355
-103
-667
435
-136
-588
726
23
-335
447
-67
-615
53
-100
-577
-159
-294
-610
-311
-259
-751
-229
-164
-455
14
-144
-178
235
264
173
396
415
249
227
197
-13
228
-99
-365
174
-506
-553
411
-391
-363
869
-130
-312
718
-121
-275
608
49
54
445
78
-102
189
21
-244
173
57
-34
227
63
-25
201
-158
-122
-9
-219
-198
-123
22
-8
268
97
-183
397
-91
-675
354
-343
-761
701
-174
-360
790
126
-125
500
231
22
587
262
-138
81
-233
-513
-143
-232
-318
121
16
276
609
598
727
808
496
341
282
123
15
129
-64
-665
78
-285
-724
222
-369
-700
609
-25
-475
919
244
31
967
324
-16
430
-47
-304
24
-429
-664
-66
-291
-268
181
-109
294
517
44
393
333
-34
242
100
-47
118
181
-287
-464
215
-389
-741
514
-354
-746
737
-27
-291
747
-121
-402
340
-201
-224
232
-311
-511
-124
-540
-644
-205
-475
-182
191
-320
-86
287
-109
163
239
-284
-127
-25
-280
-148
92
-134
-373
46
-172
-886
249
-34
-1015
698
318
-645
811
304
-438
612
207
-394
267
-75
-304
290
-13
-147
36
-119
-229
184
-106
-83
537
57
126
407
-68
-28
146
-84
-79
-23
-146
-477
-108
-73
-745
210
405
-717
471
602
-496
673
685
-144
700
617
78
513
114
-141
94
-246
-331
-79
-235
-294
165
14
8
297
0
73
322
-27
-35
250
129
78
-32
-97
-381
-448
121
-475
-221
662
-465
109
791
-284
301
674
-260
200
438
32
525
297
160
254
-86
-260
-84
-179
-495
-213
-47
-207
136
203
-71
272
147
42
105
65
34
-32
69
-140
-386
239
-166
-683
583
-223
-635
721
-160
-333
785
-70
-45
348
-81
192
-13
-126
37
-163
-508
-162
-281
-553
-90
-109
-321
-1
96
-273
110
90
-106
154
32
9
90
91
11
-356
233
-98
-761
438
-51
-615
941
262
-538
951
208
-98
411
3
17
-53
-229
-54
-35
-311
-291
-589
-654
-594
-363
-319
-103
251
254
356
432
294
181
200
-5
-50
3
-45
-238
106
443
-207
336
521
-528
387
569
-190
629
622
79
513
246
225
401
-100
95
62
-239
-188
-168
-240
-103
28
66
-12
214
179
34
223
31
18
72
128
-100
-37
5
-408
-347
26
-370
-264
492
-184
-62
863
-42
15
602
-107
30
71
-64
76
-97
-143
5
-250
-352
-200
-315
-383
-148
-8
-1
169
253
60
137
127
-112
62
-68
8
19
179
181
-224
167
-274
-939
-15
-588
-1112
220
-216
-408
485
53
25
258
-115
117
-106
-189
277
92
12
280
148
-114
-155
-65
23
-161
153
215
-29
259
306
110
88
90
-111
-154
26
-201
-290
54
-672
-257
337
-797
-254
240
-475
223
471
-78
334
146
258
314
-140
221
174
-290
-326
-376
-641
-761
-666
-247
-231
-62
350
232
181
224
152
-12
-68
54
-85
0
110
-251
-53
14
-362
196
230
-161
441
185
-9
428
206
46
267
188
235
212
-20
-5
-65
-176
-213
-151
-238
-264
-174
18
-109
24
48
162
300
219
387
43
175
247
-78
104
194
-4
114
-141
-351
136
-19
-61
294
129
207
348
256
227
152
124
228
119
94
319
211
-11
-27
-171
-467
-535
-496
-438
-276
-23
52
77
99
429
306
207
543
199
170
150
-171
30
192
-321
-117
139
-402
-123
143
-36
114
36
-28
-73
-114
67
-44
79
213
14
40
-15
-194
-244
-450
-306
-131
-226
-30
-18
52
103
-48
111
-9
-57
5
-168
12
-108
-302
-208
-194
-422
-306
-77
-272
-129
-33
-137
-18
63
173
253
342
327
26
-51
-50
-135
-154
-114
-140
-13
14
50
56
-154
-202
-126
-6
-14
19
114
83
149
99
34
152
15
11
40
-68
-171
-23
-27
-114
83
17
29
22
110
153
17
18
95
84
-53
7
-124
-176
-220
-228
-185
-214
20
100
204
301
246
101
181
175
12
210
260
91
74
-55
-167
-64
-4
-130
-48
26
-150
-89
40
-26
-49
81
66
115
172
386
374
260
316
125
-74
-178
-127
-20
74
-28
93
206
208
279
199
186
175
30
-182
-199
-243
-136
-145
-125
36
-75
-66
-98
-224
-239
-226
-187
-125
-144
62
175
194
199
96
-60
-99
-102
-261
-195
-188
-173
-93
44
6
-65
-35
-181
-172
-148
-63
131
171
110
94
108
109
65
122
115
51
86
76
-1
15
-92
-217
-182
-172
-74
8
95
118
166
106
-3
-53
-154
-72
-57
-136
-169
-203
-224
-315
-196
-10
114
160
144
190
158
143
111
-37
-71
-39
-153
-228
-176
-134
-44
120
172
71
68
-3
-86
-141
-20
133
163
229
125
227
172
178
143
155
74
69
77
-68
18
-92
-127
-146
-68
-99
-75
-32
-9
96
89
55
163
262
293
314
230
173
79
-21
-127
-181
-117
8
145
-12
76
128
-18
57
36
77
49
100
-30
-26
23
37
109
121
133
240
375
414
243
167
316
16
27
-48
-125
-124
-39
-108
-93
23
3
93
-71
-193
-280
-243
-290
-319
-169
10
-92
87
177
86
51
54
-31
-114
-57
-125
-80
25
11
-93
-11
-5
36
76
64
-12
40
37
-81
-227
-157
-246
-217
-120
-94
69
-63
9
-223
-255
-153
-183
-223
-272
-214
-236
-87
34
80
122
11
77
-100
-178
-153
-414
-294
-129
19
165
206
239
212
132
197
51
-4
22
-31
78
121
58
-46
-222
-174
-238
-258
-63
-132
-86
-110
-63
-27
-2
-41
20
158
148
168
245
279
146
172
150
22
23
-23
-135
-95
-70
-74
19
34
-30
-167
-194
-130
-141
-40
82
71
-10
195
200
168
176
87
119
85
102
43
126
134
141
152
203
205
101
194
101
-5
-1
178
286
269
290
164
163
237
369
168
72
89
74
26
-18
10
-1
61
-149
-48
-96
-173
-43
-65
-175
-190
-255
-247
-105
-66
12
24
45
64
141
196
171
178
127
100
88
-139
-73
-87
-171
-56
-217
-205
-120
-77
-105
-122
-152
-132
-47
-38
142
112
43
85
222
49
89
184
137
141
123
169
-83
-127
-232
-228
-203
-35
-15
-92
75
-13
-135
-103
-184
-290
-243
-226
-321
-292
-300
-331
-220
-201
-230
-219
-135
-150
-112
31
103
177
149
89
-3
-186
-161
-313
-210
-62
126
221
290
197
203
235
42
69
-173
30
56
21
37
-84
-53
-130
-52
-52
-11
68
147
251
177
267
70
86
137
19
58
43
80
30
69
39
35
-7
-105
-102
-137
-123
-180
-144
157
82
