58
-433
117
-147
528
91
-258
-172
-64
93
261
-153
-170
-71
291
81
-305
-422
-268
-217
-474
-343
-1018
-945
-619
-1010
-709
-668
-816
-180
-398
125
544
397
878
-51
-604
2450
731
-231
1363
-891
1957
1747
-899
1006
220
420
1766
-115
121
1
-324
-44
-734
-862
-853
-736
-463
-304
-937
-526
-275
-426
-296
-236
-304
69
132
-8
148
280
326
446
279
500
547
519
592
538
578
416
568
477
191
-93
383
12
589
-526
-926
1628
-243
-931
305
-1166
508
610
-1933
-17
-256
-193
768
-270
-15
109
421
317
103
-113
24
77
83
118
15
18
144
97
181
134
-115
52
-47
15
-82
-24
71
234
-70
168
26
97
45
2
-101
-289
51
-81
-111
-19
23
-159
180
-1235
-104
1479
-1167
-709
-69
-1315
1165
-416
-1211
466
-217
64
12
-417
-322
221
-135
-193
-242
-166
-76
-101
-272
12
-94
139
-154
-178
-152
-281
13
-149
-162
-120
-70
-89
-208
-51
-13
-143
282
-218
130
-219
-442
50
-29
-15
-226
125
-161
119
465
-1040
266
1876
-997
-33
404
-774
1492
-639
-872
830
-454
269
-19
-569
458
101
54
-23
-288
317
459
-348
-188
-119
262
414
91
37
-60
246
244
193
-59
183
44
40
-41
-16
93
37
-26
139
29
397
170
104
282
141
246
381
177
174
674
-1065
310
1495
-1004
-466
276
-413
1422
-332
-1034
651
-298
272
-426
-928
279
84
-167
-8
-499
245
-29
-505
-175
-49
-193
-268
-322
90
316
176
65
-153
184
-77
61
-104
202
189
154
-215
-377
-43
124
164
-305
50
-63
-210
-90
-73
-139
-190
43
-804
-295
1114
-179
-1066
552
-326
223
341
-1633
872
238
-132
75
-982
616
79
-217
250
-753
511
37
-639
148
-142
292
-257
-302
257
39
359
70
-216
138
-133
-189
-148
-35
20
-191
-277
129
-37
-25
-47
-121
18
43
-314
-123
2
43
189
60
-840
-282
1245
-231
-751
807
-363
407
375
-1132
1576
103
-302
-66
-562
693
-97
77
440
-59
525
-141
175
346
-103
38
-553
126
250
6
-46
349
262
431
127
209
62
-120
-71
-110
149
75
9
5
20
-46
308
33
-170
-30
-15
-56
611
66
-711
485
924
-1052
82
735
-230
1074
-567
45
1171
-719
198
279
94
675
-674
446
589
-113
288
-129
534
196
-35
29
-8
340
-265
-300
193
211
138
-59
98
367
272
-48
-60
121
136
-49
-5
416
113
99
163
155
135
-137
188
-57
233
-423
-846
845
-300
-1213
385
-270
88
84
-767
759
-101
-686
399
-12
337
-485
-489
694
-128
252
-496
142
193
-564
345
-352
217
-194
-576
416
56
-139
-482
-230
34
-15
102
3
-39
-225
-317
-188
61
3
-241
-18
47
30
25
63
114
-67
141
-484
-304
641
-339
-748
792
-61
-95
43
-664
634
-150
-949
452
-228
-256
-657
-214
550
-313
129
-582
655
-183
-183
757
-289
429
-83
102
230
-360
-130
54
689
-281
283
226
-102
263
-82
648
-87
-157
-17
369
297
-16
-195
-87
-76
87
375
465
-126
-534
778
568
-649
594
-52
-488
445
-1018
469
355
-926
805
-22
115
579
-377
769
-371
110
39
-52
-135
-228
904
-342
460
50
-79
105
-322
339
-64
126
60
223
238
-158
590
49
448
-293
-71
562
-580
214
-366
-331
84
-269
430
84
-405
411
-532
-100
313
-533
-63
-101
-101
43
304
-320
285
-142
-477
858
-688
33
-84
-474
799
-471
387
-31
-81
-13
179
325
-496
108
-530
219
-136
-448
-236
-343
-12
-526
6
-852
-243
143
-505
493
-343
270
-273
-334
428
-487
-178
-241
-65
-104
80
-302
-453
387
-750
-258
146
-505
-209
-44
-252
95
-153
-551
588
-526
17
379
-323
524
-326
65
175
-321
369
-510
238
-204
400
-79
-257
178
-601
561
-678
703
21
-137
-56
-276
507
-199
288
-194
-227
7
-23
373
-111
-352
345
-44
304
115
-291
248
-133
595
522
-799
505
217
-344
783
-711
-159
583
-956
1245
148
-625
1242
-1008
787
-55
-345
864
-587
996
-259
544
-410
124
562
-512
1283
-342
994
-60
108
510
-682
993
-592
316
-49
-416
585
-641
664
-309
210
177
-551
746
24
311
-257
-210
129
-36
-101
-82
227
-418
652
-2
-516
704
-946
967
-194
-1229
1157
-1317
621
374
-1201
1204
-1034
354
-1
-1362
653
-1385
526
-867
-38
217
-1074
1032
-1147
1043
-803
46
697
-1218
745
-1409
340
80
-544
1017
-865
320
-240
-250
303
-318
117
-515
206
-470
209
-72
-292
130
-616
-236
-369
-128
-56
330
-562
55
-282
-827
784
-1272
965
-318
-838
1105
-1470
1639
-557
280
361
-644
1362
-881
764
-886
300
96
-352
431
-869
1106
-874
389
-305
-53
796
-352
649
-513
578
-187
217
40
-248
60
-113
372
-56
451
110
542
424
446
295
-234
274
-193
180
328
-4
566
220
196
321
-158
-355
560
-758
354
106
-453
1229
-1249
938
-258
-24
635
-1119
830
-168
808
571
153
301
-174
628
538
519
-68
437
347
297
520
-51
-168
-595
12
50
38
-148
-90
-254
-62
65
52
-221
-409
266
249
128
-263
-22
176
582
75
274
-91
-77
581
17
428
229
-376
659
-460
41
480
-1054
919
-1118
354
-2
-716
772
-1115
472
-640
224
-414
-505
138
-533
499
-788
-139
-578
279
289
-445
-89
-632
288
27
-243
-492
-389
-290
-194
-135
-374
-147
-226
-180
-252
-73
116
22
-63
-51
-2
176
110
29
-508
-498
307
-171
15
-150
-376
575
5
152
24
-685
794
-623
166
-113
-494
1117
-483
534
-248
-123
186
50
567
-354
235
92
478
-128
-402
258
-273
607
0
-20
-4
230
540
-11
215
40
-20
-80
-123
61
170
209
436
278
93
-294
22
346
294
206
239
68
55
562
-104
405
276
-210
1142
-357
585
242
-163
1331
-843
320
-208
-218
859
-866
588
-465
269
655
-1
659
-310
945
-8
879
-7
18
324
-381
679
-264
539
-168
158
397
124
298
-505
-133
-118
119
-353
-529
-213
9
339
-124
-229
-413
261
-97
-844
-581
-586
-29
420
-236
-589
183
-613
1012
-288
-1148
990
-1781
783
-715
-824
687
-1618
1222
-1015
-228
-54
-303
444
-427
469
-616
340
-337
-68
-217
-80
555
-280
131
-492
-83
205
-46
104
-14
110
305
304
-118
-148
26
-30
-37
-610
-695
-616
263
-229
-150
-36
-489
257
-233
-518
-84
-272
-241
782
-1338
-143
-278
-629
1464
-1800
178
120
-376
1830
-1152
987
305
105
1074
-893
466
-250
456
-50
8
-55
235
432
-890
192
276
678
-97
-568
181
470
612
326
-8
125
737
337
272
-47
-50
531
139
206
-550
-281
523
197
494
296
-52
568
78
-451
471
-542
-80
-271
-1295
1471
-712
877
1058
-1813
2063
-1118
448
411
-1802
1324
-655
845
-1
-116
247
-354
928
-213
792
-578
-229
364
-256
1030
-596
-441
163
230
246
-339
-141
-117
327
188
29
-141
-179
-119
-213
290
-182
-21
225
95
59
-387
-100
-619
-337
-556
-285
363
-943
-5
-261
-908
570
-1353
275
133
-1277
1487
-1157
395
226
-953
974
-1278
-65
-132
-254
90
-377
172
-729
256
-343
63
-236
-424
91
-489
-359
-898
135
-230
-45
-146
-416
66
181
-198
-555
-459
-375
-17
-181
-259
-163
11
83
38
103
272
-58
235
-137
-182
212
-214
477
200
-195
499
-85
51
712
-579
1302
-167
-969
1506
-1250
1403
-397
-620
1067
-1258
1024
-223
590
233
-225
312
0
630
18
585
-239
423
96
60
163
-763
449
-284
468
33
461
874
-339
256
-191
674
579
-210
436
57
638
505
-14
162
165
577
285
243
-205
209
328
-65
-9
118
-257
460
341
-174
380
-483
351
783
-521
529
-273
-225
423
-686
610
-256
-39
-28
-21
275
-205
200
-142
36
-252
-94
-161
-381
-146
-355
441
33
-202
169
-816
44
-187
-617
-459
-513
-379
338
-82
-106
225
-447
49
-789
-506
-464
-297
-238
-581
-117
-22
300
194
33
20
-466
637
450
-1177
449
11
-102
832
-1043
712
632
-804
832
-713
46
-221
-818
907
-559
-179
-401
-228
762
-834
-5
-270
-85
336
-571
408
-83
231
204
-131
80
92
182
89
-77
-229
196
89
-30
-205
-366
317
359
372
-3
-501
154
281
557
-82
-343
74
268
433
283
388
192
-52
-249
726
1099
-587
230
744
72
930
-814
569
1048
-1332
461
-317
628
389
-743
908
-146
423
-219
-252
532
-391
125
-143
152
333
-426
234
337
104
7
-90
426
794
379
-185
-79
296
290
-16
11
33
-21
-46
168
181
100
75
-293
246
-35
61
-106
-517
-74
-306
-282
-610
-399
-65
-330
-649
1087
179
-846
672
79
169
-206
-1762
588
117
-895
-167
-1246
1104
-155
-431
264
-441
622
-114
-589
69
-634
-16
-216
-101
394
-272
264
126
707
136
-186
-235
29
247
62
-622
-607
-439
-126
69
-418
-418
-126
170
-68
-147
-216
63
-51
233
-243
-75
246
136
271
-439
-56
-30
56
227
-471
496
318
-185
545
349
306
409
-978
96
640
-402
323
-1154
328
280
-715
-198
-934
355
159
-18
155
-3
534
-225
263
547
344
688
9
322
520
270
-418
-616
-473
46
-98
-102
-178
246
589
-25
589
-233
354
419
83
500
-14
275
-68
-401
-276
-438
-123
31
-146
369
456
602
631
-183
-269
965
467
-663
266
9
212
99
-1325
-2
42
-61
132
-819
1029
504
368
524
-87
1043
129
140
-451
33
614
-353
-250
-741
-404
-63
-161
-187
-35
381
478
152
190
157
200
-19
-342
17
133
12
-374
-643
-441
-849
-722
-498
-453
234
-33
567
353
588
468
-97
72
-213
-96
-318
-352
-504
-766
-1070
-231
-551
-771
-138
-78
575
590
-152
374
280
-53
-118
-445
237
91
-291
-587
-705
-315
-45
-357
137
-109
476
554
230
749
-3
466
327
-465
-110
-356
-113
-504
-1171
-563
-1250
-495
-499
-513
522
336
922
754
470
744
-155
135
-37
-202
1
-664
-277
-528
-283
-2
-96
608
904
843
756
202
234
25
-310
-296
53
262
-144
305
-14
-64
167
-366
-108
195
245
586
203
450
720
216
522
52
297
105
-213
-174
-652
-277
-426
-766
-199
-296
490
590
203
784
374
577
-86
-170
-224
-111
-268
-499
-654
-336
92
-314
136
22
238
528
604
697
497
286
295
-310
93
-116
-233
-152
-423
-211
-337
-464
-441
-257
-112
443
-55
201
285
296
117
7
-12
-98
321
-398
-267
-429
-240
-100
-408
-76
193
473
416
470
433
381
103
-76
-182
-186
-401
-542
-367
-278
-201
-172
-347
369
298
529
623
328
548
-221
-145
-382
-588
-402
-516
-469
-435
-345
1
-137
13
-23
119
99
5
-32
-109
-155
-181
-329
-220
-450
-296
8
-289
-255
-475
-280
-18
-12
-40
185
435
286
55
77
-137
82
-289
-312
-456
-81
-179
-299
-64
283
305
168
232
253
532
118
183
-74
229
149
-74
-363
-409
-316
-80
-108
23
69
296
452
477
671
492
309
157
120
72
-45
-201
-274
-248
-168
-254
125
-209
176
149
384
538
364
497
70
107
56
-203
209
-220
-50
100
-248
180
28
376
357
601
404
251
431
572
246
97
-85
-37
204
-447
-249
-292
-25
143
-140
77
51
355
276
310
219
162
228
76
-78
-239
-234
-278
-327
-280
-157
-242
49
-193
60
-44
122
103
-321
-130
-129
-26
18
-212
-117
-387
-357
-271
-336
54
-166
286
156
350
316
173
85
10
137
120
-274
-223
-309
-291
-221
-299
-6
-210
-114
-47
309
158
43
90
104
-147
-188
-453
-231
-461
-654
-544
-898
-367
-243
-188
-61
42
297
269
168
24
-103
-112
119
-148
-336
-150
-40
-5
-297
-12
-11
227
33
119
346
165
-63
0
-62
-119
-88
-46
0
-187
-87
10
45
0
68
-64
265
181
409
348
239
326
410
253
151
12
16
0
68
-37
-61
95
179
161
94
489
339
424
311
375
414
371
112
89
-207
-48
-96
-172
-103
-49
56
311
292
223
439
456
352
193
31
-245
-50
-246
52
1
70
25
111
162
307
252
99
103
249
137
94
98
37
66
-12
-75
-184
55
-158
-31
-109
-128
-227
-137
-46
21
-104
56
-9
-64
-1
-5
37
-51
-120
-41
-105
-270
-173
-95
131
166
-8
-118
-35
8
-115
-122
-135
-339
-346
-351
-244
-236
-236
-346
-149
-34
121
-82
-69
39
49
-50
-165
-253
-212
-300
-242
-206
-195
45
156
269
57
193
32
152
-121
-96
-10
24
2
-145
14
56
52
-161
-25
-10
24
-22
107
136
48
65
-91
120
150
370
345
126
14
-2
92
86
147
107
171
-3
-20
-98
42
42
35
-5
-290
-37
-138
-35
-165
15
-23
-196
-194
-236
38
-173
55
-136
42
2
284
329
207
242
96
225
193
243
44
289
75
260
70
175
144
55
