784
-215
-1479
523
-327
-1621
630
94
-1063
572
108
-774
521
-10
-934
283
-183
-1002
111
-79
-558
295
79
-305
411
79
-266
427
83
-360
227
41
-702
-103
302
-199
-2
458
-142
145
486
-221
-32
409
-137
-1098
608
826
-2588
1207
2016
-3063
1408
1096
-2166
1451
476
-2380
1567
1244
-2540
1670
1420
-1957
1020
765
-1893
1047
168
-2271
1417
561
-1802
1463
803
-924
1298
381
-572
1469
181
-836
1218
203
-892
357
-304
-932
285
-537
-505
628
-255
-221
467
-99
-171
-66
-295
-176
-549
-235
31
161
209
292
379
496
875
-977
371
2739
-3326
-262
4484
-4463
92
3401
-3573
1109
2238
-3241
1322
3116
-3332
710
2963
-2521
208
1966
-2387
488
1532
-2766
969
1429
-2800
638
1297
-1827
457
605
-1166
495
407
-1068
573
774
-956
536
699
-906
492
470
-391
622
385
-538
387
135
-450
781
-25
21
504
-514
-75
-87
-582
137
113
-730
244
208
-1757
1556
1134
-4213
2812
1802
-5026
3444
245
-3661
3130
-724
-2636
3553
-178
-3235
3677
662
-2178
2857
190
-1431
2319
-959
-1015
2595
-913
-1056
1491
-1123
-1217
250
-905
-459
158
-471
-222
425
-842
-135
660
-1132
-224
417
-1393
-5
213
-1189
683
262
-1092
541
123
-815
1002
557
89
1035
400
225
641
-306
-517
588
-713
-1403
2105
-813
-3477
4659
-981
-3935
5005
-2208
-2007
4121
-2431
-757
4476
-2209
-1482
4074
-1960
-1650
2881
-1546
-885
2145
-1968
95
2171
-1955
154
1697
-1225
-140
783
-921
-331
228
-690
306
239
-1117
949
488
-1182
1229
162
-1073
604
-735
-538
798
-711
-348
796
-509
-14
594
-575
388
389
-517
558
527
-493
1220
1010
-1623
1930
1841
-4761
2335
2484
-6275
3389
1642
-4828
3390
506
-3965
3439
776
-4449
3519
1384
-4072
2652
987
-3333
2231
112
-2431
2412
-579
-2055
2207
147
-1436
1370
699
-838
898
192
-733
1023
-690
-505
1282
-1187
-374
821
-959
35
403
-627
49
75
-514
117
185
-38
187
39
244
64
-334
-57
-137
-834
-105
543
-1838
210
3475
-3275
-694
6016
-4756
-878
5007
-4956
335
3106
-4297
704
3572
-4498
251
4261
-3903
-494
3152
-2593
504
2051
-2742
1510
1457
-2682
617
1234
-1598
-111
1193
-835
-104
821
-551
739
501
-1034
1227
270
-1161
698
-204
-692
339
-62
-456
206
213
-369
192
212
116
233
12
387
41
-129
407
-63
-345
882
0
-1841
1998
1091
-4686
3634
1945
-5463
4100
206
-3125
3590
-594
-2394
3981
518
-4103
3788
1280
-3903
2425
610
-2555
1969
-869
-2271
2267
-835
-1757
1983
399
-1684
626
880
-953
545
-75
-752
892
-280
-676
750
-454
-404
663
-249
164
548
-87
337
727
-46
106
562
-115
-62
502
258
126
760
348
-36
281
619
187
-1813
906
1797
-4875
374
3912
-5684
542
3463
-4431
1205
2533
-3895
1065
3700
-4309
-239
4364
-3256
-585
3095
-2790
-8
2691
-3878
-263
3674
-3662
-937
3329
-1700
-576
1716
-1207
244
1087
-1498
-262
775
-1053
-501
463
-762
50
254
-834
193
427
-739
19
513
-373
421
438
-520
167
392
-860
-461
347
-926
-281
609
495
-1320
-78
3806
-2935
-2356
5798
-3031
-2015
4868
-3588
13
4205
-3832
-1244
4517
-2860
-2865
3870
-2604
-2510
2475
-3233
-1315
2796
-2850
-1198
3065
-1233
-982
2235
-680
-319
1760
-1109
-319
1728
-932
-363
1341
-217
390
737
-611
642
650
-841
204
769
-316
15
113
-496
161
-634
-1010
-261
28
-472
-426
581
-44
195
1108
-168
-1906
2960
1675
-5641
3515
2819
-5556
4053
697
-4393
5332
284
-4899
4861
1737
-4889
3677
1117
-3739
3854
-657
-3878
3270
-614
-3372
1986
325
-1903
1545
438
-1154
1767
636
-1430
863
117
-1470
669
-151
-960
1295
-155
-1009
1559
346
-342
1599
182
-122
1280
-854
-205
1272
-540
45
752
-205
249
371
-382
134
725
770
-557
-1440
2635
327
-4318
3289
89
-3819
3865
-1704
-2807
4724
-1069
-3462
4009
-216
-3098
3365
-876
-2817
3894
-811
-2397
3872
-661
-1309
2597
-733
-1231
1616
-588
-1655
1250
-145
-1341
692
237
-769
710
-68
-925
759
1
-593
588
-91
-234
1052
-168
-315
601
-471
-390
104
-580
-511
88
-365
-318
236
-158
-116
1027
182
-2041
1185
1901
-3833
612
1765
-3954
2141
1201
-3848
2902
2048
-3549
1999
2034
-3120
1425
1272
-3463
1099
1261
-3113
1494
1339
-2176
1341
1072
-1902
794
1070
-1615
237
698
-1183
-160
-56
-917
71
-126
-671
390
298
-142
1070
165
-315
630
-335
-583
-149
-531
-309
222
-111
60
426
104
251
186
9
-57
-133
697
-302
-1729
1567
698
-2476
2060
269
-2253
2797
-324
-2376
2598
-109
-2194
2243
-242
-2312
1794
-151
-2414
1493
118
-1661
1734
309
-1071
1506
659
-1260
822
519
-1237
605
655
-877
237
354
-910
206
293
-581
407
205
-448
454
8
-609
320
56
-410
71
-392
-407
105
-175
-66
308
212
333
535
165
30
211
387
139
-1358
-434
1567
-1888
-713
2082
-2398
554
2337
-2818
503
2793
-2274
-41
2286
-2654
-487
1965
-2611
-804
2222
-1883
-248
2289
-1340
-386
1942
-624
-764
1638
-367
-756
1595
-36
-622
1483
264
-586
1202
28
-621
851
-10
-393
567
-86
-411
347
-264
-279
148
-575
-162
274
-479
-313
227
-194
-273
421
-200
-567
20
-142
234
174
-1434
981
1554
-2748
1207
1282
-2752
2481
1120
-2907
2207
1588
-2742
1677
1358
-3139
1190
1519
-2597
1111
1737
-2169
1190
2193
-1706
321
2108
-1632
-531
1952
-1868
-822
1979
-1252
-694
1745
-601
-250
1504
-305
-287
929
-427
-495
364
-750
-553
447
-247
-117
443
-240
-75
645
-207
-449
423
-486
-635
375
-144
-386
500
167
595
1386
-1193
177
2757
-2078
-551
2061
-2876
-50
2269
-2102
-244
2432
-1807
-844
2255
-1820
-1206
1835
-1035
-1182
1255
-955
-1385
1355
-59
-1539
892
351
-1731
630
291
-1994
516
809
-1638
-35
741
-1167
30
1211
-590
48
1366
-196
-42
793
-492
-383
384
-541
-438
319
-284
-192
655
-67
-284
478
-282
-584
303
-69
-492
332
143
-59
804
-875
-1083
1916
-1156
-1544
2115
-1598
-1200
2552
-583
-1123
2574
-155
-1360
2238
-342
-2109
926
-19
-1940
732
573
-1213
1078
1441
-402
636
1380
-577
-165
794
-1080
-565
552
-682
-546
408
-297
-355
901
361
-134
545
395
-103
130
-85
-415
-266
-5
-144
-400
-68
-65
43
252
115
-26
147
79
-157
41
132
132
192
149
72
699
484
-1302
704
1481
-2022
782
1182
-2762
849
1768
-1992
441
2078
-1687
220
2391
-1160
-458
1555
-670
-818
1273
-174
-1028
967
454
-888
852
686
-1100
442
633
-897
-54
485
-754
-359
563
-84
79
760
73
-331
635
435
-250
193
112
-746
-89
205
-846
-66
213
-621
20
485
-358
-135
252
-656
-254
150
-619
-365
159
-388
-301
231
-93
280
-518
-579
1371
-935
-757
1710
-1042
-466
2150
-363
-698
2045
-336
-1423
1570
-148
-1879
476
61
-1418
198
844
-738
170
1227
-446
-160
909
-623
-730
593
-434
-676
672
-5
-713
608
433
-288
444
422
-562
240
383
-600
142
111
-476
-85
296
-250
-125
57
-273
-50
-62
-143
-262
-307
-197
-164
-299
-67
87
-70
267
188
-105
150
186
170
571
-229
-970
1032
-154
-1501
1401
84
-1069
1403
578
-1069
1118
762
-1097
463
359
-1204
-607
13
-1094
-799
235
-445
-707
255
254
-352
434
775
-311
498
793
-661
-264
605
-622
-326
677
-376
-424
717
97
-141
1232
350
-138
531
139
-453
162
80
-588
82
-22
-600
-25
30
-333
152
215
-257
81
190
-319
177
155
-284
138
2
-332
169
115
178
805
-65
-437
1381
41
-733
1298
-486
-1057
1119
-106
-1302
934
360
-950
728
564
-658
394
480
-835
-22
609
-383
-188
692
-150
-148
719
-113
-567
345
-158
-783
-69
-127
-586
225
686
-95
456
674
-184
98
449
-29
-118
158
-245
-581
-307
-294
-298
-12
-22
0
299
322
280
113
98
271
110
-93
201
245
237
585
167
6
342
62
-314
135
69
-76
575
-394
-686
1200
-433
-824
1337
-1064
-1313
1148
-556
-1436
1165
50
-1286
849
417
-1052
271
661
-805
176
701
-479
-193
431
-418
-539
527
74
-237
582
298
-322
211
167
-234
190
351
-220
-105
371
-420
-452
207
-64
-370
153
-129
-594
-12
-350
-835
-286
-209
-696
-419
-166
-273
-61
344
83
-33
243
-67
-266
101
67
-289
198
159
-225
391
236
-249
73
111
-202
250
-408
-896
480
-571
-1012
600
-543
-839
1170
289
-438
1115
413
-544
488
285
-724
-303
135
-473
-249
285
-25
-47
288
197
-131
305
172
-300
175
361
-140
129
505
-22
111
709
288
-237
464
-29
-780
-2
-99
-559
27
281
-432
-37
271
-392
-108
160
-222
-243
105
-298
-253
246
75
19
446
325
100
218
-187
108
293
53
48
240
128
25
71
50
99
108
360
208
-488
-181
525
-441
-574
403
-504
-539
965
310
-3
1184
790
50
888
522
-586
1
190
-544
-446
156
-344
-235
968
477
-199
686
405
-466
162
-7
-846
-239
8
-795
-284
275
-216
160
605
-10
-157
294
-242
-350
124
-197
-186
324
0
-256
254
197
-95
62
16
-190
-58
-34
-56
34
183
32
31
225
20
-41
37
307
175
-26
294
103
-59
215
-22
-212
136
16
-310
63
94
-206
115
254
-242
20
408
-87
-49
391
22
-311
244
-281
-697
-55
-67
-157
94
-630
-1118
-440
-462
-556
-175
171
-50
225
420
28
101
196
60
-227
21
16
-66
124
234
92
95
196
-190
-295
-199
-217
-226
81
38
51
282
181
5
-9
-46
-426
-309
-398
-540
-73
55
100
517
734
494
366
279
69
227
135
-205
-100
-1
-197
-58
-5
-257
-109
127
-44
-44
244
209
515
437
-168
59
-22
-900
-489
-238
-737
-80
348
-59
233
610
75
54
378
-118
-391
31
-277
-414
180
22
-48
367
141
-198
-45
-110
-272
-40
-5
117
203
320
302
142
286
139
-120
-329
-319
-206
-161
84
38
-19
196
13
-120
-115
-77
-413
-209
-19
-123
142
171
-26
58
284
81
-19
-86
-168
-277
36
63
-133
90
55
-94
100
56
-40
130
104
-46
150
155
-136
14
52
-193
131
224
-306
291
658
105
221
347
-415
-395
39
-488
-397
0
-284
-200
23
68
274
468
307
34
156
-45
-176
-147
-123
-32
-48
-110
-184
-138
-28
155
231
233
202
122
-39
-80
32
-90
-88
-44
-8
151
89
232
300
221
277
142
82
-15
-44
58
152
211
222
348
83
117
184
-12
-27
42
-137
-347
-250
-122
-208
-25
264
-18
260
333
-141
48
185
-111
-3
-207
-476
-29
112
-567
-241
330
-328
-87
409
-195
-62
395
-69
-61
305
103
-62
145
60
-6
276
170
51
17
-69
-19
-157
-209
-208
-177
-219
-293
-171
-173
-256
-182
-165
-149
-194
-183
-235
-124
171
311
430
421
559
383
228
320
163
72
-54
-174
-152
-249
-169
-77
-115
-107
-128
-193
-309
-438
-493
-460
-295
-216
-300
-129
-69
-168
-154
-62
35
-38
-81
-30
-128
-9
-12
-146
-62
-112
-11
-17
32
136
251
647
353
199
373
198
133
89
-96
-267
-4
-67
-56
72
-43
67
135
76
-55
-59
-213
-232
32
44
-72
105
152
75
255
130
104
96
-144
-88
91
20
42
324
412
249
193
62
-321
-244
-139
-112
-141
-52
2
-20
145
216
131
114
179
-20
-30
-63
-330
-441
-372
-400
-229
-64
32
49
144
218
180
328
282
-55
-49
286
130
-296
221
467
-198
624
675
-58
747
705
-81
224
359
-246
-451
-380
-615
-731
-483
-340
-215
3
497
595
641
1120
865
457
181
-50
-172
-328
-156
-36
-153
128
108
-82
152
19
-161
-102
-159
-371
-183
20
-47
-109
98
-175
-303
-143
-413
-248
21
-81
50
372
329
619
581
673
545
216
50
-62
-122
-284
-46
-211
-320
-125
-30
-96
-324
-265
-136
-116
-72
-89
-64
-12
-111
-210
-89
-274
-130
-49
-246
-364
37
93
65
414
263
266
227
38
-270
-79
-96
-148
50
-66
-7
116
-52
-255
-335
-348
-251
-133
-203
-209
157
141
139
284
-18
-218
-449
-782
-663
-373
-416
-204
-104
24
318
266
413
194
66
64
45
44
-314
-129
7
104
62
84
190
-92
125
269
375
192
279
106
-348
-135
-378
-645
-328
-540
-515
152
-56
-10
444
307
192
569
374
-163
-83
41
-232
19
207
-53
32
276
-51
-306
-89
-299
-302
-63
-281
-294
-78
-195
-109
-51
236
283
224
359
381
337
379
392
171
139
220
85
-1
376
419
348
237
80
229
510
242
-223
-69
-187
-353
-156
-219
-185
-73
-51
-47
-140
-189
-287
-476
-390
-159
-246
-61
46
35
164
239
91
49
254
221
70
96
218
328
419
321
63
-60
-3
-265
-84
113
53
230
273
21
-73
132
-94
-343
-274
-202
-91
-230
-90
-97
-18
316
282
207
147
312
148
275
384
239
6
-211
-204
-348
-394
-183
-230
-222
-52
-6
-105
-37
340
-4
17
127
-143
-26
-93
-120
-70
-7
-8
-112
11
-74
143
453
141
181
140
-100
-60
-27
46
-444
-796
88
603
-222
