-170
1694
1295
-1522
516
-1027
178
-814
1572
-915
-1556
1227
655
505
87
794
-127
-819
593
1651
-834
-206
795
218
1083
821
16
-1324
-1052
1007
989
-1506
524
360
105
1031
759
849
-770
805
-417
-359
1433
-57
-744
913
-1502
-71
-996
-11
2613
47
-1580
-285
3332
-275
-1242
-2097
1452
538
-652
-2434
417
3375
-817
-690
-1954
235
-87
-1736
-2713
-278
216
-763
342
887
924
1873
2190
1136
-175
-1771
-151
1741
-1878
-1019
-398
1061
530
-454
-472
339
2496
236
-1476
-2580
171
539
454
-2355
-741
-192
1980
698
-266
-1280
-741
2083
579
-1604
-1564
258
755
1954
-3016
280
695
1673
228
-2190
-87
1345
907
751
-1709
961
1565
-2061
1001
-291
-242
-1302
809
-789
986
-827
-532
1679
878
349
-2601
272
1008
462
-1371
-1427
66
2550
-998
-482
275
1391
319
-1472
-731
-493
884
-1310
502
-846
1540
-449
438
1564
-214
-645
1475
2820
-1046
-1040
-334
1677
-189
-769
-598
503
134
-2366
-2304
2150
1884
-243
-1387
-810
1225
1103
-922
-577
790
-309
421
-501
-821
-715
646
-117
699
-1604
453
1369
-1855
-1277
216
1099
-1378
-632
253
1016
479
-1506
39
1140
-523
-301
411
95
460
-776
-1527
2523
1373
966
-396
-241
-121
88
-399
-467
1515
-30
-2189
-1679
806
-1127
976
-725
169
991
-299
-229
1479
-74
-810
-363
1130
-468
-1300
-1696
389
2673
-134
73
-1519
987
-224
-472
-1115
2005
-1463
-466
787
146
114
-63
1317
240
-1140
-688
408
519
450
-2387
1771
1709
-777
-859
1529
590
724
-1354
-717
502
1414
-395
-1088
-743
159
1186
-40
-684
-599
618
-681
1145
797
-26
-1198
1013
1091
-1052
-731
1586
451
-615
-2005
-385
1733
642
-1097
-868
1590
2120
-2193
-1767
1605
1315
-61
-2621
863
-661
86
-1495
655
1589
-274
1720
-458
-1417
67
747
368
102
-330
-541
-546
303
-56
-402
-558
-138
-236
608
-772
4
1440
327
-550
-1121
-214
2110
628
-2608
-2242
1643
2032
-688
-1364
-423
2257
1312
-1279
-861
757
1498
-617
-766
-1436
406
128
-1430
964
-574
-387
-1490
1369
1864
-661
-132
1027
2451
-988
-2755
1182
2536
-550
-998
19
613
951
-941
-1639
827
1959
-1564
-1324
-987
869
-303
82
43
-164
1461
-1035
330
353
61
-1627
27
-1542
1663
705
-493
463
387
570
-11
241
-386
-184
310
607
-1906
-312
-1187
1356
-426
-693
-1211
1669
-444
-706
102
-749
2524
-446
-703
691
1268
-45
1003
-2158
881
124
-542
22
-18
-148
-98
780
-757
-484
-1322
-501
584
775
-857
-339
1255
604
-871
-371
723
1031
-171
-1431
850
2137
-1287
-929
157
2995
1450
-1002
813
156
767
-636
-939
694
635
-1317
-855
400
-130
-1103
-1051
860
862
-734
-556
919
797
1536
-648
474
146
-1143
-191
-825
62
-1226
-1218
1464
2686
-698
-1203
-1789
1578
1725
-2047
-2715
1332
1245
688
-871
-1362
2188
1064
386
-659
-141
-613
705
-1722
102
618
1856
256
116
84
160
1747
-863
-583
158
795
-2171
-480
68
1212
-60
-1440
680
928
1136
-351
-173
1088
-539
-1454
-780
1398
504
-1415
-233
1366
572
-191
-270
174
713
-1206
-1758
1134
1381
-2208
-1877
-54
1137
173
-1421
292
1439
-632
-1153
-648
128
2040
-362
-2028
199
808
1925
-520
-449
1643
1169
541
-1585
387
924
396
130
-256
-20
408
976
-2007
-1330
1079
-632
-952
27
125
1450
-149
-358
484
-41
-798
21
719
1127
-610
-945
1367
1282
872
-2377
-1597
1873
1174
-1796
-320
-830
2272
-287
-2193
400
1476
427
-131
-1203
-968
556
-370
448
-915
-296
-2068
1709
-555
-767
-1339
1342
1048
-520
-685
-1412
886
1462
249
-2472
1983
899
1258
-2753
-556
2182
2421
-1510
-1607
1089
-342
2139
-280
-111
-1196
303
225
170
-364
-766
-294
-206
638
752
-26
241
914
738
-1167
-494
207
-673
1273
-240
-1155
758
1619
-1244
-524
-2445
816
72
-858
-138
-743
1029
484
244
-925
724
1106
173
-2824
-994
-518
1096
-801
-891
81
1697
2739
1347
-1343
-2014
1117
1721
-335
-1926
-140
-66
1647
-2013
-589
214
1725
583
-1304
-802
293
100
-89
1318
-1100
724
701
1115
112
-32
388
895
709
-428
-895
624
1172
-337
-955
153
843
1203
-55
-826
500
-288
387
-201
-1579
-708
-1026
-207
637
11
20
186
722
-1001
97
-562
-835
7
-609
-394
-1620
69
2039
1030
-312
-836
815
1062
-701
-644
-535
-385
-58
-885
-713
526
-255
-718
544
147
-14
-505
286
118
656
661
-892
424
925
632
297
1553
607
138
-558
-239
1211
255
-2194
590
733
-329
-726
-1689
744
934
-618
-1767
283
-85
985
239
-507
592
39
473
179
-1144
-593
-124
132
-391
-341
1296
2
50
-256
-218
1195
-448
-1325
-878
263
438
181
96
330
946
263
-281
-849
332
256
-1267
-742
-229
452
887
-751
81
280
457
227
313
-228
-899
338
256
-438
-830
484
738
325
488
41
-343
-4
-163
750
-614
-879
-577
291
761
-709
-618
803
971
95
-794
-350
712
374
-566
-971
-310
-313
46
-1216
246
940
-66
-952
-685
639
825
-1759
-1406
629
951
1398
-220
220
1632
1043
-613
237
726
1130
-809
-882
-687
-408
779
1060
675
-819
-37
1304
828
-1103
-536
81
1157
68
-702
-169
1395
1255
114
-644
233
677
-589
-948
-982
18
-602
-324
-86
-395
-409
479
-603
469
29
-1763
334
11
-750
-517
-102
1200
1257
32
-561
868
79
-642
-601
-267
532
-981
-121
452
364
610
257
38
655
-254
795
-303
-1888
-298
-421
432
-479
-1003
47
1338
286
-116
-11
-512
290
286
-1185
-386
572
2
1421
-31
7
-149
117
420
-398
-85
-573
568
146
-408
688
374
-474
258
-5
-15
-729
-702
-304
-153
37
25
455
97
681
-474
258
-489
-93
412
-487
225
-1063
-989
-195
143
-239
-143
-29
561
-555
311
-173
51
202
-906
1226
35
161
-702
237
399
663
458
-509
786
-403
-247
-615
153
-189
844
326
-346
300
357
984
-115
145
-12
1228
227
-115
-401
708
376
654
-667
-1264
1611
1
416
-461
-187
528
313
-123
-705
-376
1119
-72
-498
-600
372
357
563
405
-249
1329
-118
-145
-888
-136
489
-530
-1125
-299
219
10
-992
-273
521
-66
-768
-34
339
741
513
-1510
343
217
-276
-234
-173
841
275
-472
909
-598
-519
241
-538
-214
-761
-21
133
720
-672
-1023
-136
809
-715
-1008
-870
454
1062
-1233
-467
779
1595
-282
-315
546
440
-578
-718
-724
880
-144
12
268
343
550
-615
341
442
-922
-1760
-131
201
-3
-991
357
961
518
-348
-46
146
1486
-793
-103
-363
-24
1226
-735
1013
402
549
874
979
-180
-709
-416
1238
-155
-238
-615
-295
-207
-203
-826
74
8
-110
-206
-719
1270
33
451
-95
736
111
884
456
175
-246
556
904
508
-170
-485
1051
-503
-160
-689
-368
212
-272
-1039
35
1081
76
13
-70
489
829
-501
-270
583
986
-488
-786
254
-235
-81
-667
-836
274
-744
-1348
99
-91
-499
18
98
98
445
-724
-300
545
40
-134
92
506
-268
-795
30
106
253
-774
324
1662
-836
-802
-712
435
903
-923
-1156
291
840
-455
-870
285
1382
862
-510
-769
351
421
-184
-410
-83
324
805
-103
-884
-266
-162
296
130
-454
-908
87
642
-136
-455
-556
524
812
-816
143
731
230
366
-319
903
847
-397
-1001
-134
506
-699
-756
30
323
-70
-439
367
484
216
-477
256
430
-224
-50
-140
1127
1188
170
-313
1053
1150
20
-281
-323
53
247
-560
245
302
-121
758
816
641
-485
-446
-369
-75
-323
-992
766
1325
275
-716
104
706
165
-913
-839
417
330
-476
-912
887
667
541
257
-257
-264
-286
-380
190
286
-283
-146
613
895
219
-130
-154
-6
-212
-985
-566
791
108
339
401
548
-441
947
-243
-663
-367
-769
-643
-444
-306
-761
1016
227
507
-340
504
697
-258
-967
-160
854
-677
-606
-68
737
30
-340
310
432
464
-1311
-789
-171
-29
-622
-512
286
813
350
-1195
8
541
396
-418
-462
-635
331
804
-333
-906
490
806
1025
-214
-175
417
610
-327
-1533
-199
47
1275
-509
-583
-238
546
-415
-267
186
8
-42
-412
109
-208
451
-555
729
52
-569
-104
182
1033
-484
-1306
-310
407
589
-225
48
814
-61
-568
83
-39
628
-62
147
117
-520
-529
-191
270
-326
-43
-627
619
-257
684
296
-383
48
-78
449
570
-1137
-703
118
-117
195
-313
253
1221
395
-1893
269
480
104
-124
-257
456
728
-523
-98
345
-316
-97
-57
193
-323
-606
-20
-187
440
-775
-872
1544
543
-473
-406
258
736
85
-801
163
444
313
-477
-94
-240
64
393
-495
-328
-261
-231
-265
-214
-43
-44
339
-7
-758
38
663
570
-483
-571
749
598
198
-57
-974
108
25
243
-325
75
82
-681
247
64
550
-663
-283
691
-151
-13
-282
266
840
-548
-683
-291
600
538
-1032
-299
685
1179
698
-337
515
-276
-348
-92
-171
-1
-498
-337
-106
425
-116
103
-179
826
101
-952
-204
187
-190
-571
-35
674
1093
-595
-61
148
1509
447
-1013
-539
466
758
-114
117
417
1137
-257
-969
-74
1244
25
-442
-1079
287
650
-740
364
522
449
186
-477
375
678
-1398
-448
100
359
128
-431
193
1059
344
-1024
-463
735
467
-434
-755
-481
439
95
-556
-854
167
-250
-561
-842
-299
-281
-496
-45
-2
295
-214
-293
666
418
-610
268
-158
775
538
-496
-288
-26
-62
102
-386
-261
-42
28
-260
-605
0
163
783
-683
-910
-555
464
-694
-354
-105
220
1488
-475
-405
520
1008
966
-261
-968
3
181
502
-589
50
269
431
403
-244
-203
275
766
-298
-373
-1130
-64
809
43
-745
-5
149
583
-564
-1138
769
755
502
116
-169
368
960
0
25
-324
184
780
-430
-473
-367
369
454
-271
-804
-126
263
-523
-203
-400
620
337
-73
270
66
356
-9
-198
516
377
-414
504
697
572
26
-103
218
216
-627
-181
79
47
-290
-607
734
175
-260
83
329
319
-47
-670
331
359
-79
-236
241
749
-134
-115
297
616
-24
-42
-726
-212
382
-558
-664
-440
135
62
-10
49
603
86
-100
-165
-546
113
-371
-655
-180
-281
-156
-229
-501
681
4
-784
-187
-8
54
24
-162
296
179
-702
-511
126
212
54
-429
-157
901
270
200
273
974
304
-8
465
295
361
-253
-126
95
-29
-416
127
772
356
-231
4
441
586
-1066
-762
246
25
-504
-412
160
211
-25
-548
281
314
-202
-922
40
465
565
-254
-253
149
551
533
148
630
-75
511
140
-482
-217
-215
-313
-13
-326
38
-6
571
-162
-487
-174
45
421
-142
-373
-313
-149
2
-217
-52
392
-130
770
216
528
-82
-6
285
-263
-285
-262
-70
-54
-458
-549
-191
150
-37
-578
-78
-94
412
-71
-501
-387
-78
-30
665
-184
259
-108
-477
202
-338
-306
-387
-307
-592
92
-484
-80
-380
-69
332
341
169
-192
99
-29
147
305
600
150
580
-5
-195
202
69
265
289
50
26
14
-72
-52
-67
-48
136
92
-20
167
-84
-352
-176
-79
332
213
-359
-70
134
593
-163
-111
669
333
54
148
380
642
296
156
-11
625
143
-452
18
6
202
-407
-140
179
552
-174
124
439
223
90
-175
-527
-175
-4
-166
-22
89
25
140
396
285
642
-217
89
223
177
-43
246
327
196
269
-4
-124
68
-240
-399
-59
-365
-248
-162
-232
-32
-180
-338
-187
-424
-570
-268
-302
-470
57
-149
101
-267
43
436
67
-317
-25
2
188
265
-63
180
-122
168
-435
-339
-73
-230
-444
-595
-212
254
-490
-870
-471
20
-50
-546
-403
241
423
-362
-659
-260
-7
21
-103
-658
144
65
-11
-91
86
174
-51
323
-32
-33
-34
-154
160
-144
-69
92
-450
-294
1
280
-87
97
9
381
78
264
520
97
493
154
70
408
717
203
4
312
883
319
-522
132
925
313
-242
-253
338
737
-326
-873
146
591
216
-254
-100
474
315
117
215
367
115
393
264
207
26
468
-43
-132
112
-98
414
356
-44
300
325
294
622
-9
273
314
496
552
334
-1
179
-63
85
-171
-263
-465
-171
-6
-305
76
-154
323
150
-374
171
456
-146
-268
-545
84
-13
-365
-265
-470
-199
223
221
-176
-746
-616
-120
-248
-354
-471
-225
-114
-319
-600
-686
-245
-104
-457
-749
-167
-245
-170
-389
-485
-22
-154
-118
-412
-155
162
-97
-209
-265
-176
-131
-600
-374
-64
-80
-57
51
177
-76
-15
441
37
-117
-113
92
104
-29
-293
-83
57
104
-532
-419
7
-148
-35
-508
178
70
95
-105
91
116
369
195
-12
-115
302
632
313
-180
-103
556
313
548
-69
550
669
649
137
300
752
553
6
-11
250
145
88
-162
289
63
348
60
473
568
434
92
231
615
422
515
176
622
271
-135
-157
111
333
-114
-70
-27
116
103
-40
-220
57
-124
-61
15
-218
-10
-105
198
14
-178
-76
127
234
30
-212
-51
-105
-111
-357
-381
-332
-133
-216
-540
-403
71
260
-30
-480
-367
-100
-31
-389
-1032
-487
-207
-71
-463
-579
-337
212
-68
-305
-314
2
-189
