-599
217
1740
1513
-100
-456
60
1030
-236
226
575
419
413
-573
-731
-969
170
-127
-511
65
-329
-900
39
275
213
-111
99
-313
210
845
609
538
493
178
-294
-571
-1058
417
-10
393
507
-242
-447
-1150
-1407
-299
108
166
-244
-592
-124
-756
1
-124
-441
-55
-85
-83
700
-123
228
64
-326
-63
-90
376
430
326
-582
594
-202
-11
69
-492
488
-337
57
74
-103
280
-253
-55
195
50
-87
-14
463
159
-323
-271
510
541
353
-160
-526
-366
-357
-320
100
399
22
73
-175
-195
-470
94
470
408
258
78
67
-130
73
119
251
88
144
36
127
6
35
209
-73
175
-148
-241
-204
-393
14
19
143
150
-78
-228
-214
-395
-391
-63
-443
-350
-282
-244
-155
-207
-135
-103
-181
-248
-10
-167
-358
-441
-563
-535
-357
-75
6
50
160
76
156
70
105
190
272
576
190
350
-55
40
192
69
185
14
319
-153
202
-215
21
287
-7
63
47
426
130
345
104
198
16
187
380
393
481
392
486
336
600
96
569
120
376
397
-25
233
-126
111
-331
-82
-463
79
-126
-52
242
-212
291
-99
366
-8
55
20
77
188
-80
260
-130
386
36
399
52
141
98
-283
73
-390
-7
-594
-195
-263
-18
-280
-173
-144
-305
93
-364
-7
-176
-50
-142
-47
162
49
-90
8
238
51
58
193
-111
134
168
217
39
62
129
-167
134
-239
154
-19
-14
47
-300
-141
-345
-433
-527
5
-708
112
-204
-497
53
-510
193
-386
86
-418
-1
-457
36
-29
-218
564
-517
362
-282
202
130
120
129
118
-157
-98
205
-129
384
-198
37
-312
-13
-36
38
-43
-97
8
-133
131
-145
341
169
83
43
121
162
140
299
462
380
181
278
289
328
373
425
156
-27
54
24
271
-2
202
244
64
141
-68
170
-33
-16
-20
-41
37
34
22
217
88
337
56
-37
-153
-141
-38
-182
201
-58
210
130
253
86
8
292
-73
234
272
39
283
-141
-56
-99
-156
163
-382
-340
-234
-555
-330
-385
-388
-570
-608
-364
-362
-515
-81
-354
-409
-282
-488
-60
-380
-11
-170
-152
-325
90
-24
75
207
168
239
152
258
18
317
-127
203
-160
143
97
127
206
-41
128
-146
-40
-237
-2
-455
-221
-210
-364
-202
-211
46
-58
-36
-336
92
145
201
332
248
535
601
712
643
490
727
414
646
562
365
372
367
675
119
81
-49
114
-65
40
-168
-101
-85
-254
-134
-124
-216
-280
-144
-324
-223
-353
12
-185
385
36
205
107
99
358
-205
348
-144
423
44
394
-132
273
41
-151
364
-257
293
76
381
15
240
-408
365
-123
177
46
-173
232
-393
170
-386
78
-156
47
-11
-91
32
-69
36
-37
-35
-28
-258
26
109
11
6
-229
-38
-512
-69
-363
-374
-61
-442
6
-277
-51
-399
-64
-279
-130
-169
-604
225
-366
363
-276
-12
34
-46
116
-204
-98
-820
182
-779
9
-358
-470
-116
-508
-4
-808
-54
-753
-120
-395
-346
-296
-634
-190
-509
-34
-330
-27
-150
-130
-46
-11
-3
-135
10
-246
116
-31
98
92
-22
196
98
377
107
302
164
382
433
26
261
-133
4
137
74
272
-381
244
-170
-8
280
-137
297
-231
291
-162
309
60
266
76
-35
281
-149
177
-249
311
-160
95
-202
38
-124
-121
192
-51
207
-327
329
-313
205
-153
47
398
-90
439
119
329
39
387
221
413
27
-31
55
135
277
586
164
402
387
150
859
116
1077
132
737
-30
226
364
-38
602
-508
362
-411
133
315
-57
-21
155
248
21
33
-112
-203
3
159
-104
264
771
570
-398
-874
-995
-396
353
683
193
-491
-1027
-455
1055
840
880
-237
-1064
-463
534
946
488
323
-1061
-12
283
622
879
-300
-191
-511
-62
480
422
-136
-162
-246
149
671
181
45
-233
-475
-183
409
294
37
-217
-697
-120
367
271
305
-274
-199
-207
-31
355
141
-290
34
-30
297
206
34
-265
-359
-143
265
287
-558
202
-853
172
-523
395
-734
353
-842
97
-165
132
487
-645
2109
-721
1179
-1121
223
-1177
-277
-285
-487
-105
-793
-72
-117
230
25
388
-526
-192
-491
194
-214
382
-280
-161
-109
244
-50
200
-384
-372
-395
-208
-296
-419
-524
-679
-246
-284
56
-471
-126
-361
295
40
632
-20
-99
435
-248
-17
-394
-310
-304
44
-322
-263
-231
-418
-87
-496
110
-81
-113
119
-20
-32
-47
210
-306
297
42
272
368
2
-23
-290
-205
-201
4
-288
60
-202
-38
269
412
340
274
277
329
499
255
279
-208
-73
7
-39
-52
-12
113
117
124
107
117
206
239
130
88
131
96
144
165
165
249
262
388
222
221
195
125
161
206
-43
-135
-72
-237
-149
-97
-201
15
148
189
-187
181
-55
-204
-1
186
196
153
158
-240
90
5
536
-156
-243
-262
-240
94
49
203
159
-158
-341
24
-203
144
105
-136
39
73
27
4
150
-87
26
21
-82
75
124
150
-16
-43
-17
267
-123
75
-54
-605
-742
350
-293
-390
259
-690
-37
-45
259
-815
-4
448
-698
593
235
-64
-65
273
580
25
580
-213
-87
511
61
467
180
411
114
274
277
111
74
-157
123
-197
572
288
105
140
212
36
166
266
-7
295
286
187
87
299
94
348
-12
41
357
42
-10
-89
-764
-48
435
-386
-509
661
-720
-687
305
-431
61
-911
292
-363
-1248
1483
-514
-1090
304
-694
203
26
774
-616
-928
78
-161
366
-353
312
-561
-685
704
15
202
-366
-253
-369
-730
493
-183
28
-104
-521
-362
-206
146
56
-577
-501
-226
-112
106
338
64
-550
-403
-134
398
392
12
38
-384
133
147
-376
-59
-998
-246
-381
-545
403
-489
-606
130
-427
-300
62
-557
-13
-661
-331
-19
-293
272
-68
-77
-45
213
-99
137
-550
-195
-87
-215
518
-75
-281
-377
747
-808
959
170
-1661
905
259
-592
485
849
-804
-142
307
916
-1089
840
630
-1661
979
36
207
498
776
-80
-836
279
300
151
745
35
-606
57
666
257
307
50
-95
27
235
986
147
-121
-255
7
558
448
40
233
-186
339
740
-52
639
422
-543
449
779
227
-6
192
550
8
1011
588
-25
349
184
472
425
338
-251
-82
289
134
171
151
-692
-366
-218
531
653
-1463
647
-629
-1326
1023
359
-731
-379
891
-700
-386
1028
-32
-1392
214
523
-1073
1248
630
-1123
-103
88
318
-81
253
61
-845
-32
557
-324
81
-164
-315
170
26
38
-500
181
-21
145
47
46
240
175
222
-44
673
-83
-2
261
-314
149
594
856
0
-361
566
682
-543
-324
168
203
-26
-178
170
-516
369
31
-250
23
-516
-295
-88
241
-50
193
75
-437
411
60
241
185
-750
677
-322
-1060
950
-533
-1192
1521
345
-499
86
791
-1084
113
2211
-1363
102
430
-716
108
912
498
-398
-267
388
-188
-684
1039
78
-726
308
-278
-141
-198
415
-516
-1143
354
-393
603
106
-334
-367
-659
635
-168
-47
-403
-1432
232
501
-63
-470
-1016
-689
1047
129
-471
-330
-858
407
-134
643
541
-555
-144
-633
-607
448
637
-69
-350
-223
-385
798
41
-432
-394
-283
861
-765
376
340
-2001
1226
1716
-1513
54
588
-1539
942
1373
-899
-193
-47
-634
-525
1810
-217
-431
827
-1059
-334
125
424
-308
-1029
222
304
-463
1180
-509
-415
886
-927
277
953
-24
-467
259
-466
-22
796
-131
447
-226
-1481
180
1908
143
-1089
-620
-1582
982
2422
-972
-662
-1201
-465
1855
525
449
-1809
-1281
586
833
1341
-610
-1372
-1779
1741
614
110
-252
-1435
292
521
2083
-463
-402
-1240
-486
1050
3478
-1331
-3810
1635
-2129
2989
2595
-2622
-1238
1060
1080
-113
2090
-2058
-2253
2090
1784
-836
782
-961
-1253
2598
707
21
-1518
-120
668
-98
1044
191
-773
43
524
756
1413
-1711
-810
1255
917
316
-1261
5
-531
639
1510
-875
-174
207
-273
-239
815
51
-727
440
-1165
268
705
274
-212
-813
510
-56
1094
-532
-1716
610
283
620
7
206
-833
48
1907
-596
205
-429
-237
72
802
176
138
-236
-1368
1043
669
-1585
1544
-783
-1672
2297
-614
-935
-747
862
-1581
1400
1261
-3176
-177
2003
-1409
26
2060
-2468
924
-1084
227
310
-1000
501
-1587
903
-8
384
425
-1047
-1110
1431
1173
-659
-460
-3361
422
1339
1979
-1418
-2563
565
-132
2851
-1195
-1038
-2551
943
2275
190
-919
-2552
1326
572
2922
-1492
-1942
-749
1355
1409
-992
-432
-2215
1503
473
-63
-700
-511
-514
1298
1785
-2253
-929
288
1388
93
-548
-1570
543
196
1097
983
-4038
751
539
-1256
1476
-1159
-1807
1188
397
-747
-336
666
-813
-2
952
-156
-390
334
-883
268
627
475
1291
-2520
180
-236
900
1891
-1628
17
472
-784
1405
1040
-1152
151
385
635
1166
-187
370
-113
-39
228
238
289
-843
604
162
995
-820
-521
-318
219
150
-286
-512
-596
1854
713
-963
139
511
-1885
1395
790
250
351
131
-943
-206
-262
-19
2411
-658
-808
-462
-591
813
425
-363
623
-687
-482
40
39
-674
1078
-789
-756
2310
229
-270
-1451
618
-373
2178
1731
-3410
1192
-633
-611
1998
69
-666
-533
707
414
-92
249
-1367
114
1909
-575
-70
-69
-1640
376
888
-1108
930
-173
-935
615
638
-162
944
-569
97
1168
-287
-1257
-450
225
229
2758
-1128
-200
912
-564
-208
1985
-2409
-860
2800
-1645
1185
978
-1431
356
1450
-1950
377
231
-1537
2614
-204
-1359
261
-67
-847
1089
-77
-1070
3533
-2301
-2033
3513
-1464
190
1982
-2587
769
2167
-2172
45
314
-1654
-149
1143
799
-486
194
-1252
676
792
-713
-226
-713
-1304
1105
1081
-478
1334
-1903
526
2631
-1604
-401
-785
152
2390
-750
-1576
-1063
3391
594
-1144
-2548
166
3915
1003
-2293
-2922
1273
701
1892
-3156
-13
-2203
1005
3334
-946
394
-2062
3663
-2243
-222
-767
-1095
2739
-2156
-901
-144
2182
2947
-867
-3519
-526
2582
485
-3409
-3139
-580
3557
2705
-1785
-1345
-1114
1916
743
1190
-2714
-4258
3330
1617
1113
-1876
1389
-1431
616
625
-2476
278
548
-2536
-1525
3023
-1593
1546
-2662
3172
68
-709
594
-3737
573
1885
-901
-129
857
-933
2451
-1242
1120
-1710
-1736
-2220
1901
2033
89
-54
-2732
2046
633
1114
-669
-1054
795
1048
-754
-1575
1442
-1952
58
4329
-1379
740
278
-1320
1280
801
-749
-2213
613
1824
965
-82
-4567
1791
2677
1811
-79
-3909
1049
1074
3527
-1974
-1239
-1826
1400
4627
-1346
-2559
692
205
-747
1192
-1881
-156
689
2405
-1694
97
2452
-1294
-2038
75
-634
-653
3899
-1147
-137
1174
166
780
-381
-1614
-2023
1898
-1655
1340
1658
-1222
2404
-862
1308
1939
-2509
-3249
793
-112
-346
1700
-4389
2093
4878
-1720
56
-345
-1745
3195
2199
-6176
-1064
942
-10
3112
-1519
-2464
1973
2441
1471
-42
-2654
-1182
1362
-366
-1738
-1090
-2607
2459
4101
-956
-994
165
609
3302
-844
-4342
977
390
481
868
-1956
-4507
4372
4528
-2297
-1588
-2960
1163
2559
1265
-4896
-3648
2301
3857
1057
-1589
-3444
-192
5422
2597
-2166
-5755
692
2108
1437
-525
-4276
-927
3790
3118
-2717
-3263
-667
2718
2975
-1871
-3862
-283
3715
865
-496
-2758
-1111
4436
2410
-2364
-3386
-60
1232
3396
-2187
-4321
-366
3065
2010
-409
-3324
-1732
3570
1497
-293
-3232
-2135
2540
2988
-1524
-725
-351
820
2488
137
-1896
-2045
1969
347
-50
-2538
-2682
2642
672
1447
-15
-2006
-3828
3612
1948
-2603
-328
-2683
2046
1765
2239
-3616
-1928
1619
2455
-187
-1418
-168
-1671
3811
1022
-2116
-2233
2243
200
651
-336
-2319
1267
1835
81
-707
181
-2487
2443
-276
480
130
-197
-531
-1356
1593
-1524
2159
-1474
-418
307
636
731
-223
-471
293
2376
-502
667
-2683
-1232
303
1114
-454
-83
601
-111
1305
-920
259
-585
1657
-1162
-1059
1116
-64
1867
-1000
-186
-700
351
770
290
-1717
-3010
2203
144
-976
996
-537
-908
1262
1395
-427
-754
1469
-2104
-493
2687
-1937
-121
637
1045
-758
-700
203
68
1448
-927
-1267
-679
190
1312
178
-2699
1033
951
238
870
-1644
-1968
1181
1584
-1375
73
-570
591
2534
343
-726
628
661
863
-2177
-1533
-663
1652
1101
-1203
-1261
513
2307
2036
-938
-3225
426
357
3209
-2177
-3469
-1631
2230
4501
-2056
-2341
-1818
3241
2045
545
-2336
-4141
2335
3023
1364
-3234
-3391
-246
3015
2757
-834
-3074
-276
2896
3380
-3763
-3124
2526
107
2087
-2333
-3975
202
4938
62
-2200
-1515
782
3454
1280
-1206
-3004
575
1674
1606
-2610
-2759
-285
3065
2291
-243
-1372
-1126
2130
2660
-486
-2656
-1004
-501
1516
523
-2839
344
2241
837
375
-1376
319
1816
1531
-1845
-525
-1593
655
309
-1031
390
-719
2390
211
411
631
415
-477
195
-2289
467
897
-1613
-470
173
103
543
357
557
1075
-1343
1738
-1139
-905
-1533
-836
-129
92
1053
-1137
1122
138
1844
-580
-146
1602
-793
680
-96
-914
-1420
727
-904
-489
382
-1522
1721
904
0
-1358
38
645
-226
481
-2590
1156
187
656
1316
-946
190
-946
1612
-717
-234
-1213
-148
677
-154
1810
-2477
-528
725
419
1143
-382
-1106
-85
1599
-220
16
419
429
-151
-576
1275
181
29
-74
