212
-119
674
-1010
365
-474
-448
227
-734
600
-54
-113
19
-234
377
-53
146
-25
-50
260
-563
1
325
-633
-165
-175
8
-496
227
-99
-1536
1257
-13
-721
1853
-259
804
323
-912
635
-510
264
-190
-309
-26
-788
6
-360
196
326
-309
423
-395
108
-355
-483
410
-445
-365
-361
-48
-699
259
436
-1057
1389
366
-1506
1025
-80
-102
-264
-503
681
-141
464
40
-145
397
188
302
105
211
148
58
943
-121
225
-194
-546
-84
-684
-41
504
-386
-1191
-61
306
-793
-1408
308
-674
92
809
-1330
-130
105
-44
470
-94
52
-227
276
75
-185
546
563
540
-531
-295
-52
-435
266
42
-450
17
-115
-131
30
219
-50
644
777
-699
225
281
-912
438
834
-1143
-488
360
-271
44
-48
-197
-122
644
206
-435
-212
-199
267
-398
458
280
-557
372
134
-39
57
32
-292
7
-438
-271
959
-219
-79
889
-606
462
1145
415
466
727
518
-123
576
420
348
773
769
202
-193
84
528
-271
437
351
-661
284
42
-307
-201
144
-435
-472
-225
-314
531
-665
171
470
-931
878
575
-235
243
824
241
-363
784
301
-405
632
952
-299
1031
752
-990
342
83
-289
29
-360
-461
-1017
-336
-210
-1047
-202
199
-669
-754
980
-910
-635
683
-1248
70
603
-274
-735
311
249
-1301
112
227
-1205
730
428
-619
598
-561
85
-137
-582
729
-496
-97
-107
-660
167
-155
-64
478
238
-619
945
638
-1114
1319
270
-751
648
-2
-450
106
922
-428
-529
829
-689
-899
183
-827
121
428
-525
69
-722
-1143
153
-724
-403
336
-704
-437
-456
-150
34
338
-354
591
8
-851
697
-478
-446
95
-255
-165
50
769
345
-125
1094
472
305
904
32
716
1200
-37
1109
790
129
517
-181
472
254
2
-210
-247
-682
-829
-406
-1350
-243
479
-1228
-77
-187
-1424
178
-168
-327
123
83
856
320
1046
365
-65
1694
465
749
1103
251
872
539
73
171
-100
167
-785
-1163
-997
-1651
-1237
-1097
-282
-538
-911
212
-653
-927
532
-972
-286
509
-177
292
-114
1178
558
-175
974
234
235
1028
396
902
184
212
285
-36
369
-2
-60
-33
276
-220
-58
-733
339
938
166
-1251
-197
1956
-450
-154
579
-9
361
74
-180
371
483
380
-225
-211
-47
-531
127
-65
-378
-458
-472
-7
70
-204
-61
117
-548
-657
-337
-128
74
659
265
-183
719
-191
103
109
-96
287
187
476
-467
197
-213
-186
79
71
148
187
-60
-150
123
245
632
313
409
-520
686
617
38
-21
190
-117
-342
78
-570
-74
212
-67
-573
-320
-943
-342
24
-16
-330
131
172
-632
-237
-237
65
350
758
114
216
-21
-167
191
383
-87
62
119
-685
-376
-187
-417
-276
-382
-808
-601
-588
-223
-413
-177
-4
93
68
271
752
-44
50
456
-114
302
450
321
423
85
190
168
632
274
380
347
-47
-112
-27
-295
-369
-152
-460
-99
-694
-408
-729
-861
-526
-180
-248
-290
-82
-171
616
522
279
401
593
392
627
426
712
280
-3
102
-230
-518
-623
-295
-339
-459
-800
-516
-163
21
-600
-416
165
-164
-193
44
9
47
21
321
595
228
617
673
235
229
659
346
110
375
158
437
94
5
-114
-149
69
-400
-302
-231
-361
-601
-511
-293
-360
-511
-315
-27
-425
-232
635
620
145
520
280
197
682
387
418
316
240
209
92
9
21
446
290
-93
-492
-642
-383
-557
-555
-546
-395
-563
-639
-834
-752
-291
-130
13
106
58
-158
380
200
300
365
444
672
737
839
337
742
827
376
331
23
-331
-689
-916
-581
-325
-422
-403
-524
-742
-641
-281
-121
101
407
322
682
500
-78
40
234
159
90
119
-177
9
282
81
-230
-348
172
-63
-438
-150
-399
-418
-45
88
-54
183
24
-181
1
-33
333
556
340
79
214
197
199
288
289
250
216
110
-286
-175
-148
-71
2
72
-17
-213
144
-346
-167
266
-31
-132
54
89
-250
175
116
15
178
-67
-83
-5
99
174
180
184
222
-78
-60
243
108
64
250
95
76
64
-140
-68
-260
121
-132
-550
112
-444
-508
303
-90
-489
-290
25
-257
-92
76
-354
-18
122
-30
17
141
12
506
623
93
393
500
356
80
4
58
313
83
174
58
-43
137
-183
-98
-210
-140
-209
-56
-259
-36
-40
-347
-255
-45
-393
-411
20
-399
-412
-486
-704
-958
-429
-47
63
98
13
243
54
214
137
670
834
761
993
532
696
483
411
171
230
86
66
-40
-340
-242
-238
37
102
-129
-378
-413
-742
-600
-284
-65
-112
-112
-20
-70
69
270
104
579
913
676
512
341
231
519
763
422
180
-40
63
155
-40
-58
-249
-406
-398
-557
-320
-320
77
-381
-549
-384
-342
-120
-102
37
102
127
-147
139
-338
-112
-245
-139
315
236
-158
-494
41
-263
-156
-156
-220
-274
-64
18
119
296
-116
16
2
3
48
-125
-241
35
-41
-376
-524
-409
-646
-362
-258
-632
-51
-305
-99
-46
39
500
399
306
165
211
779
827
395
493
510
345
170
352
368
204
66
-183
-28
265
206
172
-178
-160
7
28
-86
-8
-119
-153
157
-86
167
-12
295
192
-172
-68
-479
128
7
-85
-156
-316
117
-34
390
-9
-299
-27
-52
317
185
270
-43
-59
339
86
143
82
-130
53
98
166
393
-67
108
259
279
98
-14
127
4
375
-84
-108
9
-52
171
89
43
-94
85
66
76
84
-201
-352
-123
-139
-230
203
-157
76
68
-172
214
-448
-245
60
-51
226
64
26
59
569
310
-69
173
-292
-23
0
-66
-59
-164
61
-57
-28
252
222
-306
178
119
-242
-189
-413
-203
-216
179
6
-183
288
371
470
236
228
224
385
687
510
683
-115
-72
188
-510
483
131
-675
-84
-599
-329
-94
-673
100
-219
-500
-254
-1025
-624
-506
-263
4
-391
-44
-481
-81
756
593
510
418
257
358
635
751
300
170
174
6
91
-427
15
-396
-508
101
-523
-547
-537
-394
-192
-271
-7
-78
-542
574
396
-217
419
-217
-223
180
451
154
-9
413
-347
-354
528
-212
-71
217
-381
-170
-319
-18
-769
-660
50
-814
54
152
-302
70
522
747
-200
783
701
-73
1053
401
-47
392
-64
607
254
239
656
-388
325
-31
-65
271
-280
-180
-665
-108
-316
-1190
-248
-726
-823
-443
-800
-475
-591
-317
-143
-318
100
-312
-179
-102
175
349
277
685
107
727
1189
210
1117
641
-230
835
-85
584
99
-271
-62
-590
-749
44
-1270
-4
-1810
-4143
-1826
-1114
1324
1337
2508
947
998
679
570
1024
965
661
-469
-179
-588
553
1219
1594
1504
1102
-332
-502
-1678
-1871
-1475
-1621
-1051
-838
-442
116
701
1238
1264
547
368
-330
-350
-13
6
640
1050
376
786
565
264
837
733
576
76
-124
-2
-353
-670
-17
-569
-481
-126
-627
-484
-491
-191
-97
-344
-275
-277
-6
-199
-62
479
-440
305
92
-322
287
38
640
-274
202
763
479
572
65
-71
-125
305
260
356
295
105
-161
-33
-75
163
23
-370
-255
-677
-452
-734
-514
-360
-424
-42
-328
2
97
110
550
120
145
34
-242
119
139
164
133
88
120
-153
141
112
355
117
-222
125
-448
-22
-89
-473
-265
-164
-17
33
22
47
214
186
270
237
91
15
178
111
-55
115
26
192
59
17
203
-120
68
367
-65
277
293
176
416
-283
149
-53
-176
84
-116
102
-79
-86
-67
-54
-139
112
20
-84
-61
-315
-162
-186
-136
-163
-128
-422
-196
-12
-317
126
-91
63
168
-128
259
-17
-17
183
-55
88
-266
-33
-228
-190
-109
-471
-61
-350
-124
-33
-73
12
-58
-91
114
-189
-64
202
-143
-29
1
64
0
381
278
319
397
398
294
137
181
334
221
-122
200
-275
-38
-197
-434
-129
-520
-113
-372
-232
23
-459
-182
-90
-424
-205
-228
-222
-28
-380
64
-131
-161
-198
-134
69
-84
228
120
263
376
443
158
244
210
-10
125
165
-84
-10
-63
-220
33
-257
-8
24
80
61
53
346
128
211
255
158
94
66
105
93
-169
135
127
98
362
23
286
150
331
337
101
290
-16
-172
-56
-233
-201
-46
-233
-160
-261
-186
-344
-211
-7
-217
-163
60
-258
-22
7
-183
270
-310
-30
131
-61
118
51
417
283
389
564
101
593
309
99
452
-153
189
-182
-400
-396
-626
-229
-363
-36
-297
-51
48
76
212
-18
220
-188
206
127
-149
66
7
18
25
189
77
253
271
196
242
151
298
160
140
-303
-54
-39
-505
-105
-394
-417
18
-399
-380
-181
-509
102
-46
-40
116
-39
231
10
-77
-26
-102
27
82
-22
139
263
135
122
390
232
168
85
234
22
-14
126
-188
-111
-249
-103
-53
-141
-100
218
-87
48
343
11
171
106
364
188
193
424
87
66
7
125
-86
-119
172
-133
9
-103
-73
-118
-356
-262
-486
-196
-209
-429
-349
-467
-263
-41
-152
73
124
217
216
340
352
195
86
-66
178
52
164
12
-1
-82
-102
-268
-229
132
-125
-74
89
144
-143
263
85
-48
245
34
150
89
78
-9
126
-29
-134
74
-111
11
98
-190
-72
-89
-320
-10
-242
-85
39
-235
39
-56
-172
-7
-219
-234
44
-339
-249
-427
-486
169
-72
-307
131
-267
-174
83
-140
34
-50
309
71
-62
83
-67
33
1
-19
-51
-132
-57
32
139
228
125
189
258
61
261
219
103
138
-23
90
-71
-156
34
29
65
42
-32
53
-33
191
-10
41
302
-11
123
-160
-81
71
-166
-103
-146
2
11
214
94
132
513
103
113
20
-152
19
-225
-152
-306
-335
-138
-190
-3
14
69
114
104
156
224
-13
-16
105
98
-47
92
315
225
147
-6
267
31
90
319
-221
135
-46
-342
201
-229
-203
107
-352
-254
-35
-277
170
99
122
245
-7
147
-30
-47
-101
124
14
-139
3
62
-235
-207
-128
-463
-140
-267
-137
-53
-267
38
129
132
237
159
102
-38
-27
154
-14
-204
-10
-11
54
174
-15
231
99
276
254
58
378
124
169
333
116
173
116
104
51
101
208
0
224
52
-120
-26
-155
-216
-231
-133
75
-327
-37
11
-402
-191
-361
-120
-232
-107
-133
-90
-65
-191
-25
44
161
69
139
-157
-205
-151
-71
-140
124
107
-273
113
-128
0
54
-51
150
-380
-70
24
-315
106
-269
-97
53
-275
211
1
61
247
3
202
12
-117
-38
-283
-178
-208
-342
-168
-239
-248
-16
-74
9
-10
-280
221
124
-116
106
-26
-44
-83
-51
65
-6
-235
-56
-121
-221
114
189
106
-102
-25
33
-76
163
23
-25
119
196
333
-7
159
84
-50
187
45
325
167
371
281
96
436
-148
201
89
-10
319
-70
263
105
8
224
-55
398
216
47
222
67
322
-46
116
175
-89
94
-69
-50
-77
-108
-67
-45
276
115
93
93
-67
156
-20
45
355
69
-28
68
-130
176
-13
104
133
-477
-308
-443
-247
-195
-252
-135
-180
-184
-86
62
-6
-83
52
34
-157
-6
-93
90
27
42
257
128
59
177
-121
-83
-204
-267
35
-24
106
-34
71
-83
-161
34
-299
-229
34
-604
-67
-142
-35
-13
-215
15
-106
272
47
514
48
-93
-77
-122
160
-67
80
-260
-209
-118
-615
-221
-38
-136
-128
-282
43
0
59
137
94
104
1
51
59
78
315
355
81
-65
-47
87
-64
-12
-51
-179
-70
-152
65
-73
59
20
-63
112
-96
-21
180
95
123
123
30
146
-75
315
218
117
222
57
212
29
-9
61
-73
-70
-2
-64
-52
-99
20
-122
48
-99
-37
50
-24
-33
20
158
-64
58
-15
250
-11
62
90
37
74
-88
106
-87
-159
-101
-142
-62
-94
-158
32
-54
38
51
-108
52
26
128
-15
-17
96
-30
173
-55
-52
-106
-31
-41
-110
23
-212
-152
-29
-297
-8
-46
-50
124
-85
279
0
45
93
81
110
-12
115
74
158
199
-41
225
199
-121
186
-206
-258
-210
-261
-312
-306
93
-101
178
97
-14
32
-149
77
27
92
166
6
29
254
30
359
208
-20
198
-75
212
-35
-33
23
-155
38
-195
-141
-73
-216
-37
-60
-245
108
-7
33
290
290
417
79
386
265
137
101
-82
48
-74
124
-42
26
19
-177
52
-276
-313
-30
-217
27
-184
82
224
-82
45
-4
99
-262
-45
-45
-9
89
26
119
-103
32
-120
-122
-78
-243
-178
-201
-86
-279
-270
-12
-227
22
-77
-40
260
-131
91
216
-14
71
-136
35
-33
-172
21
-23
0
-28
48
-55
-150
-62
-91
79
67
-55
28
20
134
17
114
-185
99
88
-79
231
-189
164
-37
82
99
-44
136
-59
55
-23
-68
-94
-111
-71
1
-91
-123
113
170
167
167
227
268
240
243
82
74
43
13
-51
-143
-146
-171
-170
-27
-27
-28
201
305
112
328
155
180
277
