103
298
384
301
434
313
224
260
278
78
195
266
39
60
-99
77
70
38
-31
-162
-166
-154
-11
-9
61
68
2
214
71
-33
131
105
169
202
152
153
245
195
119
192
75
48
78
35
94
-52
8
-188
35
-170
-196
-108
-323
-169
-247
-93
-35
-85
47
-25
149
6
-14
150
37
191
149
155
122
35
-67
-51
80
-82
-76
-6
-181
-89
-245
-154
-102
-72
-186
-27
-6
-31
177
-3
-294
-76
219
-207
4
333
-56
3
-47
-166
-77
-280
-87
-373
-233
-196
-226
-71
-114
-172
-131
19
-233
-118
-179
-205
-115
-164
-348
-202
-43
-47
162
79
35
63
30
-139
4
-83
-228
-53
-63
36
65
-12
-113
-47
-92
-115
8
-143
-118
-168
-202
-219
-62
-26
-49
114
13
101
18
-4
-6
4
81
31
-43
177
22
-82
409
325
-85
219
707
-80
156
450
-134
273
97
189
187
108
221
-103
280
156
40
188
-2
-51
31
29
-9
26
-2
117
-2
78
-77
-55
206
-20
21
149
105
158
20
51
-39
144
251
324
112
379
383
-109
630
-114
5
343
-108
34
373
-72
59
326
-20
96
121
-19
59
78
-43
228
64
-4
-49
-109
-106
-8
0
83
60
-65
-175
-28
2
-82
-114
12
-76
-285
-47
129
-320
-133
6
-214
0
-293
-225
-142
-179
-104
-335
-149
-209
-111
-73
-213
-54
-106
-25
-108
-91
-70
-73
-235
-165
-251
-104
-26
-65
7
-196
-228
-93
-136
-92
-47
-167
-51
35
106
87
160
76
53
69
-16
32
-34
19
-10
18
-25
-148
72
-57
20
-43
-74
-55
-54
-292
-156
91
41
93
133
47
-43
192
-59
-55
73
326
-15
181
99
66
107
94
128
164
-177
89
-222
35
246
119
314
73
431
298
429
61
158
102
470
-46
1989
-862
-81
550
183
355
-510
1058
-40
-133
443
474
-985
703
-472
733
-315
-231
523
481
-48
641
171
283
43
-115
363
-378
69
-382
-4
-663
1181
-1496
975
-50
-36
-366
-273
89
-136
-310
91
340
-952
283
-671
526
-782
-300
56
-80
-1015
730
-816
92
-310
34
-272
-201
436
-609
182
-790
485
-750
92
-778
-256
180
-5
-137
-348
-368
-129
305
-315
-464
-313
-442
273
-561
-630
-157
-172
-53
19
352
-815
149
-182
855
-943
-539
731
-619
507
-1331
329
-102
-665
54
152
58
-721
1380
-957
61
-124
541
393
-1371
616
156
-95
-96
601
-491
281
-56
841
-207
-666
692
-302
434
105
198
59
-142
170
1075
-472
-209
652
435
-578
-289
723
44
114
13
902
-731
62
388
48
-213
-287
990
419
-1201
759
629
-448
318
-826
546
-652
-12
771
-24
-309
-111
229
967
-560
-128
278
407
-173
-60
277
-252
502
-767
854
-203
106
492
-329
132
519
-40
799
-733
-305
403
219
170
176
56
29
405
-565
1414
-1726
834
-114
-361
947
-1441
970
-166
105
-244
-509
1027
-758
143
580
-911
126
-362
335
-586
-466
269
301
-242
146
282
-132
170
73
208
-636
850
-27
150
-170
521
700
-667
187
-418
600
-352
306
-53
-819
365
-806
421
-390
-311
-605
-57
527
-598
-424
-1155
862
-693
-347
-458
-190
-645
958
300
-1465
31
-423
1567
-1116
212
-514
915
-59
-414
744
-675
23
437
670
-705
357
165
-81
-444
569
-490
-684
325
-189
259
82
-659
781
-624
230
659
-969
457
212
-12
-471
-399
1005
-191
-511
757
-362
-177
-85
1382
-59
-271
501
-111
982
-229
143
136
-280
489
897
-837
-455
61
821
267
-1095
662
-813
658
-320
-834
606
-245
208
-16
159
361
-70
548
-305
265
622
-662
586
386
633
276
-242
721
298
442
-322
-46
-119
434
216
-1096
1064
-693
1468
-981
10
703
-797
448
-840
987
-599
-194
126
-33
-398
-114
447
-588
-544
392
103
403
-497
-96
652
-534
-173
22
-147
-114
-736
378
153
-40
-447
246
301
-143
-399
179
649
-946
461
-28
881
-1039
-161
-116
195
245
-546
309
-375
233
420
-130
-879
-327
338
0
-949
555
-985
216
-258
135
-352
-272
217
-207
-72
-165
1154
-1310
746
409
-370
73
-622
724
-198
-1380
1316
-331
-456
-378
199
492
-1352
262
-23
150
-700
-437
-48
-194
280
139
-565
128
16
-251
-51
-606
690
-398
49
605
-1085
988
-990
356
-115
520
384
-1331
1335
-613
888
-483
-222
1062
349
-347
465
81
822
169
226
43
-465
680
-139
-529
-354
1267
-1605
824
-1129
78
607
-899
706
-878
252
214
182
-315
328
46
984
-36
171
635
-208
270
-342
266
897
-90
598
-438
660
1068
-551
764
-510
801
-332
-479
993
-751
437
283
215
484
-692
528
456
153
-668
567
265
-425
348
-370
65
-196
38
393
-407
88
331
-428
315
-949
264
-72
-281
-132
-52
21
133
-457
39
352
-370
61
-453
179
-644
-50
247
-297
-861
238
-499
-95
-229
245
-684
-66
138
335
-108
-851
768
-144
610
-453
247
-304
318
97
-173
-81
328
302
-296
143
-124
-151
-216
263
-232
24
401
-317
921
-153
-681
909
-662
387
-572
-142
529
-428
446
-921
-367
739
-306
-302
-456
-308
842
-987
-120
37
-293
342
-1100
1012
-385
-640
-135
606
267
-810
698
-373
821
-833
902
249
-465
1102
-663
218
154
172
598
397
-846
770
-106
176
182
-213
655
89
-51
424
-382
150
776
-357
690
-385
93
504
169
-1084
461
250
-216
350
-1012
1313
-935
-128
552
-892
1035
-1016
294
221
156
-85
-467
466
-584
259
170
-257
194
-366
760
214
-720
706
-58
400
-441
136
671
-334
-115
757
50
-27
91
677
-467
-477
195
902
-111
-788
689
-75
287
-1286
604
195
-503
5
-660
111
38
-168
217
-626
18
63
-447
274
-878
-46
-282
123
35
-1276
305
-777
-465
87
-671
473
-268
-682
456
194
238
-392
438
64
136
-77
-317
325
-976
1160
-569
363
84
319
-117
-190
-424
620
87
-961
691
-460
735
-761
343
32
173
-549
28
-243
383
-461
-924
307
97
504
-766
209
-611
498
-86
-296
298
-201
61
182
150
-336
32
-13
274
419
348
-193
-462
855
-51
-620
326
144
193
-377
497
-609
-399
469
-224
-162
-91
-80
314
-129
-490
512
-78
390
-676
699
412
-70
333
-240
636
-456
420
-20
466
339
-340
-146
400
144
279
699
-395
1006
-616
782
-518
342
-70
-439
1035
-755
879
-367
594
-95
-467
689
29
-339
883
-272
649
13
201
516
-286
240
52
31
-578
848
-16
113
-747
450
183
-522
143
-566
220
272
40
-571
-283
-345
188
-391
-542
397
-852
455
-793
197
-30
-1156
996
-241
5
-766
257
-134
154
-588
385
607
-525
298
-128
480
-645
213
236
372
-885
412
-592
51
-3
-424
863
-620
556
-618
545
87
-62
-39
51
64
203
-335
461
90
-362
589
-675
535
-352
-395
-36
-548
-654
616
-576
397
-404
-16
270
-195
596
100
-391
612
734
-1030
1050
-687
637
-380
-42
277
143
-730
1070
-211
-271
116
-1190
1095
-1065
538
4
-153
-131
460
-525
298
-198
531
-2
-33
-84
505
103
-123
737
-362
798
-736
811
-549
179
-370
590
4
-118
-397
-277
657
-763
879
-583
204
-248
589
217
23
-330
397
682
486
-303
506
329
-407
226
-437
1236
-967
613
-144
346
284
32
240
-14
243
-113
74
-348
143
160
189
-189
219
343
-108
-174
505
-81
476
-153
-106
174
80
420
-665
378
470
-766
788
-617
190
33
-489
-291
-370
10
-710
-337
-587
-124
-399
301
-836
-413
290
-561
121
-363
-30
77
-699
-379
-132
489
-546
-795
110
-77
240
422
-686
675
-372
-547
276
-1247
412
-336
-244
471
-258
539
-449
164
170
387
-600
480
-100
-1360
1217
-851
856
-1393
381
-142
-71
-111
-352
1363
-490
-133
-145
814
-280
365
-347
635
-1380
501
-590
-267
320
-587
53
-504
1061
-394
-102
-291
-263
95
-412
-323
411
-956
675
150
314
-65
52
497
415
540
250
277
179
512
-192
1130
-262
252
524
-4
617
12
133
55
-48
460
-209
119
-252
1142
-90
-219
926
8
995
-580
670
-126
99
-573
260
233
-1155
726
-600
-152
-174
182
40
228
-146
-407
783
-503
261
-235
276
297
-591
684
108
338
-256
205
368
-377
-38
318
-876
89
290
966
-1296
-905
2246
-735
259
-492
708
-448
-451
494
-399
-36
-876
1339
-779
-356
247
-227
702
-336
-25
-185
285
-212
323
-160
-465
-401
293
-67
127
432
-728
230
530
-36
129
706
-949
-30
377
-206
-1282
880
-593
-518
302
-346
38
21
-664
231
-183
-1715
820
-851
451
-956
-397
227
-108
-1135
135
375
-260
-160
251
-372
-245
-157
21
-289
-1417
1537
-1454
1284
-892
185
364
-1042
1447
-301
-117
282
-25
629
-42
-807
1287
-1159
703
425
-345
-125
-428
1337
-750
-248
997
483
-699
-647
663
503
-631
191
1054
-1721
1148
1050
-753
443
170
372
-187
268
-415
578
565
-730
397
390
-35
310
-39
-171
120
943
-1232
1327
-361
213
317
-353
1299
-1325
609
-248
863
-376
-77
149
295
-487
651
428
235
-154
-221
1094
-1055
1056
-751
717
-34
-835
903
-841
982
-1059
234
166
-1444
771
-686
1336
-1385
-1233
1685
-343
-1088
295
-77
362
-1006
220
426
-1615
750
-84
318
-219
918
33
355
-186
774
43
-1143
1764
-821
-646
636
-102
-827
248
-365
-221
-92
-720
593
-1591
335
341
-1068
121
-725
655
-112
-726
841
-213
-307
199
-160
599
-1057
552
40
361
-242
-428
215
-290
-88
-153
-244
-300
197
-349
660
-1053
1419
-916
206
258
-461
931
-601
186
-45
44
-31
150
-555
16
2
51
-248
-83
-527
-289
91
-219
-152
1154
-1638
593
1014
-1223
1429
-787
431
288
-146
938
557
-255
22
801
-70
388
203
899
-443
-851
1249
-491
198
-734
62
980
-1045
840
414
-562
785
255
222
482
-1001
1369
-187
-294
558
-264
473
-898
433
-226
-90
194
12
365
-477
302
320
237
-320
114
152
175
14
-174
358
-245
66
231
66
-73
117
-17
-294
542
-616
-1373
559
-179
-488
-157
347
-786
1039
-655
96
862
-1252
855
-169
-425
241
372
-1049
293
-357
697
-295
-650
976
-358
-253
114
-317
-90
-478
80
450
-1244
597
-231
-345
381
-811
456
-58
22
-180
144
56
-78
-162
-380
205
-573
243
-461
417
-865
47
-177
-54
-311
-404
351
-321
125
-192
528
-850
428
111
-100
157
-634
111
210
-795
644
7
-1193
-363
772
-409
-744
1404
-1129
15
854
-1120
1320
-567
-882
626
-751
757
467
-390
-137
175
195
213
233
-24
-292
492
84
626
-293
331
851
-276
603
-128
535
-152
275
432
-1065
550
535
-833
568
-62
207
621
-478
491
109
-89
495
197
263
357
124
318
205
-855
1125
-468
-556
708
-209
328
-371
453
270
42
-688
1025
-194
-157
-131
-106
-408
-720
-87
-188
-148
169
872
-1275
1313
-390
-252
815
-599
23
398
-457
494
-428
-40
229
-921
992
-291
-67
165
-297
-201
-435
329
-134
-795
283
-210
-106
-838
32
336
-466
-677
490
158
-234
-510
569
139
-580
140
-13
-212
-272
859
-992
1062
-1036
570
327
-1181
842
-722
179
-256
469
-457
-132
375
-588
490
-300
-435
620
-277
294
-153
-263
620
-726
-88
444
-675
446
658
-635
1317
-291
307
1080
-1167
561
7
-603
-158
16
-93
-543
86
-908
364
-160
-907
1114
-886
-23
-424
-17
670
-296
285
447
-525
517
788
-343
631
418
688
-474
534
329
-52
-101
72
618
-346
211
522
-445
-185
687
-37
-131
-639
610
-292
-998
413
132
-390
195
324
-531
478
135
180
-61
-83
737
498
-397
159
-398
331
747
-1130
952
-13
331
95
-208
296
-257
67
-951
410
-223
49
238
-391
706
-284
66
460
-93
-20
-156
-284
149
145
-323
219
-14
291
-153
-69
256
-169
49
-322
-42
170
-419
-88
525
90
-66
-263
-97
197
-61
-27
493
-275
-236
22
-23
-267
-224
-80
-325
-59
-541
183
-396
-572
-246
-254
-14
-124
-178
107
37
-43
266
-583
215
637
-127
-55
512
-39
54
236
-147
373
-145
-184
209
-648
-220
128
-482
168
-252
-352
335
81
111
23
-163
68
-22
154
19
-4
-87
-121
-140
-135
-68
-148
170
-200
-225
-36
-86
-5
123
43
211
-141
105
244
-28
198
50
43
36
77
101
225
65
140
347
160
233
182
83
124
96
128
137
219
26
128
64
191
-317
92
452
-185
130
236
-141
-31
-112
-101
300
-331
-150
-28
-84
65
60
-103
43
-294
82
-110
-159
-5
-96
133
1
43
-53
114
67
189
56
349
25
105
190
25
-68
217
188
133
37
44
95
57
99
316
210
172
280
-86
-79
20
367
-14
291
82
-190
133
371
-275
570
78
-177
468
-314
-99
61
143
-4
-197
-270
-12
-511
-199
-17
-564
-445
-117
