-104
-62
-23
186
117
244
64
89
40
176
-2
-25
-39
115
13
-52
-17
-1
30
100
83
130
23
233
215
106
58
42
147
188
193
28
171
20
113
-37
74
-121
61
82
57
184
179
122
158
118
119
28
-35
87
-17
118
11
-79
-125
-90
-122
-92
-102
78
-10
114
-18
79
39
79
-61
-63
18
-112
-2
-160
-67
-228
-254
-350
-193
-325
-248
-199
-162
-114
-151
-59
-121
-180
-139
-1
-141
-69
-71
-63
-130
-169
-116
-5
-71
-23
-139
-98
-34
-62
83
-75
144
-139
40
-52
-30
7
-282
-221
-223
-140
24
-25
-54
76
-22
96
-34
-127
-148
-222
-227
-180
-307
-265
-283
-35
-84
-215
-133
61
21
94
23
74
25
53
95
18
119
81
223
176
226
18
147
112
105
-44
146
44
105
166
202
243
220
143
199
218
262
227
75
269
131
150
31
116
-7
-119
-210
-214
-145
19
-38
7
-246
-103
-219
-83
17
-66
-62
-90
54
35
186
69
142
32
162
187
317
170
220
197
133
118
-69
5
84
-16
129
-7
24
79
-3
22
31
55
-29
-20
-59
-7
47
121
54
169
-109
40
-165
-196
38
123
67
30
-104
-207
29
-236
-213
-247
-162
20
-53
-16
-64
-13
10
-26
-2
-115
36
-41
-1
-125
-30
-25
-59
85
164
138
106
117
52
8
-30
39
-33
-36
-90
10
27
75
57
160
169
92
135
24
39
100
-83
20
20
86
97
36
53
38
-96
-223
-110
-44
-57
-175
-206
-170
-51
-79
-70
-169
-199
-195
-105
-138
-25
-131
-139
-16
-220
-140
-199
4
61
143
117
-42
133
53
157
-33
35
-60
-176
-60
40
62
-35
-64
93
102
-167
3
-33
13
7
79
-160
-91
-113
-195
-139
-95
5
15
13
-60
2
-47
114
65
15
10
-41
18
187
140
138
118
178
165
119
111
88
252
233
222
-50
21
-217
-242
-233
-171
-79
-257
-123
-99
40
30
28
-40
49
5
57
84
203
-27
-21
107
57
-21
32
64
205
217
148
160
84
-8
-85
-22
-148
-27
-162
-51
-4
81
-106
79
-130
-42
-99
-36
-98
-264
-165
-69
-35
-181
-57
-175
136
-17
88
-97
12
-45
-1
-40
-73
138
103
149
147
95
174
144
251
234
311
193
137
224
105
148
-9
69
-39
145
-9
119
17
93
-15
38
138
85
125
27
96
-56
-6
-46
-26
-83
-119
25
19
13
6
-98
-54
3
117
204
248
121
268
-136
-36
-139
13
-27
-139
-36
-169
72
-167
18
-181
-35
-141
104
-91
-100
-9
48
46
-159
-158
-169
-39
-239
-52
-95
61
-108
-30
-7
112
158
67
137
258
163
91
-56
-10
-29
52
47
21
149
-26
102
201
220
105
131
95
5
-216
-6
-4
17
-115
24
-156
-60
-128
-33
-40
-203
58
-169
136
-109
14
24
104
5
59
83
81
41
-241
-90
-201
-30
-61
-65
-241
-202
-212
-106
-170
-23
-8
-90
71
27
197
-115
53
-101
-30
-114
-5
251
316
272
180
183
5
92
-28
170
179
118
165
82
170
95
285
272
318
338
179
227
130
333
199
223
200
134
88
117
-5
-70
-74
-121
-151
-250
-289
-276
-296
-179
-227
-263
-206
-223
37
127
191
132
74
-148
1
-66
22
-77
-54
-51
-166
-151
-237
-213
-121
16
-121
136
-55
-8
-119
-144
-253
-200
-105
-90
5
-199
72
233
39
16
87
-63
76
-287
-174
-107
-23
-38
31
-36
51
17
-161
104
26
168
22
16
138
218
210
375
114
71
41
-5
-17
-88
-57
-42
-37
1
-155
-156
-90
-57
25
-61
-49
-120
-146
26
199
-50
53
-69
-107
-25
-48
-90
-54
10
-94
-49
-99
55
89
-24
73
147
162
179
106
99
96
101
68
50
-119
-91
95
0
40
14
-123
-51
-133
-124
49
-174
-71
-77
-161
-106
-26
42
82
-40
71
-23
-54
-5
-3
27
90
46
73
259
128
237
104
88
85
109
187
121
155
146
71
47
-143
-10
-202
-85
0
61
-72
-27
-44
-142
-123
-238
-64
-89
-34
-62
50
-10
-24
-29
31
53
109
105
97
45
-11
-69
-43
-7
-7
87
67
41
35
-150
-35
-162
-250
-267
-441
-201
-151
-202
-63
-128
-117
-11
-89
-194
-99
-152
-118
-184
-253
-118
-218
-251
-187
-127
-115
105
68
112
95
67
45
19
62
69
4
48
133
193
110
266
94
89
99
48
57
46
72
128
71
62
216
-54
67
-112
172
213
265
186
129
80
119
207
230
143
160
237
152
215
11
315
192
212
8
55
-20
111
162
97
210
2
91
-30
43
58
84
34
71
72
160
-8
-12
-86
-81
-132
-95
-106
-152
-254
-290
-300
-263
-147
-115
-47
-184
-57
-231
-6
-133
18
-20
97
62
25
47
159
175
47
43
-10
-58
-72
50
120
224
147
160
-60
20
-167
-47
-266
-158
-110
-69
-136
-62
-58
27
-71
-77
16
-103
-4
31
161
-15
-100
-215
-86
-149
-12
-258
-158
-237
18
-91
-142
-159
-170
-154
-311
-173
-110
-107
-229
-174
-204
-21
-87
-73
-143
-152
-169
-166
-130
-150
-85
107
131
255
73
192
282
254
295
300
205
-18
-31
188
241
403
262
210
230
181
289
134
238
123
229
125
239
216
160
-56
11
-25
-22
-46
-123
-97
-75
-84
-105
-86
31
239
39
133
-13
6
-123
-100
-191
19
-85
-150
38
35
161
-25
16
-98
92
-33
-19
14
-22
6
46
-87
-122
-181
-151
-53
-148
77
-77
153
49
293
219
172
234
61
30
-119
-57
-120
-21
-95
53
-26
53
13
111
121
133
100
85
168
-92
-68
-220
-175
-185
-94
-89
-131
-166
-124
-171
-146
-153
-68
-24
-150
-132
-245
-77
-87
-68
-176
-48
-165
-91
-130
-40
-3
-40
-20
-17
148
-47
76
-160
-9
-110
-7
-93
-120
-170
-84
-177
-219
-111
-164
-153
-187
81
47
77
92
238
102
91
-1
106
127
308
71
129
14
90
129
93
70
35
52
-87
102
-44
90
-160
9
-18
283
200
327
200
242
244
165
247
66
264
191
246
-59
104
58
96
19
-97
-146
-37
-52
-135
-126
-127
-164
-141
-127
-101
-223
-233
-106
9
-61
-35
16
-137
-1
-125
7
-161
45
-54
39
123
255
-16
56
43
-27
19
-56
129
14
103
8
144
-35
145
-19
-9
40
188
114
108
-26
-90
-108
-59
-130
-79
-45
-42
-47
-115
35
62
266
-11
118
-73
144
-8
56
52
51
119
81
77
-78
-111
5
43
-12
-59
-117
-124
-174
-5
71
31
-208
-191
-350
-182
-191
-111
18
3
-84
111
-98
2
-154
-51
33
-59
68
63
50
4
11
-85
49
-62
146
-37
223
92
181
109
205
190
80
-37
-102
-79
-25
-92
-56
80
-79
-5
-167
-153
-108
209
75
24
-337
-81
142
-5
-213
-294
-45
211
-328
-464
-187
173
166
-320
-137
25
315
-137
-34
26
450
207
-116
-180
245
253
-9
-128
23
904
446
-45
-379
469
786
-5
-408
-122
484
433
-280
-194
132
376
97
-156
52
113
-16
-215
-126
-128
50
-120
-36
137
-138
44
52
-23
47
-240
100
130
-108
-360
-329
106
130
-284
-444
-87
183
-20
-331
-75
279
136
-288
-342
-27
37
-62
-103
-29
93
57
-69
-65
20
33
28
118
169
36
-62
-58
108
103
101
33
128
282
146
43
61
239
216
53
-102
99
1
-87
-190
-95
-24
-111
-314
-289
-225
-169
-111
-166
36
-23
58
-123
-1
-43
111
71
47
53
240
32
156
76
-8
-22
-76
59
4
105
-83
-48
-262
-71
-229
-148
-120
-52
-147
-1
2
59
-43
-93
2
-24
-58
-167
-134
-222
-5
41
58
5
41
-132
-96
-30
164
107
-21
49
90
187
101
138
106
-9
-110
-133
-208
-79
-100
9
1
-93
-7
-184
-76
-140
-51
-151
-190
-141
-80
61
120
111
232
107
148
53
25
25
37
142
97
185
160
152
36
180
131
218
110
125
-23
53
81
95
5
-8
80
50
39
9
-104
-86
-22
-24
101
56
105
12
38
54
55
178
60
-35
85
61
20
-25
31
61
216
-39
-79
-39
110
210
117
-8
193
232
211
112
176
134
178
9
-223
-7
-153
-92
-333
-146
-220
-101
-324
-262
-175
-141
-240
-308
-179
-238
-132
-168
-257
-153
60
39
-226
-271
102
133
77
-371
-183
206
347
118
-96
59
327
153
-17
-243
-49
327
117
-60
-173
115
93
133
-158
-100
-85
206
15
-199
-44
-65
108
-142
-117
-230
-9
-279
-334
-224
8
-69
-182
-143
-196
67
-2
125
46
75
47
139
228
-67
-16
-94
108
111
60
81
197
212
102
88
-87
225
-26
-97
-301
-32
86
181
-369
-295
94
123
33
-387
-45
175
391
13
-92
-55
81
124
188
15
126
164
182
67
94
120
146
178
167
32
14
58
62
156
-111
-161
-138
44
-197
-37
-93
26
-41
-30
-131
-75
-35
-169
-97
-17
201
-70
58
-93
152
93
115
86
176
420
409
222
193
196
107
237
63
54
18
56
59
116
50
34
-67
-75
-124
24
-119
-88
-170
97
190
132
6
67
249
223
195
145
214
77
165
-16
24
-119
29
-113
-11
-139
77
29
-17
-145
-214
-80
-118
-165
-261
-230
-248
-183
-307
-185
-224
-15
-120
101
-18
-18
-49
-116
-44
-110
-50
-157
-4
-66
-101
-149
-177
-122
-241
-193
-279
-181
-194
-55
-11
-47
-11
-119
13
7
-5
-32
3
96
249
216
44
46
86
199
206
214
213
180
25
57
115
39
147
-46
158
-56
93
25
-6
65
5
7
-93
-49
42
45
29
79
-82
51
50
57
55
167
5
133
96
53
88
112
183
86
47
-79
34
103
11
21
14
108
122
131
132
6
9
87
-6
-122
47
41
-69
12
50
70
19
-77
-52
21
49
64
-42
-46
-55
-97
-158
-76
64
103
-39
-106
-85
5
48
-17
72
-60
-38
-9
43
-259
-229
-136
-94
-34
-51
-147
36
-5
13
-47
97
63
74
147
-152
76
-157
-21
-49
143
81
227
141
33
-25
-70
-162
-161
-54
-100
-96
-236
51
-112
20
-222
-203
-47
86
192
150
155
43
22
-81
-193
-169
38
-81
145
-57
-48
-214
-379
-203
-221
-30
-148
-75
-209
-94
-71
122
51
35
48
-36
232
77
155
44
115
52
117
65
65
174
107
-29
-2
-49
-142
46
-28
183
91
11
58
202
127
217
157
177
141
40
126
46
99
-53
123
67
67
-92
-48
-49
-79
74
42
13
20
68
214
219
119
155
-37
42
48
183
57
114
93
163
120
41
74
53
303
179
193
125
70
5
-48
-6
-24
92
-13
105
162
156
284
24
177
-42
85
43
9
8
19
-34
-53
-11
-61
-12
-82
12
-70
-18
-38
-60
-195
-172
-240
-180
-119
-17
-2
-115
-280
-147
-142
-34
-187
-214
-314
-338
-342
-292
-209
-135
-75
-99
-17
-110
112
-99
-149
-156
50
-74
-78
-82
-26
-20
179
129
49
127
21
63
87
79
-112
-20
-72
-186
-169
-59
221
226
158
57
-26
37
6
-79
-62
63
32
30
-64
-79
35
-28
-12
15
-57
45
67
50
34
75
97
173
-3
113
101
212
185
237
118
169
164
151
46
52
23
-112
52
64
359
43
199
111
176
-63
-53
-61
128
95
9
-14
42
116
147
-24
-144
-87
-148
-32
-377
-202
-200
-33
-191
-208
-356
-93
3
-234
-482
-226
-158
86
-195
-291
-19
-3
403
-237
56
-24
-19
-77
-159
-107
119
103
140
-13
243
462
408
361
-98
128
112
259
-44
58
96
191
50
-35
102
170
53
-56
-92
-85
-43
18
-162
-173
-37
64
161
-24
-97
-124
-13
-196
-177
-178
-158
-267
-202
-316
15
-68
33
-70
115
-15
-73
-96
-265
-144
-180
-50
-133
71
-209
-11
-87
-1
-64
11
-53
111
-3
47
-81
-239
-85
-69
-173
-321
-272
-41
58
-25
-53
-128
149
-107
-3
-224
59
37
129
50
24
92
164
202
44
58
-59
92
-70
131
-9
243
92
108
79
43
67
-29
147
144
225
153
214
108
6
-19
45
-107
31
-1
85
-80
-17
12
-117
90
-12
-59
-56
142
51
32
28
38
52
35
28
21
30
270
151
156
-23
81
101
-25
-193
-126
107
58
-72
-236
-88
-149
90
-42
138
-32
33
-87
20
64
-7
82
59
2
-8
82
20
109
170
209
77
174
35
80
79
103
37
94
-103
-38
-53
126
26
153
115
-10
-130
-108
-69
-98
55
-122
105
-135
-20
-124
115
7
-47
-29
36
82
67
42
96
-5
-51
-100
-158
-73
-129
-62
-127
-83
-115
-89
-107
-123
-137
-114
