165
433
512
359
540
225
159
276
300
245
195
429
310
343
481
394
305
75
-67
-52
-116
-218
-176
-131
-295
-181
-175
-329
-402
-406
-322
-18
-133
21
198
22
248
323
127
131
116
-23
-61
-115
117
-156
-265
180
36
55
371
4
-79
112
36
-43
-104
-89
-167
-160
19
-13
-117
65
0
-162
-120
-118
-97
-182
-195
80
-66
-137
-37
-155
89
52
208
515
235
368
550
551
596
515
539
495
425
366
368
169
65
96
-111
-104
-103
-118
-124
-175
-67
-113
-210
-86
-201
-161
-25
-282
-199
-75
-159
-71
-87
-106
223
279
336
402
346
323
33
170
303
125
249
-57
-230
121
-120
-154
6
18
14
58
-13
-62
-171
-255
-386
-386
-360
-626
-388
-350
-510
-226
-105
-215
65
-73
-361
170
348
-18
202
275
167
131
215
85
43
313
71
144
445
37
-79
141
-241
-208
-75
-170
-153
-178
-129
-136
-38
-59
-124
-102
-185
-335
-347
-235
-310
-207
-148
51
-64
-166
-104
-192
-101
-148
15
-67
-6
175
131
400
378
450
571
390
177
232
85
-77
49
-196
-332
-409
-172
-270
-247
-127
-199
-29
-75
-136
24
106
-20
-168
-185
-118
-251
-171
-153
-71
67
39
30
67
189
264
410
410
359
454
349
220
197
234
106
268
366
100
142
160
78
62
-124
-213
-179
-236
-374
-482
-506
-793
-758
-454
-332
-400
-191
83
-58
-5
161
28
273
276
326
584
103
360
445
324
485
402
310
88
136
72
-93
-4
37
-96
-7
18
-276
-283
-397
-507
-463
-547
-626
-630
-437
-453
-279
-81
-65
24
256
330
325
476
531
526
477
673
490
406
566
277
444
476
315
567
603
478
219
167
-26
-204
-399
-580
-778
-880
-619
-691
-848
-813
-404
-341
-703
-164
86
-410
342
414
71
388
306
178
113
200
-3
-109
10
0
68
410
143
56
408
134
409
472
282
335
167
87
-111
-259
-340
-310
-418
-430
-466
-661
-736
-659
-418
-531
-458
-288
-291
-24
97
147
231
253
519
544
459
534
659
849
715
629
679
608
461
383
463
291
1
149
285
-387
-416
232
-667
-656
-80
-881
-588
-459
-583
-525
-305
-21
-501
-151
-106
-283
-87
150
164
56
296
400
307
428
537
231
444
398
190
287
239
78
98
71
-17
-178
-337
-401
-480
-463
-373
-267
-526
-336
-215
-117
92
-63
-21
15
-95
45
169
278
150
201
485
186
257
395
407
213
-150
181
231
-572
37
164
-842
36
-123
-638
175
28
-204
-59
-21
-302
-364
-264
-593
-460
-191
-174
-227
-71
102
88
71
301
183
180
320
37
262
250
-30
86
26
-217
87
46
-55
-15
-2
-116
-87
-86
-289
-105
-320
-77
-90
-174
110
88
16
90
301
240
247
453
350
348
691
361
13
192
352
-114
-76
662
-183
-371
649
-185
-133
497
-225
-65
80
-69
-187
-179
-220
-331
-176
-133
-178
-124
63
76
10
149
207
-11
179
71
-179
-74
-170
-369
-289
-236
-114
-176
-196
61
-144
-25
59
-41
433
116
-68
195
-250
-102
-85
-233
-123
-257
-476
-156
40
-26
206
375
170
90
144
220
154
-436
271
450
-648
186
716
-544
433
881
-308
247
218
-365
-88
-122
-302
-157
-207
-272
-215
-111
-7
-142
-135
-100
-239
-112
-35
-59
5
-118
-173
-32
-145
-135
-153
-192
-30
-44
-254
-238
-115
-136
243
144
-80
285
224
200
267
151
210
34
27
47
-115
63
143
-150
124
150
-69
201
136
193
305
254
197
120
19
221
86
-45
254
271
230
203
188
198
274
128
75
157
170
5
-117
73
190
95
52
199
26
67
44
11
36
-7
-46
-89
-254
-489
-299
-296
-243
-445
-426
-435
-376
-358
-354
-260
-311
-134
-85
110
139
189
86
38
-34
-58
-161
-175
7
12
22
17
186
189
104
55
136
121
78
180
89
95
162
172
358
200
114
298
226
376
346
144
-2
-14
250
62
-52
-3
-158
-138
-124
-108
-40
47
134
229
81
294
431
171
73
-45
6
-131
-140
-89
-158
-189
-104
-189
-351
-186
-119
-242
-313
-211
-189
-258
-333
-289
-252
-316
-286
-298
-421
-402
-335
-316
-159
-46
-39
-83
181
237
129
194
71
184
142
-36
138
52
-53
-2
-75
-63
-88
-33
91
307
39
96
249
12
-106
152
109
-180
188
98
-19
94
113
47
277
471
478
424
461
424
334
84
52
231
-157
-190
83
-154
-262
37
-166
-155
-160
-380
-237
31
-193
-301
-43
-260
-694
-370
-186
-623
-153
-147
-596
-150
-34
-229
-255
136
262
-188
-57
183
99
-39
157
161
16
124
-67
-248
285
75
-276
493
431
-271
171
287
-285
-144
-115
-65
-181
-280
-203
-73
-216
-161
42
-83
326
557
603
628
439
476
396
0
259
262
-117
177
185
-73
292
517
245
95
277
309
-61
51
-35
-342
-203
-203
-559
-245
-249
-526
-37
-244
-731
-22
149
-992
-317
553
-646
-896
-31
-355
-373
-81
-125
-178
148
54
105
676
214
354
705
337
421
705
361
185
-173
375
455
-170
350
200
-7
26
-260
98
77
-248
396
-22
-235
301
-173
-111
252
-209
-42
236
-169
-163
159
122
17
129
111
47
73
127
57
34
103
174
222
296
-34
183
855
171
-215
446
65
-563
-425
-208
-274
-313
-411
-826
-469
-125
-898
-502
47
-1147
-214
229
-811
108
170
-213
509
-79
-281
583
-109
254
549
93
600
139
282
778
150
511
369
-9
647
122
100
648
112
-88
318
105
-115
172
-169
-359
-80
-279
-212
162
145
-35
28
7
-176
-45
-402
-93
449
-367
-240
564
72
72
642
423
617
850
143
-223
874
502
-488
737
131
-1090
248
-378
-842
635
-285
-432
263
-686
-91
67
-667
-35
-463
-875
-290
-696
-740
-66
-244
36
56
31
337
-104
12
332
-56
-185
240
-16
8
536
-63
-168
198
-85
-44
180
255
58
116
-70
-165
-78
-468
-586
-524
-887
-879
-318
-545
-552
-95
-159
22
469
447
245
161
647
357
-4
869
175
-165
829
-59
193
1014
60
743
506
-11
661
-184
-61
305
-643
-506
-443
-1197
-575
-621
-800
-253
-491
-159
0
-145
261
324
-53
240
434
110
387
498
122
448
572
219
391
670
263
103
220
-269
-281
-248
-363
-276
-304
-566
-342
-436
-643
-272
-303
-226
-51
40
82
-373
137
383
-530
469
303
-521
581
167
-297
771
341
202
652
-165
60
140
-138
378
-139
-114
455
-153
288
326
-247
319
-79
-217
272
-256
-65
-68
-559
-164
-522
-620
41
-261
-147
4
-448
-178
-205
-220
-21
-277
-49
122
4
256
268
252
463
457
696
753
512
592
184
-6
170
-23
218
318
-186
-1
136
-464
-5
-71
-521
70
-85
-388
173
-69
-328
27
-300
-263
-267
-367
-64
-60
-71
321
125
283
497
218
477
331
237
223
91
126
78
91
261
200
181
254
157
267
253
88
49
-113
-271
-352
-410
-564
-580
-535
-574
-454
-326
-262
-231
-44
163
146
184
204
153
162
199
104
202
366
81
195
304
65
177
314
-15
-17
164
-84
-117
-55
-143
84
-113
-386
-120
-322
-233
-85
-195
-165
-93
-46
52
174
181
172
201
227
-41
-4
80
-33
49
36
-32
73
149
112
86
106
98
50
52
-23
-22
71
-228
-171
-90
-328
-184
-193
-183
-61
4
-15
97
157
257
130
-60
51
-32
-78
-140
-57
39
-109
-146
-112
-171
-126
1
70
-108
-49
-315
-406
-122
-155
-192
-160
-154
-234
-142
-353
-288
-95
-138
-239
-11
-84
-188
-99
-231
-216
-122
-153
-190
-77
-153
-24
-11
321
283
132
356
129
185
175
-77
403
269
-95
278
-261
-76
255
-428
200
88
-418
193
-150
-77
336
85
52
180
-5
68
90
45
22
-8
258
-133
2
135
-328
-45
328
-35
-161
274
20
76
388
-6
-134
191
-104
-218
146
-308
-303
55
-150
-427
83
-20
-588
81
57
-368
-15
83
-269
46
37
-374
-52
35
-228
94
604
-2
-28
518
90
121
455
61
150
360
-89
41
184
-129
-15
-69
-175
104
-68
-254
-79
8
-315
-77
68
-300
-185
78
15
-88
279
-111
-26
490
110
229
330
44
12
68
-59
-98
42
-162
-297
-182
-362
-369
-14
-181
-344
88
-241
-458
155
-41
-40
198
290
582
63
350
829
-177
196
399
-338
120
14
36
-7
-96
199
-110
-207
-40
129
-202
53
173
-329
-18
-90
-99
21
-6
-18
-21
261
194
9
513
512
-48
319
41
-47
12
-348
-222
-325
-216
-248
55
195
-525
245
603
-578
19
541
-532
-238
751
-599
-154
450
-605
-51
-76
-286
-386
-51
-662
-247
456
-592
271
363
-505
278
265
-609
194
282
-451
270
-42
-69
542
-442
289
665
-193
229
246
209
-180
333
193
-382
292
-264
-143
-126
-454
-254
-351
-102
-42
182
-4
353
319
-312
754
252
-86
465
-143
336
-241
34
574
-507
295
68
157
179
-123
134
-196
165
-443
-301
-42
-427
-314
-49
173
-131
69
43
-55
84
-207
205
141
-60
197
-166
-554
-136
-151
-157
-118
-130
311
-226
12
-145
309
514
-50
430
298
480
-1
37
235
16
22
-444
170
-205
-442
310
-77
159
30
27
-20
7
235
-104
-102
108
-342
-474
220
-857
-173
160
-748
263
72
-513
-39
174
-239
130
193
-456
267
-242
-629
449
-237
-557
86
-63
-177
155
-171
195
405
-432
287
863
-183
17
394
-246
-93
-96
-400
62
-78
-775
-10
-8
-833
191
-11
-284
406
-326
-41
472
5
-122
507
408
-56
435
359
764
440
288
1194
270
438
537
369
254
-70
258
-299
-109
-46
-448
-154
-37
-220
147
24
-131
41
-596
-407
-57
-571
-610
-188
-214
-175
20
-402
321
468
46
524
315
309
669
275
-181
701
168
-97
446
-587
-22
309
-414
13
297
-217
-28
220
-479
116
-33
-671
26
-305
-109
-439
-650
524
-410
-652
466
-117
-131
467
-305
852
769
-839
1119
970
-483
922
611
87
927
-33
15
1007
-290
-457
863
-95
-453
345
-3
-445
-167
-518
-726
-599
-912
-606
-576
-985
-651
-54
-587
-242
425
-144
-134
724
223
-164
708
-47
249
375
-516
526
210
-396
135
124
-332
405
196
-218
602
-15
224
-113
-837
114
-155
-735
-137
-46
-256
107
250
-123
380
70
282
211
-11
264
-321
136
-54
20
8
9
-146
339
269
-122
881
99
126
648
310
408
157
-107
-148
51
-654
-522
235
-800
-737
125
220
-388
-6
138
-153
99
-487
-148
68
-476
-395
-1
-11
-229
-258
229
189
258
350
1
355
152
86
316
231
184
-220
-212
-22
-283
-501
-262
-135
-339
-6
49
294
124
-246
360
431
43
-201
159
313
-307
428
375
211
800
162
1009
528
-62
200
12
82
-330
6
-147
-248
-351
-364
-343
-534
-336
-131
151
-163
223
458
130
471
254
-1
331
255
-286
96
55
-286
-24
-135
-47
57
51
39
-120
-30
110
-220
-140
121
3
-251
-268
60
-38
-303
22
108
49
219
257
455
156
175
493
120
-110
1
-142
-208
-116
-155
-117
-76
-211
9
32
-129
286
-8
-44
144
-27
46
22
202
317
127
79
372
-15
134
323
153
524
200
400
337
-53
-22
72
-95
-130
-39
-324
-207
-217
-146
90
-198
-434
-66
-296
-302
-170
-358
-99
-244
-200
-112
-209
-192
-286
-16
-140
17
193
342
358
-11
430
256
185
214
28
82
-66
0
-151
-3
119
-279
-15
12
-291
-87
1
-191
96
-71
-380
-143
-251
-488
-217
-68
-463
-21
16
-131
289
194
187
562
208
87
500
171
236
553
43
176
456
-20
371
439
152
266
-3
-65
32
-185
-392
-173
-395
-506
-101
-372
-264
100
-98
-34
65
-79
-13
-15
-30
-68
-26
-255
-209
-69
-178
60
-160
-238
-135
-177
-71
5
28
32
197
156
-28
164
-33
-100
0
-236
-226
-91
-261
-158
-94
-322
-38
-33
-129
62
136
3
188
223
19
198
66
-79
170
106
96
355
214
19
176
139
159
275
-81
-100
-117
-214
-327
-395
-323
-452
-276
-228
-381
-80
-223
-229
101
-176
-54
104
-26
-42
101
6
340
456
-89
124
96
23
451
185
169
279
105
328
174
70
-7
94
-24
-386
-701
-521
-177
-1104
-326
-4
-1061
4
-433
-1021
296
64
-445
221
-88
-288
468
51
263
343
-67
411
170
334
883
791
521
643
492
327
377
-7
-138
-106
-112
-239
-280
-337
-474
-485
-346
-238
-370
-195
-47
18
-7
-190
-1
29
-21
297
187
61
352
126
297
535
284
225
472
634
539
141
8
794
192
-54
855
-394
-374
270
-975
-352
200
-667
-279
-37
-728
-119
-381
-938
-173
-763
-591
178
-335
-97
423
-103
76
348
7
388
225
-187
199
291
191
