-428
-484
-211
-343
-157
-162
-65
-6
-38
-193
-136
-5
-114
121
147
0
-160
-28
56
7
75
133
41
-161
-89
-75
-293
-265
-169
-236
-145
-79
-334
-65
44
-65
-55
59
49
7
185
195
76
230
205
-8
-30
268
444
-14
-335
260
365
-242
-270
303
165
-490
86
379
139
-59
390
3
-337
290
403
-303
-233
360
115
-80
2
123
75
105
57
-125
125
214
-245
-106
153
164
-162
171
153
-66
56
248
308
137
149
84
102
140
296
251
106
297
371
197
210
416
296
-37
159
32
-176
-91
141
70
36
178
130
-24
100
59
172
114
40
211
29
-204
-89
137
119
105
-25
249
78
142
183
376
181
91
129
61
-74
-124
233
-44
-166
23
84
-133
-73
38
88
-9
102
108
23
56
-62
-162
9
-54
-12
-67
-96
-77
-4
12
-60
31
12
-6
33
-59
-249
-357
-357
-174
-370
-245
-223
-220
-200
-285
-347
-264
-78
-349
-243
-206
-360
-393
-280
-203
-254
-102
-190
-188
-220
-276
-433
-332
-277
-237
-230
-135
-157
-159
-19
-13
50
42
-21
-61
12
-63
-43
-75
11
-31
156
209
266
85
130
232
83
-9
-52
28
-51
-90
-89
-123
-216
-241
-300
-169
-119
-26
-65
-13
2
135
183
149
119
-28
38
-63
54
64
39
30
130
151
73
112
155
123
8
40
53
-79
-78
65
-34
-93
78
118
181
228
175
269
275
272
73
184
252
219
203
192
265
354
238
147
81
67
162
183
229
213
106
-1
-2
-56
73
171
225
89
153
4
29
85
104
68
72
189
129
93
168
21
24
137
54
64
-3
-74
-155
-179
-285
-253
-358
-222
-277
-63
-54
-109
-228
-257
-233
-99
-61
-144
32
-157
-105
-158
-155
-89
98
74
68
93
150
10
43
-29
-135
-175
-75
-99
-137
-157
-213
-190
-309
-43
-28
-36
-99
-29
-118
0
54
-23
2
-5
-57
-107
-67
11
22
133
102
169
230
116
-44
8
79
-143
-60
-86
194
193
132
-66
-23
90
120
30
-3
51
-94
29
48
95
101
-15
55
62
29
-18
-41
38
-77
-72
-76
87
-5
-33
36
56
-47
-40
-11
-45
-24
-113
5
15
48
-22
-4
57
-34
-56
56
131
241
32
56
120
115
89
-14
-43
-230
1
57
-31
-133
-36
6
-53
-91
-118
-37
-25
-49
116
44
64
-73
83
226
153
185
138
383
94
112
184
172
267
131
98
120
-47
-66
-42
-50
-113
-50
-58
58
-51
-89
-121
-137
-146
-189
-88
-176
-124
-309
-232
-84
37
-19
31
36
6
36
-49
-78
-108
-297
-211
-253
-140
-92
-134
5
-112
15
0
102
4
-10
-155
-257
-92
-47
-134
-93
8
-39
77
189
109
143
229
62
-52
-51
93
19
47
119
10
103
33
128
73
-19
30
-44
-2
-153
-123
-96
177
143
147
162
78
130
-57
18
12
8
71
16
145
153
-91
-35
179
118
42
-36
93
100
-224
91
2
-47
-93
57
195
-52
-217
28
69
-138
118
176
178
-6
165
107
96
-13
-33
36
75
82
142
163
88
-12
-7
135
-40
-107
-168
17
-147
-170
-45
35
-25
-11
-96
-82
-30
-111
6
89
101
59
140
98
176
75
105
60
-43
24
-32
-100
12
-99
-59
-26
70
36
-78
3
-97
-122
-196
-179
-206
121
-105
3
16
-44
-69
-198
-110
-135
-134
-146
-184
-339
-87
-185
-251
-424
-71
-46
-311
-244
-98
15
-302
-312
119
207
-200
-156
155
-134
-310
128
-18
-39
85
52
-6
-7
129
-5
-285
-95
71
-62
-93
-1
35
-117
8
11
86
107
47
-79
120
252
-11
-18
254
262
180
38
36
270
-29
-136
-115
95
117
4
-172
-70
-22
-311
-207
-100
-88
-234
-141
-204
-45
5
-285
-9
48
0
37
42
221
-94
-272
46
244
105
-101
114
379
112
-139
14
344
107
-146
220
372
288
30
279
257
172
68
292
57
18
160
202
111
-151
254
-32
-80
-4
12
-204
-221
-214
-89
-160
-23
5
-89
-48
-134
-281
-153
71
-98
-37
99
467
220
-140
168
611
433
-14
205
524
266
-201
-157
370
0
-428
-93
347
4
-312
-190
130
84
-122
35
141
164
-132
-86
44
102
-109
-159
139
114
97
-9
144
253
-130
-28
109
101
-164
-97
90
29
-232
-224
-121
29
51
-80
82
46
-42
-117
-177
21
-30
17
-30
-176
-17
-161
-68
-77
81
27
7
-51
95
8
-60
38
215
156
-137
114
459
217
-82
104
402
214
-152
52
345
14
-268
291
309
83
100
442
136
13
-108
91
19
-203
72
-12
46
4
-51
118
223
-89
-237
-5
181
-175
-121
157
69
-210
-208
232
100
-287
-171
173
13
-384
-220
132
16
-261
38
29
-110
-187
-234
-176
-206
-163
-95
-17
69
-59
8
-102
-75
-12
-243
-329
-115
32
-221
-65
107
69
-120
77
152
-138
-142
-5
-34
88
75
47
117
4
28
95
63
17
-19
145
102
-175
-53
314
161
-178
105
-10
-223
-22
85
118
-114
10
55
-63
-98
-12
-10
-2
-187
-135
-58
-87
-34
-185
-101
-194
-127
-270
-112
-184
-146
35
67
55
-66
-27
276
56
-178
155
174
-220
-164
219
-38
-188
-7
72
12
165
179
170
-28
-149
72
20
-86
-137
218
269
-200
200
180
146
-92
246
246
-170
16
-139
210
-90
156
225
202
44
-25
294
-103
-63
9
107
-89
-56
136
-78
-81
-191
-43
43
-246
-79
119
-278
-277
258
-12
-331
25
78
-171
-245
-113
-129
90
-307
-44
542
94
184
230
497
11
136
102
88
-24
-88
359
-147
-104
-21
207
-179
69
197
-27
132
41
172
347
171
1
653
437
-59
323
203
365
148
223
406
335
111
31
357
92
-25
-129
287
-61
-26
79
29
-69
-67
80
-237
147
-71
-107
18
-41
137
-196
-116
29
165
-610
-222
375
-256
-429
-117
351
-680
-425
-111
5
-242
-240
136
-334
-300
-463
-217
65
-341
-242
51
-159
-315
96
112
-222
-158
49
-18
-306
-150
-238
-153
-250
-114
-94
-209
-131
-37
-28
-144
15
-32
-208
-91
99
37
72
158
120
107
250
182
174
288
213
94
-7
-19
74
-6
-31
99
208
29
142
222
99
127
-5
-96
-221
-3
128
36
-40
-42
143
-14
-44
78
43
7
-21
91
-152
-159
-91
-79
-61
61
-42
-13
0
58
69
-100
201
110
169
70
130
148
67
65
191
64
131
237
119
5
7
115
131
-59
-57
62
-132
-102
-33
80
-160
24
118
80
-117
-18
79
124
133
18
35
61
85
68
154
164
201
79
153
134
27
-66
30
59
22
-108
-5
83
12
-113
-18
137
23
-165
-158
-43
-210
-150
-187
-203
-85
-183
-143
-189
-55
-276
-691
-50
162
-601
-450
282
60
-619
-244
295
-470
-584
-119
122
-143
-196
125
82
121
-13
-148
84
123
-123
-183
283
260
-125
-39
212
144
-111
-104
-77
-129
-200
-158
-132
51
-143
-234
74
-16
-848
329
743
-973
-422
1319
636
-1442
65
1826
-422
-1396
1083
1241
-1030
-784
1032
140
-971
22
332
-368
-153
161
-366
-41
467
-41
-549
408
533
-541
-398
527
231
-489
152
428
-99
-245
131
333
350
268
-24
653
722
-587
-2
1560
91
-1258
889
1924
-917
-1366
1784
1200
-1435
-561
1962
505
-1421
4
1046
-225
-800
-161
132
-34
-140
-267
-26
625
53
-583
37
803
-369
-938
49
555
-572
-755
297
373
-424
-357
451
321
-159
-11
151
-9
45
56
-76
75
-60
-208
260
-186
-412
211
387
-811
-634
854
500
-768
-440
722
142
-947
-257
469
-158
-613
-232
83
-63
-133
-115
86
218
42
-214
-88
236
39
-261
-1
272
80
-7
286
240
-12
-52
-47
-203
-149
-132
-307
-280
-4
70
-189
-646
103
815
-506
-1030
563
1140
-992
-1049
1253
1185
-860
-607
1039
439
-852
-382
457
57
-187
-63
-17
136
433
-5
-272
431
493
-31
-145
499
319
-338
-215
38
69
-53
22
61
135
59
41
114
84
84
102
2
-199
-138
86
97
-498
-415
781
358
-1081
-320
1253
253
-1025
379
1415
0
-919
205
588
-489
-760
38
129
-68
-139
-244
-209
145
60
-332
12
358
203
-228
-31
211
48
-113
0
-17
0
189
191
176
253
277
175
217
127
70
182
169
-96
-219
302
338
-121
-237
970
728
-936
-207
1305
540
-1050
32
1057
-35
-1001
-131
427
-397
-536
-355
-271
-91
-53
-192
-382
-62
-51
-268
-261
-65
-91
-166
-366
-442
-410
-300
-227
-363
-137
-101
-108
-254
-56
-35
-172
-66
-71
-114
-41
-36
-305
-477
39
304
-366
-673
676
713
-1111
-652
1353
505
-1208
49
1256
11
-778
344
538
-207
-124
327
-216
-123
575
108
-270
467
775
41
-19
500
403
99
200
87
-94
100
189
-113
-63
286
112
-160
79
50
-174
-95
-62
-256
-220
15
-106
-138
-58
-40
-35
-352
-565
442
602
-775
-555
987
404
-1003
-47
986
-11
-693
221
148
-276
43
326
-47
-19
599
98
-230
309
445
-168
68
439
46
-20
336
382
-48
349
565
235
255
207
223
91
331
169
-11
192
319
-4
-65
59
41
28
96
366
279
-155
-325
387
543
-515
-599
975
448
-901
-186
943
-239
-924
246
219
-730
-356
338
-478
-486
322
80
-552
29
351
-378
-323
271
-129
-533
161
194
-266
-193
287
-66
-121
379
70
-295
74
305
-316
-110
279
124
-343
-74
148
-69
-41
181
59
54
-95
-350
172
260
-1141
-831
892
216
-1220
-332
869
-543
-881
321
-73
-874
-78
309
-695
-719
402
-110
-786
84
358
-577
-166
458
-202
-634
115
259
-546
-374
121
-238
-433
211
101
-156
100
444
-105
-204
333
190
38
198
252
46
133
229
116
-10
-124
-549
-85
693
-353
-925
781
1229
-648
-206
1286
433
-480
675
787
-446
164
1117
-80
-435
798
667
-288
287
787
-139
-204
701
323
-404
91
141
-231
-419
126
95
-110
112
320
-56
6
135
106
-35
-7
52
27
159
-48
71
61
226
203
504
592
228
-425
334
1144
-357
-923
747
963
-625
-373
902
51
-613
429
415
-730
-166
602
-285
-589
193
198
-509
187
334
-361
-315
284
-110
-663
-190
22
-309
-248
-38
-215
-221
-39
-99
-318
29
-111
-249
38
117
-280
-367
171
-202
-281
44
26
-162
-90
369
100
-410
-526
466
606
-1132
-906
673
176
-957
184
903
-397
-388
643
-37
-790
63
232
-651
-205
502
-340
-298
545
308
-369
206
613
-74
-75
346
-16
-366
73
-56
-342
-47
139
-336
-123
555
-102
-508
168
328
-455
-254
324
-132
-217
184
299
-115
108
377
229
84
-567
-61
978
-275
-1200
416
1100
-612
-545
1210
230
-801
294
630
-708
-695
283
-342
-651
109
36
-395
209
463
-341
-192
521
-7
-513
56
146
-264
-89
98
-179
-75
245
-28
-82
423
112
-43
422
319
-169
24
526
134
-31
412
350
-196
20
174
99
-6
405
507
-123
-353
330
427
-859
-512
818
340
-712
157
604
-496
-474
436
76
-541
157
82
-414
-65
-84
-387
-20
426
-26
-237
342
116
-346
178
162
-232
-71
322
-11
-241
275
160
-72
121
224
-310
-189
224
-299
-378
86
135
-260
-6
197
29
52
197
80
-108
43
-15
51
127
-538
-286
773
-184
-1208
431
1063
-677
-216
1273
44
-917
376
288
-817
-246
130
-651
-343
-80
-436
-250
287
-88
-540
330
94
-509
-124
-1
-349
-38
206
-136
-120
283
-102
-325
353
76
-403
58
263
-448
-322
242
-155
-112
247
386
5
376
454
23
118
277
73
-232
406
-447
-952
700
1030
-1471
-823
1500
152
-1348
521
933
-769
-114
415
-327
-111
678
-262
-237
726
255
-185
801
732
-212
432
801
116
131
605
11
-296
500
285
-310
249
561
-283
-191
529
-6
-465
119
231
-390
-107
254
-193
-12
199
-47
58
274
126
-172
-189
-93
-131
-54
274
-111
-790
-126
1314
-478
-1524
892
1112
-1152
-549
844
-472
-534
305
-300
-671
151
-130
-754
-36
-135
-526
-122
-69
-507
-291
264
-346
-422
10
-291
-358
37
-160
-380
164
289
-280
-189
228
-71
-369
71
-71
-304
112
-96
-216
338
276
-146
-87
298
-49
-230
-28
-310
-279
-108
-159
-141
-356
-913
252
1054
-1296
-1464
1368
346
-1643
-321
667
-483
-226
68
-755
-37
219
-632
-311
287
-111
-5
396
225
302
749
395
-71
371
459
-87
209
504
1
88
455
359
135
231
369
146
-122
-38
65
74
286
142
-128
397
546
22
18
539
472
144
365
178
222
312
229
313
405
-398
-72
1595
-294
-1857
1487
1432
-1322
-315
1443
249
-200
308
-211
475
498
-390
-323
542
17
-107
-40
-3
514
379
-379
-196
426
-88
-325
155
26
