112
256
72
-37
-255
-467
-471
-521
-536
-513
-353
-198
-151
-126
-179
-62
26
-152
83
272
84
283
241
116
-32
-50
-290
-113
25
-23
207
215
227
368
410
134
170
-51
-18
-321
-317
-475
-85
-157
-117
-272
-136
-173
-417
601
-248
31
44
-8
34
-102
-105
-331
-219
-205
-240
-184
135
15
120
271
242
285
290
350
278
46
-26
-292
-352
-521
-562
-432
-354
-189
-101
-107
-14
137
52
36
-25
-134
-132
-92
-198
-27
38
-14
-15
-49
-19
-20
34
70
257
414
432
269
251
317
267
-43
-157
-81
-142
9
90
194
113
-71
143
225
-22
54
197
142
-2
-222
-426
-276
-234
-295
-252
-254
-186
-118
-71
-29
250
198
163
266
336
126
-75
-135
-249
-197
-323
-352
-354
-272
-17
186
228
395
501
315
314
309
134
77
18
68
45
174
180
-11
87
40
13
-56
24
171
143
151
120
91
169
19
-166
-102
-140
-343
-349
-221
-133
-54
-58
-4
144
211
130
169
23
-93
56
-80
-303
-344
-293
-409
-222
-232
-306
-154
-117
6
25
223
213
231
166
19
-165
-244
-339
-536
-493
-189
-69
-81
221
301
311
366
507
417
339
210
32
-3
-125
-232
-266
-172
-111
-170
-141
72
282
290
386
431
474
768
797
297
-82
93
-119
-406
-465
-517
-209
159
190
71
-4
79
13
-80
-148
-224
-245
-434
-437
-732
-749
-564
-526
-288
-139
-32
25
264
306
379
469
429
307
264
136
-157
-192
-138
-96
-47
100
37
155
323
430
538
567
535
432
139
25
-51
-251
-297
-282
-227
-515
-340
-226
-266
-206
49
101
151
184
281
544
264
263
97
-21
-197
-377
-187
-24
-34
-5
107
305
95
128
370
146
207
154
15
-28
-75
-324
-313
-201
-261
-158
-120
38
237
214
262
346
107
-41
8
110
-13
-251
-238
-291
-439
-411
-172
-30
84
130
209
207
259
243
338
354
235
76
-180
-92
-277
-286
-173
-75
-23
96
196
207
122
82
182
261
255
188
253
153
-21
-264
-279
-400
-207
-241
-174
-46
-57
209
49
90
106
269
175
54
-84
-286
-359
-179
-48
-55
108
130
222
246
262
360
315
175
183
33
77
-52
-110
-341
-232
-284
-470
-295
-256
-203
-224
-131
-136
12
-151
67
-15
-130
-157
-168
-147
-222
-104
-60
37
149
143
129
210
133
122
42
76
89
113
-85
-115
-246
-310
-231
-311
-234
-339
-268
-136
34
39
-73
84
110
247
267
62
-29
-112
-251
-221
-99
-91
-169
-61
-18
-40
26
96
-4
73
121
-6
-24
-67
-23
-59
104
79
264
85
337
221
337
179
345
245
202
53
-27
-67
-12
-120
-323
-402
-360
-253
-326
-156
-371
102
-298
209
-420
139
-726
418
-512
683
-739
1307
-1413
5540
-2190
-14220
18364
136
-16369
10325
8001
-12050
225
11058
-6824
-3481
6888
-1585
-5197
3865
1112
-3544
294
2626
-1844
-2028
2540
9
-2392
1417
1319
-1953
-115
1646
-1091
-530
1140
66
-576
371
659
-240
630
114
-766
1062
127
-2196
839
1570
-1999
-715
1682
-944
-1244
279
91
-727
-450
13
72
-619
-237
484
-519
-222
280
163
-421
-222
-2
-367
-173
91
-238
-55
119
-254
-123
46
-181
183
127
-102
-164
-128
-165
-112
84
-2
256
-42
76
146
-31
134
347
-158
73
524
45
1
40
109
-146
-324
-339
-89
-334
-309
117
-9
-89
127
292
-60
208
536
137
86
379
107
-15
209
119
-171
76
286
10
133
341
136
178
341
-30
-46
71
-177
-413
-29
-171
-473
-168
70
-146
-188
64
-84
-9
6
223
237
66
-79
45
31
-75
37
-53
-351
469
879
181
96
15
117
-102
71
241
99
-45
-64
-161
-118
-11
-111
-486
-651
-268
-155
52
176
210
92
8
312
199
-96
257
82
-67
-75
-22
-203
-59
280
-39
-41
153
41
-131
128
-90
9
111
7
-4
-10
-113
-6
124
-67
231
218
153
186
259
334
355
78
165
166
-11
317
-228
-290
106
82
176
167
174
151
199
112
-43
-234
-68
-28
-428
-90
-52
-409
-148
35
-175
-70
120
-81
-165
139
-8
-151
154
156
-173
-146
13
-72
64
-69
51
252
-268
84
143
-65
344
180
107
18
68
-83
-3
98
-132
-150
132
7
32
251
302
421
218
43
131
385
250
16
273
407
148
-127
10
-163
-902
-25
-163
-986
-104
-32
-289
149
-212
9
185
-158
12
-6
-453
-238
-194
-412
-211
-495
-51
-153
-279
26
173
-85
62
-183
-558
191
-166
-423
192
4
-373
63
-69
-120
369
97
499
555
-68
116
191
339
8
93
11
-116
-91
-532
-476
-337
-53
-152
-82
-251
67
11
-283
-66
-270
-433
-159
-244
-589
-320
-396
-41
-122
-488
-23
259
-84
256
380
18
624
419
166
388
25
182
-11
-522
-318
-188
-641
-496
-200
-458
-99
253
-57
-145
-42
-57
25
256
350
248
364
147
92
454
212
-117
427
507
-153
258
542
-287
148
667
-153
-301
174
-274
-297
198
-50
-18
253
530
331
-7
389
566
-165
-248
133
-28
-39
7
159
211
147
-21
-102
320
229
-55
94
17
134
317
123
85
390
459
113
222
298
85
-13
-114
71
189
215
55
-9
205
25
-79
253
306
153
366
354
-25
-293
7
1
-153
-26
-162
-164
-296
-75
-24
-229
-8
153
-86
5
59
267
85
-43
189
-140
170
318
399
516
658
601
573
528
251
245
474
323
-117
278
-89
-66
-103
-358
-477
-464
-179
-446
-141
-162
-108
-198
-73
-313
-90
-411
-135
-357
-95
-219
-222
-236
230
-20
-132
663
143
538
-696
1399
-590
295
227
-611
385
-365
80
-606
128
-330
-157
-194
18
-199
-115
-190
-142
-193
47
-102
-59
-143
-285
-186
-77
-59
-186
-100
-176
96
20
57
116
152
17
18
-80
196
-40
-30
200
32
-270
-161
-68
-426
-300
-11
-123
-345
-9
7
-75
-62
146
194
-201
-19
127
-334
-289
-56
-25
-26
-96
-110
39
310
190
406
457
52
14
189
41
11
243
119
46
38
39
-172
-46
101
-8
175
-2
142
211
-105
24
149
-69
-178
-123
-254
-220
1
-80
-37
-32
-8
75
-246
-468
-324
-244
-444
-353
-111
-27
-166
-87
202
138
-145
54
-13
-213
-91
2
-109
-142
-19
-102
-45
-72
-29
-167
-92
59
45
-9
-25
131
-9
188
183
132
384
116
-9
80
-111
-65
328
-82
1
287
66
280
280
51
86
259
-87
-112
-39
-51
-319
-197
167
-189
-237
-91
-19
-165
-68
-144
-305
-235
-102
-194
-244
-3
49
-80
-78
129
69
200
107
415
744
484
404
235
15
214
157
36
36
83
17
-210
81
81
288
161
80
322
91
27
332
342
149
111
120
82
-43
-30
250
246
176
593
417
133
15
189
74
-42
279
208
-173
-109
52
-135
32
-59
-66
-110
-57
131
-79
-142
0
36
-152
-129
-20
-74
138
273
180
246
380
378
291
199
217
298
319
293
102
-3
209
158
194
79
-158
17
73
19
-83
-51
-270
-326
-389
-368
-422
-222
53
-53
24
-101
-149
-100
-85
-365
-302
-124
-182
-422
-313
-101
-230
-166
-309
104
262
44
249
401
90
37
154
-95
6
92
59
-204
-200
-240
-148
-73
-69
-48
-97
20
24
-155
-83
99
6
24
-77
55
99
-8
188
240
73
241
207
163
154
208
202
11
59
-85
-325
-258
-214
-506
-568
-239
-200
-364
-222
-57
-113
-148
-155
-175
-203
-398
-235
-129
-42
68
361
196
29
-71
-213
-264
49
164
-40
117
104
303
174
163
53
400
177
362
122
78
103
41
110
-144
252
-48
-21
-53
-124
60
108
-131
160
-94
-89
-91
-102
-50
-138
33
66
147
209
181
167
40
34
257
112
28
24
77
-172
-410
-272
-135
-180
-55
69
173
130
103
-281
-49
211
-152
-195
-40
28
-49
-3
-219
-143
-59
55
329
143
76
242
286
282
311
81
148
275
-44
-204
-120
-197
-290
-147
-85
-75
-54
-1
-52
-158
-85
35
-300
-140
-166
-263
-231
-246
-52
-12
-36
41
169
-17
169
340
211
42
346
70
210
235
56
229
-65
35
-19
13
63
99
-109
83
92
-5
-223
-300
-326
-487
-422
-437
-158
-291
-340
-337
-191
-187
-205
23
256
114
141
325
160
16
69
57
-55
98
-15
148
204
37
85
32
63
21
45
228
100
-23
33
-155
-180
-51
-1
-179
-136
30
-16
14
-18
-52
-104
-51
-152
-135
-73
10
252
36
-89
209
69
84
259
30
-34
176
97
-58
79
15
-41
-1
-213
-288
-142
-180
-142
46
-15
33
179
21
-132
-98
7
-233
-133
65
-168
-143
238
163
-90
91
90
-82
93
264
-76
90
292
78
186
200
64
429
374
111
227
-20
-42
-88
-492
-696
-276
-405
-427
-153
-203
-62
-115
65
168
81
-65
47
90
45
32
73
20
-199
20
156
20
247
551
55
209
397
-176
-232
51
-215
-151
-28
-554
-309
-125
-275
-142
196
78
308
314
91
24
-102
119
53
-78
99
255
93
128
69
217
177
187
218
95
82
-4
-246
-170
49
-520
-84
180
-343
-122
24
-90
35
-23
-79
106
-96
-86
-112
-39
-79
-70
-147
-196
7
-106
-25
-195
-64
-13
22
315
84
-13
266
412
208
47
20
291
126
-162
133
-232
-389
-124
-261
-189
190
67
384
617
176
209
243
158
-2
86
259
260
109
-2
46
-13
96
34
-214
31
220
72
-81
-48
-260
-227
-143
-390
-246
-237
-371
-344
-122
-341
-262
55
-134
61
280
209
156
95
-43
-52
117
64
-102
-138
-116
-93
-143
-110
135
98
110
363
206
77
126
237
-3
-79
-52
-291
-258
-120
-356
-221
-25
-286
46
-113
-246
-133
-157
-24
-69
-38
96
160
21
-30
77
86
90
15
21
204
89
144
130
25
5
-87
-97
22
98
16
81
-110
-80
-28
-54
-156
-184
-194
-248
16
103
-63
-69
-1
-248
-183
-209
-317
-178
-154
-146
-162
-350
-171
-190
-96
69
105
148
72
37
34
135
160
131
-107
-56
-21
-58
-99
125
253
310
193
94
-5
-372
-167
-188
-62
-77
-51
-74
-240
-180
-230
-96
-34
150
-68
92
122
245
285
248
367
98
93
75
13
-112
120
135
139
65
295
317
250
346
169
294
106
35
42
6
125
51
73
0
-133
-95
-55
-40
66
214
181
155
26
-21
-108
29
106
-71
-138
-111
-61
-7
48
80
296
407
208
88
101
9
86
24
308
197
42
57
-18
94
263
157
122
349
93
139
99
42
-116
-142
-54
-124
-338
-305
-255
-266
-143
-220
-302
-189
-134
-235
-126
122
36
13
48
27
43
-168
-45
27
11
-20
-3
3
47
199
354
379
487
299
316
174
-29
0
-96
-211
-251
-343
-348
-21
-93
113
27
-24
120
163
18
-62
-22
-168
-236
-223
-298
-141
-32
-60
48
-26
-133
-230
38
267
277
216
180
32
-211
-171
6
-132
-46
107
-10
-64
-330
-329
-56
-133
-78
120
85
105
109
-30
-42
51
-2
26
-256
-319
-79
-167
-92
143
298
344
523
570
530
409
259
218
160
3
-6
-98
-361
-165
-326
-458
-294
-148
-98
-92
-13
-20
-47
-160
-130
-217
-183
-96
-350
-414
-271
-186
-151
-87
50
-32
8
108
-30
-52
42
126
212
43
-47
-52
-284
-273
-188
-129
-45
44
-36
7
-25
-142
-17
27
-20
-109
69
-41
-179
-231
-113
5
-68
-126
-131
21
78
254
176
334
374
341
245
135
31
5
98
-74
-116
-70
31
-39
40
12
20
47
-104
-84
158
177
71
-105
-107
26
-21
-83
-22
57
230
358
205
270
129
285
370
182
191
31
-20
-102
-29
0
-15
-50
-225
-127
-241
-40
232
242
187
86
-32
-192
-241
-236
-105
-100
-69
-141
-298
-292
-134
-84
100
159
190
265
310
333
391
389
219
109
14
-95
-71
-200
-214
101
-32
71
-103
16
-58
-85
100
109
269
87
195
-44
-23
-36
41
4
-72
283
340
423
271
335
419
257
46
170
195
72
44
-156
-21
-203
-228
-303
-128
110
89
128
31
46
-205
-252
-137
67
22
-7
19
-170
-455
-432
-296
-45
69
129
131
-45
52
-99
-67
48
221
-29
-111
-51
-133
-253
-129
-125
43
245
206
131
222
33
8
91
73
-7
-160
-130
-295
-243
-416
-134
-285
-49
-296
0
-159
180
-51
210
-94
315
-122
109
-133
172
-36
-885
2426
-3025
-93
1764
-1064
167
52
466
-20
154
-162
-84
-305
-161
-510
-295
-471
-299
-168
-11
-75
2
73
140
249
148
289
201
337
236
24
-234
-352
-173
-92
43
16
-71
137
103
-50
-162
-29
-171
-244
-7
-182
-223
-5
80
-39
43
84
98
85
55
251
180
11
-130
151
200
79
106
80
15
-81
-31
-69
