602
271
58
1034
179
57
431
-181
177
794
-497
616
601
-473
749
859
-425
165
476
-498
427
494
116
627
117
84
460
245
167
573
-234
-305
1298
-422
-1104
2408
-629
-1390
2193
-1039
-441
834
-740
476
-30
-478
805
-299
-716
393
-289
-428
415
231
11
370
250
196
534
-316
-216
0
-599
167
153
-378
98
104
152
215
-303
-268
-167
-190
-140
18
141
59
-552
561
-421
-838
237
-642
-219
12
-200
59
228
-405
335
52
-619
155
285
-616
91
401
-857
407
273
-1087
-169
-15
-738
21
-355
-687
-72
-22
-593
-141
135
-1265
980
-566
-1903
1958
-1000
-1333
2136
-896
-751
1086
-1089
385
176
-1018
730
-172
-308
513
-398
-234
50
-280
-47
198
240
433
205
102
359
115
56
10
30
-43
351
113
-68
104
102
152
-56
354
169
-155
74
-117
-190
-142
122
128
-128
177
-31
36
-35
-72
121
145
-161
-273
1141
-1109
-715
2206
-1843
-387
1987
-1279
75
882
-847
363
-4
-985
777
101
-349
561
1
-38
243
-244
-164
382
-67
106
754
193
103
-45
-268
171
-560
-395
744
-333
79
769
3
142
222
-208
-234
341
-239
99
388
-141
491
744
0
467
491
-341
282
-130
-276
259
178
-129
654
840
-791
899
986
-1577
1245
662
-1697
1414
190
-1027
954
-174
-835
860
-380
-509
957
-483
-242
546
-386
-115
571
-406
-25
661
-69
-8
286
-447
-361
116
-347
-175
-185
92
-248
-314
663
-593
-890
1318
-522
-1894
1558
-610
-1112
1144
-609
-434
423
-759
-582
643
-951
-330
576
-717
-20
775
-447
20
399
-581
-1
100
-418
-220
97
-396
240
407
-878
208
647
-1746
-299
1643
-1739
-657
2299
-1467
-882
1699
-1337
-260
544
-1346
826
366
-1265
1146
527
-1693
321
-30
-1036
214
-332
19
274
-452
146
405
-350
-213
402
-91
-14
317
79
486
383
35
191
2
-73
388
132
-122
336
744
-937
489
1029
-2201
962
1102
-1925
1009
945
-1615
806
261
-1270
996
-173
-863
974
-358
-1112
617
-228
-920
316
-241
-500
586
-221
-215
545
4
-40
160
34
-189
116
7
-101
-64
653
478
-1025
484
406
-1004
44
133
-468
212
345
-114
770
9
-498
614
-309
-29
753
100
622
498
-19
584
329
-219
381
-115
-370
118
13
-264
-47
414
-479
-145
366
-434
127
327
-512
326
783
-673
461
579
-1371
-81
144
-939
314
267
-509
834
34
-560
371
-201
-305
126
-224
125
175
25
214
138
312
0
64
-20
-31
-107
-312
-97
-66
-68
199
-46
-106
342
-118
-569
473
-491
-691
1101
-366
-43
1068
-552
348
835
-802
257
665
-721
163
119
-858
345
-47
-302
556
-53
162
616
-195
-94
382
-504
-531
215
-478
-186
571
-363
118
733
-485
29
492
-611
311
556
-933
165
224
-980
259
-57
-787
188
-289
-340
139
-299
187
304
-128
115
346
-93
-17
138
277
-281
-52
321
-237
93
-102
-255
65
220
-224
83
278
-113
178
480
-181
-18
172
-456
130
78
-68
450
111
-382
94
49
-387
-50
-169
-351
279
71
-130
396
-136
-182
-74
-598
-295
474
-152
-318
495
-255
-308
85
-389
-411
-27
-145
-85
310
79
67
-39
-86
60
-151
-470
76
-62
-670
264
260
-88
496
440
-131
494
82
-401
579
-172
-260
1003
3
-379
572
-417
-446
409
-559
-95
881
-317
489
925
-303
478
445
-564
360
393
-431
690
463
-452
875
71
-939
767
68
-717
714
106
-579
137
-291
-498
-156
-221
-654
-322
-169
-545
-298
-142
-592
-267
-194
-579
25
5
-326
-83
296
238
140
-158
66
87
56
284
105
109
318
85
117
225
-111
-12
29
79
238
-167
28
366
-525
248
318
-844
256
343
-491
812
291
-158
679
-31
-42
466
-483
-202
887
-228
-85
851
-325
-503
1061
-106
-403
668
-117
-92
343
-32
-116
-11
153
102
-91
33
-97
75
160
-104
-541
212
350
-1085
236
88
-1535
262
-90
-1492
670
-121
-1414
998
-556
-1542
849
-672
-1322
1001
-638
-722
1312
-365
-423
666
-524
-302
576
-320
242
659
-341
-2
309
-252
-126
256
-296
8
645
-167
56
755
-324
61
575
-603
-12
166
-557
-60
220
-656
-135
302
-408
-90
93
-250
75
212
-180
563
496
-70
426
470
-332
22
260
-295
31
250
-74
39
297
-168
-323
466
108
-522
666
45
-370
883
-249
180
1147
-586
582
984
-1091
1083
695
-1007
1336
-142
-436
1182
-729
-475
1307
-855
-78
1299
-1150
151
859
-709
419
1003
-894
574
768
-604
583
39
-691
286
-145
-600
92
-194
-415
-584
85
-407
-603
292
-290
-794
600
176
-1023
1194
74
-791
1218
-109
-596
1342
-230
-584
1906
-357
-475
1514
-665
-332
1289
-910
-445
1242
-893
-190
1068
-682
109
768
-807
141
299
-631
215
-145
-469
135
-53
-229
187
-275
-171
-156
-636
229
-113
-360
525
-413
-510
550
-500
-816
712
-299
-557
851
-327
-79
492
-445
-100
409
-444
114
540
-548
170
288
-615
214
43
-585
76
-279
-364
-127
-143
-375
-223
-35
-428
-45
-148
-101
40
-508
399
-189
-731
679
-68
-488
854
102
-482
544
218
-276
289
739
-184
712
248
-582
1327
-313
-864
859
-197
-324
493
-400
355
221
-407
365
278
225
-112
634
319
-452
713
190
-526
822
-266
-546
639
-241
-587
352
159
-653
363
-297
-616
181
-623
-386
328
-576
-195
320
-395
-53
-288
-243
-102
-377
-141
60
-196
-104
652
-343
-63
301
-721
484
-71
-694
613
-162
-480
686
-79
-24
796
-691
173
602
-919
637
278
-835
1238
-228
-328
1344
-1112
-4
366
-1023
300
9
-720
167
187
-736
130
1212
-1054
-176
1630
-1110
1121
41
-1241
2408
-1792
-559
2699
-1957
478
1424
-1163
1161
-132
-561
1120
-729
-25
893
-617
-111
266
8
-320
-155
460
114
-676
646
342
-1215
580
-99
-712
-95
115
-38
-583
212
55
-116
94
-598
178
698
-570
72
429
328
-287
131
694
-308
161
79
-115
346
-9
-371
384
-147
-312
-82
534
170
-923
1276
215
-1046
850
-215
-400
186
-886
933
-229
-727
865
-933
-9
-345
-970
229
-721
-548
279
-593
-175
275
-298
232
-233
-307
498
-145
-72
220
54
242
404
-314
96
457
-474
319
314
-133
-74
174
155
-356
-100
443
-507
-245
1139
-112
-188
1075
386
-408
1260
-364
-248
1542
-1353
471
1119
-1156
803
150
-730
838
-1168
-188
584
-1022
675
336
-419
387
-281
-141
435
-572
98
263
-129
221
-141
-53
-175
-1162
865
10
-1557
2147
-650
-1372
1902
-1045
-572
1087
-1159
199
24
-351
288
-974
1238
-358
-1073
1132
-674
-290
428
-545
458
76
-844
445
-117
-245
265
-227
570
103
-750
1564
233
-1313
1674
-59
-474
692
-406
692
147
-640
1044
-287
-287
867
-944
872
572
-617
943
248
-276
325
289
-191
302
-63
-128
555
-487
-216
531
-19
-300
-237
12
-85
-721
148
366
-1029
444
339
20
357
-198
1058
-533
-527
1256
-688
-83
1037
-751
804
477
-1363
956
196
-1176
370
15
-282
38
-107
268
-113
328
-108
-832
490
-329
-597
684
-208
260
75
-503
810
-477
-752
874
-295
-702
104
-400
-256
-248
-310
175
20
-605
178
-12
-478
170
21
-256
346
34
-308
393
-154
223
-77
-21
482
-406
-76
670
236
-204
399
263
-364
6
-4
1
-6
56
-383
602
-102
-926
1396
-859
-394
1351
-700
64
260
-527
610
-130
-238
678
-265
-381
431
-216
-204
357
-692
551
389
-1033
607
21
-910
139
148
-349
-146
53
-381
-4
-28
-278
-382
171
-37
-427
151
-33
-247
103
49
-218
-48
-213
87
31
110
-113
39
257
-472
-114
264
-171
-258
101
66
-261
-346
-167
248
-373
-152
495
-485
29
199
-27
-57
-232
273
-197
164
111
-173
739
358
-106
464
570
-456
552
94
-322
720
-607
506
144
-343
1168
2
153
984
-139
206
285
-169
-225
-347
-137
162
-461
-677
507
-963
-407
553
-318
344
-42
-142
468
-313
-567
136
-224
-516
195
19
-134
2
-413
703
-203
-212
1027
-299
671
436
-284
623
-118
132
402
89
-131
227
281
-386
402
350
226
469
136
626
119
-165
537
22
-119
132
254
-68
-180
571
-450
131
101
-440
347
-1137
-41
-110
-564
406
-179
442
-104
-471
1347
-611
-871
1299
-597
-171
673
-258
96
-473
-244
250
-537
-29
275
73
218
848
20
72
-31
-531
-112
-422
-922
488
-505
-612
204
-238
-602
-236
-28
-881
9292
8831
1184
2961
3150
-468
-4156
-7505
-4952
-981
-2142
-2222
-2700
-201
1452
-539
-1601
-463
-393
410
10
-1534
-2444
-1365
263
-595
-937
-810
394
2201
699
-917
-99
554
1240
-255
-1456
-935
-133
-65
-1216
-1629
-890
210
486
-1045
-761
218
365
994
220
-283
1240
1201
660
1113
1058
1702
-758
169
771
-3935
3224
3609
-4014
758
1412
-1779
819
522
-1181
650
4974
2145
-6244
845
1806
-5298
-590
-768
-416
2506
932
4557
1118
-1349
-308
-1508
973
-1035
-1534
564
799
514
1023
682
1954
923
-204
-513
-7
-183
-447
-28
-439
457
478
147
-472
787
-232
-263
352
801
-1010
-1682
231
442
416
-258
-413
-248
635
-564
-931
-443
224
310
-164
-190
438
-773
-420
85
-385
-439
-291
-230
465
23
658
9793
7556
1411
4151
4970
-229
-4448
-5833
-3366
-1017
-4007
-4111
-458
1447
392
-899
-927
899
-217
-1048
-1416
-1881
-1662
-1582
-972
-936
-1042
-140
867
981
185
71
543
359
-144
-1081
-941
-389
-851
-1151
-504
-458
280
-316
-163
445
630
779
497
837
457
316
-103
43
542
704
167
266
734
737
120
-335
245
-112
-484
305
-223
131
-49
344
244
-20
263
-187
126
165
217
-47
211
79
278
-527
357
246
461
127
198
-13
123
191
-72
-787
73
567
-1020
449
-960
378
-43
-669
309
-156
-140
742
-168
67
-585
-271
-290
-963
-948
-442
-540
-791
97
-602
1221
-286
1111
304
-107
981
6
379
1091
-27
263
247
-11
291
-937
607
594
-415
316
874
-119
517
-594
389
201
-539
-2
-640
-415
-702
-909
292
-206
-686
282
-40
8
-594
403
-89
-358
198
-78
414
908
149
39
283
-171
-297
-426
62
31
-134
258
977
201
107
717
482
638
275
954
1029
-286
217
356
-706
-234
-361
-172
221
-594
326
114
-385
-143
-526
-53
-296
-992
-87
50
-159
122
-194
631
433
-431
74
193
-120
-225
-382
-247
19
-55
65
181
-674
-629
89
36
143
19
-52
274
560
-86
271
793
-160
226
323
-522
-64
11
-163
-469
-447
76
-706
-834
-224
-426
-143
88
-84
655
618
304
51
-319
-151
-322
-655
-200
-88
84
228
299
106
-158
-22
-236
298
-548
-68
437
-247
-68
177
164
-61
122
133
224
328
835
320
227
141
-219
291
126
-209
194
539
451
46
-194
-388
-173
426
-188
-515
242
212
-447
-824
-447
443
338
-242
-166
1700
1249
-136
-402
423
1668
-626
-1099
-50
178
124
-750
-416
305
2
-84
-459
-420
199
-169
-169
250
368
531
609
151
776
653
-70
95
-110
-11
-166
-813
-506
-359
-165
-199
-986
15
539
-65
-250
349
242
-160
-298
125
-68
-371
-227
-268
403
-32
-142
650
782
243
-67
119
51
-506
-801
-768
25
-163
-176
731
414
48
536
-136
-342
185
402
174
-220
-30
-184
-452
-420
-411
-412
561
209
-125
381
407
144
302
53
-228
404
177
-655
-482
53
161
-543
-534
-104
265
488
348
197
88
283
-266
-371
-437
276
7
-447
79
406
220
-390
-131
373
-102
-141
191
245
826
652
323
192
-33
-281
107
141
272
-228
-749
373
-232
-863
-131
-3
57
-105
327
574
-179
-129
-140
-335
-514
-746
188
662
174
-164
211
643
164
-540
-364
1169
831
-267
907
1001
19
113
-610
-1093
-242
-135
-287
-295
418
100
-401
-73
-68
302
564
604
516
682
330
645
614
-66
-477
-97
450
-117
-498
70
190
220
165
-530
125
502
144
-523
-696
27
-182
-1350
-619
376
-367
-334
-214
102
-98
-214
799
767
241
-40
-362
-26
40
-1042
-325
785
8
-885
-422
875
799
-352
-784
315
1307
127
-1036
-351
371
-149
-638
-15
75
-205
93
-279
-55
270
367
569
-589
-440
251
-360
-523
-318
-124
-148
-1073
-432
116
-286
-218
300
657
39
-154
-304
74
-143
-704
-83
300
193
-531
-76
715
89
-191
124
231
-759
-681
-407
-82
222
-91
84
166
-307
-190
-288
-75
143
-265
-3
193
942
913
566
103
387
528
246
282
212
384
-37
-342
169
-211
-806
116
316
53
8
38
634
314
-90
95
48
-66
-381
-593
-276
-193
-353
-98
-87
1
45
-101
247
510
-103
120
102
-54
151
-157
22
29
-75
69
301
346
161
-361
-227
124
204
-68
-297
-167
-349
-769
-683
321
416
198
307
491
903
805
202
126
401
153
56
-344
138
506
-299
-170
97
-20
-188
-102
208
270
79
-117
-128
33
-258
-342
37
236
8
