2280
-1724
-1049
1978
-528
-1179
462
135
-28
-812
-1102
1299
450
-1714
575
287
-1956
-568
229
122
138
-570
858
1490
-2005
-1059
2641
-456
-1933
534
-19
-601
-1050
-873
1301
697
-776
486
844
-922
-1171
171
-269
-915
-167
-327
5
433
-681
-237
1780
325
-974
1157
437
-626
55
-365
531
1066
-376
325
1780
447
-476
427
105
-336
-411
-88
189
-255
-316
-217
336
-74
-484
400
128
-464
-175
-106
-51
26
168
401
229
-385
-347
-76
-268
-107
-139
148
590
122
531
995
199
137
254
-410
-864
-618
-618
-1347
-849
-417
-587
99
60
513
954
320
358
238
-203
-88
-118
-83
365
323
438
320
491
612
-350
50
551
-510
-715
492
117
-347
645
616
430
444
63
-96
-97
-338
-556
-180
-54
-409
-316
16
-314
-311
211
-204
39
262
-331
345
449
-324
667
407
229
874
-704
191
-159
-898
-231
-266
449
-460
555
539
35
996
71
152
370
-687
-407
-170
-719
-530
161
-52
69
473
76
448
-273
188
-31
-542
-89
-399
244
33
180
719
-16
276
-74
-89
664
-321
637
235
-32
575
-116
186
56
437
-65
47
268
-170
151
-25
551
-328
149
292
-527
-20
-848
-88
-907
-759
195
-998
-251
-302
-131
539
338
823
676
406
30
80
-67
-231
23
-356
-441
-189
-321
-341
595
-6
455
-103
-270
285
-265
-150
-1006
119
-565
-800
-648
-1297
-176
-312
-645
273
322
-458
-1
140
-513
347
352
168
765
371
440
-419
734
164
-508
292
-836
49
189
-619
-347
533
225
-695
-226
-30
-307
20
-247
-280
1042
106
-710
1194
36
-677
81
-400
-699
-179
-102
-1326
549
591
-833
768
317
-226
800
313
-717
-18
324
-973
-47
200
-672
726
535
-451
441
662
-331
-272
320
-225
122
178
-380
329
-72
-701
-353
-30
-500
-446
191
-343
-161
-11
-109
472
253
197
793
316
-422
289
164
239
232
-314
482
527
42
-123
550
404
-179
398
-85
3
296
-429
-66
900
-162
-607
587
29
58
45
-236
-36
19
-126
-718
24
428
-637
-218
390
-125
-38
248
129
1036
656
-504
766
521
-111
-3
278
23
-358
-78
-689
-147
86
-1218
-88
690
-396
-156
123
33
-43
-22
-401
317
460
-402
-411
-245
-301
-443
-114
126
671
686
132
276
115
2
225
-212
512
627
-573
-121
165
-315
163
392
362
535
240
-61
-83
2
403
212
23
183
-237
-219
-287
-286
79
168
-132
-69
391
-202
-13
693
-361
470
740
-809
22
480
-141
-306
-34
308
-64
-69
-449
57
558
-663
53
75
-355
-420
-448
-9
-128
506
82
-257
296
-211
-341
-195
-47
116
-397
-322
-260
-392
-197
41
248
319
142
-237
-161
-69
0
347
222
325
403
105
39
-65
313
405
243
200
67
302
-35
-716
-115
192
-545
-289
241
-369
-535
143
-125
74
449
-270
-300
178
-108
-593
-184
-144
-456
-92
-181
-178
114
262
67
103
204
-198
86
117
-169
81
97
-427
-325
-58
-491
-300
175
-421
15
366
-558
116
564
-326
-163
342
-245
50
-119
-615
84
-68
-333
267
169
-136
445
367
199
99
336
388
-36
223
105
367
22
-462
301
170
-518
-381
-210
-325
-160
-26
153
409
-35
492
550
-499
268
441
-242
-272
-77
-656
-527
102
-337
-18
899
308
-675
460
259
-598
128
-454
-298
199
-614
-562
-159
-23
-119
190
-150
-285
507
245
-399
-1031
1217
1816
-2459
-287
2556
-865
-927
833
173
47
464
-807
-666
1495
-495
-1265
858
-302
-284
-257
-902
142
543
-242
-287
687
562
214
515
-152
461
902
-605
-141
232
36
199
-172
114
515
-68
-176
-282
-22
262
-662
-170
396
-65
-69
-412
54
702
-271
304
-32
-333
1120
-250
-2178
198
3611
-1796
-2556
4059
151
-1347
1433
-418
787
1453
-1170
-1048
1870
-247
-1924
1120
-133
-611
815
-1036
-481
1773
-109
-616
1373
128
-350
638
-633
-251
520
-622
-976
-273
-210
-333
223
-4
-79
1169
218
-859
1157
301
-377
409
-812
-610
684
-473
-1055
146
531
-479
-504
786
-22
546
353
-618
1322
930
-2805
-634
4106
-2040
-3671
3668
-258
-1557
1965
-1575
783
2498
-2021
-970
2058
-365
-1154
1144
-1219
-508
1830
-2139
-638
2006
-833
-311
1089
-566
714
933
-1400
558
591
-853
91
-389
-907
592
72
-992
285
390
-198
-207
55
182
-208
20
-537
-627
446
-210
-481
-233
-202
634
-440
-685
727
130
182
-214
-464
1270
72
-2817
402
3938
-2454
-3055
3287
-434
-1252
921
-1632
1556
2158
-2317
-3
2221
-890
-376
948
-1395
877
1184
-2439
498
1164
-1002
745
242
-1069
1330
64
-1457
1441
405
-294
813
-561
-217
907
-825
-800
513
-254
-37
-50
-486
351
36
-345
-29
-479
-1
167
-639
79
153
-237
590
-119
-49
745
-87
-241
26
103
977
-719
-2892
2403
3222
-4601
-219
3707
-2011
830
20
-2082
3587
-163
-2739
1967
379
-977
450
-908
-907
1706
-574
-877
1329
-220
559
709
-672
1253
1479
-687
392
-93
-457
869
-566
-618
918
92
-254
-31
-512
638
455
-1161
-89
333
-580
-117
-551
-158
566
-90
77
207
-30
482
366
-150
516
415
-182
-162
-273
658
1093
-1312
-2141
3301
892
-4816
1653
864
-1562
2654
-2776
-852
3832
-2457
-301
910
-1365
1806
398
-1750
540
934
-203
520
-162
-52
1261
-341
-862
548
36
-5
251
-987
38
651
-947
-216
418
235
434
-313
-173
700
182
-193
128
190
465
35
-247
353
283
99
365
76
-25
303
-74
-428
-106
-244
-518
-646
-297
397
622
-1738
-1420
3975
-284
-3759
2382
-129
-562
1850
-3383
503
2266
-1977
629
-351
-591
1611
117
-1133
-522
501
150
-435
-925
-511
262
13
-632
-451
458
319
-43
-363
-26
214
-39
-518
-544
297
164
-215
36
193
4
116
-237
38
295
-147
400
65
-142
302
-161
76
-17
-250
147
11
186
-11
-293
392
299
518
-600
-1721
2638
1004
-2956
1265
22
-578
2217
-2118
-134
2028
-956
1375
-318
-1237
1495
399
-40
-341
-652
502
339
-100
-368
-263
831
415
-453
-649
-301
149
54
-63
-503
-555
243
-28
-387
-182
-424
278
407
-290
1
283
272
634
63
79
113
11
59
-584
-268
-267
-35
96
-245
-63
221
-6
213
528
-295
-1440
1135
1424
-2124
531
464
-1290
1670
-374
-1262
1445
-573
24
1190
-926
22
378
-212
368
-21
-349
-75
-87
142
-169
-137
377
76
530
352
-167
300
384
38
-13
-32
-11
179
-240
-254
-10
14
-86
-130
134
-125
26
407
148
-149
-57
12
-85
187
1
13
512
209
31
363
269
-65
430
399
-188
-171
-28
339
-37
-73
123
-156
291
4
-367
-203
-481
-142
-108
-506
-246
-239
-378
100
105
-123
289
99
156
317
-178
-91
-109
124
299
-29
271
438
264
163
-71
41
134
19
256
-109
-133
122
-246
-2
-207
-464
-36
-369
-156
-72
-405
10
59
-118
-17
196
81
145
185
160
449
386
94
184
123
146
305
-79
-19
-40
-257
-27
-344
-399
66
-340
-16
229
-593
-145
-183
-560
-15
-263
-370
23
-151
-75
217
14
177
175
35
402
64
85
359
-14
225
296
-116
145
294
100
151
5
53
145
103
-3
-53
126
-162
-438
-362
-587
-486
-323
-371
-192
-29
15
-58
66
54
223
260
185
480
174
187
338
1
323
363
8
229
158
-76
265
110
20
301
-10
16
246
112
156
44
87
132
-217
-73
-203
-269
5
-39
-19
-85
-197
-115
-109
-347
-231
-23
-143
-117
-73
-95
-108
241
428
174
-72
-67
-13
-154
-56
-357
-65
235
-121
3
75
-221
-292
-247
-154
-95
-177
-206
-354
-248
-340
-226
-196
142
219
-80
170
80
9
267
230
186
542
227
275
288
168
330
230
118
181
293
42
210
204
150
56
-144
-69
-140
-283
-489
-517
-435
-395
-402
-277
-122
22
208
195
171
78
253
520
271
633
684
137
374
329
300
439
51
137
319
171
34
71
-107
-100
-216
-482
-149
-396
-254
-117
-156
-132
-104
-205
-125
152
-233
41
-37
92
412
307
439
314
356
285
370
390
145
80
-92
-31
255
99
49
399
567
476
278
183
494
300
-105
4
-93
-316
-787
-592
-645
-792
-662
-628
-541
-316
-56
-201
-52
24
-191
-186
-282
-494
-280
-330
-209
-143
-228
-19
479
458
661
644
412
469
246
190
-22
-254
-192
-97
-422
-411
-250
-74
138
184
-204
83
301
0
-52
-69
-89
224
-273
-758
-367
-422
-105
-69
-59
341
90
21
681
501
343
359
230
174
65
15
87
366
36
-133
269
233
-83
-168
-324
-291
-202
-444
-166
-122
-405
-560
-789
-892
-959
-686
-161
-177
-303
-82
-433
-251
95
-100
207
-20
-327
402
344
152
31
-9
753
130
-111
261
-505
-4
281
-239
124
21
274
636
-48
-10
276
-113
-6
-354
-448
-349
-475
-189
-13
-19
-205
103
765
1012
462
230
414
569
616
244
-165
-36
226
168
75
-66
17
204
142
-1
-157
-145
-188
134
60
-661
-467
100
-196
-651
-595
-370
158
35
208
-98
-623
1312
493
-697
1334
-1137
-66
1610
-1938
-443
-674
-919
1743
-195
-925
49
-67
1620
573
-868
31
118
537
407
-853
-608
-181
254
736
-273
15
469
465
349
-95
-408
163
1092
314
-2
-196
-50
1352
336
153
626
111
608
373
-249
262
131
256
756
-74
-119
-102
468
5
20
387
429
-500
-1286
1903
65
-1983
1553
-1845
-854
2878
-2586
-164
1109
-2282
1346
108
-1774
626
-258
-19
654
-747
-348
920
194
732
626
-48
488
-157
-135
265
205
-387
311
159
-738
-452
-554
-546
154
553
-344
584
261
-751
774
-5
-627
612
-468
-420
424
-458
54
-173
-214
286
492
220
-121
328
390
140
231
627
-266
-1544
946
-446
-1481
2339
-2086
-1143
2417
-1765
87
730
-1674
1095
345
-718
1329
1186
-994
-376
541
-1013
639
-397
-1177
923
-311
-70
192
-601
-217
-859
-277
-585
-279
185
-1333
-680
-103
-741
-217
210
48
514
219
-205
577
427
174
642
973
525
-68
97
-259
-437
184
-151
-86
964
-379
-6
239
-28
820
505
-365
-626
622
-724
-1190
558
-811
-1235
853
-202
-235
506
-361
323
958
328
70
746
-29
-1001
-39
34
-711
212
255
128
242
-408
-69
655
255
220
313
170
94
-53
-292
-228
109
-227
-217
-84
38
-725
-323
165
9
-56
-187
-236
-75
61
-554
-72
-146
-144
20
-246
181
114
-182
-169
270
532
-138
-43
867
416
-531
393
724
38
131
-34
202
413
341
-35
232
511
-161
661
399
-173
-107
-436
145
81
-574
-67
280
-183
-455
-762
662
329
-765
-52
156
648
154
103
464
633
375
221
57
-248
15
-711
-321
-137
-210
-136
-461
134
415
89
284
748
4
297
472
57
66
-726
-663
-379
-327
-641
-536
-112
143
24
-135
674
66
95
530
-393
233
-300
-573
446
640
-388
-91
678
-74
461
161
179
216
279
92
-102
273
-165
-493
-142
195
372
306
103
99
-146
-187
456
366
-458
-285
-106
-302
-738
-496
-77
-178
-224
74
-395
-75
256
-469
-352
-126
54
507
362
239
217
-513
123
536
202
54
354
-6
-27
53
-399
-150
-309
107
-59
-163
-279
-444
-332
-477
-274
-138
-597
304
295
-669
57
-8
521
310
477
418
-274
-222
-284
-299
-742
-243
-403
-803
-1142
-339
-256
-110
307
-308
37
-341
263
204
-130
236
671
406
-40
258
470
102
441
1138
686
538
12
280
-86
-362
-309
-332
-45
-441
-427
-226
-69
-720
283
91
-691
-577
-998
-186
-323
-323
-100
-587
-590
0
-288
-364
-704
-262
165
87
-253
-329
297
-255
-271
84
406
394
881
870
201
197
243
438
362
199
105
-163
-322
-15
-222
-413
-151
-718
200
80
-394
-438
-71
322
182
29
270
741
-114
-464
-730
181
-59
-233
555
288
698
476
541
680
258
157
-104
29
-546
-102
-382
-163
423
-77
430
-119
-379
-244
-100
-173
-21
377
121
-283
-434
-23
-311
-789
-155
109
38
-20
343
306
54
83
-50
128
1
99
-268
221
29
-491
-137
199
604
-306
110
233
269
355
-296
900
802
-188
312
360
164
-117
-40
312
-152
-227
-317
-223
254
124
512
924
291
19
-288
-612
-269
425
483
-46
-52
181
464
154
-175
162
199
383
225
-131
128
-552
-383
-518
-184
982
560
266
-50
28
241
61
184
672
865
453
54
233
207
-50
221
553
163
-248
-758
-559
-74
-381
-391
-543
-171
-376
-1248
-965
-648
-747
-660
-406
110
-19
-71
-769
-405
164
-218
49
574
651
-313
-348
574
1031
388
634
698
543
-4
-273
-36
-748
-560
378
13
64
140
-299
-1104
-966
-198
-440
-222
-155
47
-559
-360
-110
30
304
-253
-229
376
38
537
799
-142
-90
-201
-146
-44
-270
165
257
48
-208
-131
53
-468
14
-9
-298
-387
304
552
-89
-107
-34
-3
57
-372
-346
221
-46
-160
-210
176
-235
-806
-259
