89
-16
-136
-204
-37
157
76
225
71
75
339
270
40
-184
381
46
-66
534
162
376
681
97
211
555
297
251
198
66
-72
291
-22
164
71
144
146
167
442
266
548
200
469
448
283
134
232
221
123
417
17
205
182
170
159
96
181
105
97
6
428
222
298
137
143
197
539
174
-174
125
365
122
460
378
13
771
367
164
15
61
-102
103
-240
-371
-551
-164
-345
-294
-95
-80
139
-5
-22
-231
4
-267
77
31
-141
-33
-50
-222
-47
-158
-54
2
-105
-40
-160
-55
-271
-293
-273
-416
-385
-191
18
-182
-49
75
-80
-474
-194
-52
-340
287
-302
-514
201
128
125
0
-464
-578
-474
-516
-816
-910
-784
-669
-448
-240
-411
-333
-23
108
-69
-181
-601
-386
-109
-51
-11
-138
-89
150
298
148
221
-28
62
23
276
50
-57
13
90
155
362
334
317
457
612
376
-277
7
17
58
493
-50
-265
285
268
592
516
94
2
117
-40
-88
-233
-146
-9
234
224
-12
175
122
117
107
-61
-353
-100
1
95
84
-162
65
173
142
270
73
0
47
-172
-33
-117
-9
94
13
-28
-24
101
289
215
340
186
-401
-255
-113
49
180
142
-104
157
432
421
468
-105
-161
-65
25
-148
-388
-355
-439
121
203
234
168
61
218
224
138
-60
-148
-105
165
198
43
-29
-142
95
160
218
23
-222
-13
-129
99
-41
-28
-103
-146
42
-171
-79
-183
105
-23
-455
-694
-519
-228
161
167
-212
-117
-26
478
436
59
-331
-322
-190
-147
-234
-303
-328
28
261
246
209
-8
18
86
221
-69
-73
-206
-98
336
409
302
37
7
174
185
149
-25
-45
66
178
304
48
134
92
274
248
127
-64
-154
215
14
-263
-414
-506
-145
304
37
-95
-249
109
242
223
-201
-394
-337
-169
18
-93
45
-56
193
294
408
262
269
86
181
233
150
38
-179
-26
165
398
392
155
-57
-3
-9
-71
-257
-250
-366
-325
-165
-264
-319
-416
-212
-321
-116
-283
-219
-237
-326
-331
-349
-142
-191
511
242
85
-21
24
180
164
73
-255
-463
-532
-480
-351
-255
-331
-334
-22
31
136
28
-194
-70
-298
42
-237
-167
-238
53
160
180
318
22
120
29
176
-116
-140
-177
-91
180
164
135
29
7
29
22
197
153
86
27
-45
-253
-408
-170
43
324
174
-39
-89
25
475
294
-47
-242
-402
-136
-139
-136
-197
-230
-13
37
269
398
201
112
-24
67
226
153
90
105
415
254
385
207
74
-12
-104
28
-27
118
-12
35
-77
103
99
-1
56
109
50
77
265
284
266
131
-10
50
244
546
472
394
283
23
262
313
422
265
59
127
-120
297
180
236
-5
-78
70
111
300
-113
29
-275
-20
-64
89
-162
45
-73
103
167
-110
-27
-152
-102
-243
-113
-451
-277
-342
-174
-93
-26
-152
-83
-144
-141
-128
-171
104
-10
134
-80
-190
-131
202
356
264
275
-201
-137
-160
121
-43
-197
-478
-433
-281
-11
71
-104
-149
-398
-111
14
116
-198
-157
-412
-123
-63
32
-16
81
-25
-116
-60
-75
-121
-236
-129
-67
-45
-101
-103
-85
74
-155
6
-172
-73
-112
-98
-74
-1
182
-112
-250
-398
-262
113
380
253
-16
-196
-341
81
65
46
-199
-405
-509
-404
36
62
142
-52
-157
-19
69
312
236
115
27
-109
150
132
469
328
404
160
8
-113
-81
-74
-228
-134
-220
-37
-192
-4
16
85
43
-16
-6
-124
72
-194
-50
-57
53
-1
-291
7
-156
347
181
344
271
86
158
243
178
-44
-185
-282
-183
-236
46
67
183
67
194
105
254
264
81
-11
-296
-44
144
233
376
369
411
420
172
264
203
244
210
75
6
-178
-18
-1
78
-99
125
39
187
58
42
69
84
250
172
158
15
232
324
481
378
372
62
81
21
177
152
102
-191
-196
-331
29
305
358
284
-115
-41
-326
113
-82
156
-63
-159
-189
-158
8
35
129
-72
-166
-245
-34
-24
-28
-176
-401
-306
-148
45
189
13
29
-274
52
132
316
327
24
125
-14
-3
-145
-330
-298
-243
-150
17
-230
-279
-396
-98
-251
-64
-240
-276
-293
-230
-22
174
392
134
142
-145
103
24
365
72
-30
-252
-230
-136
-76
125
-3
-96
-310
-178
-117
69
80
58
-55
-25
-60
186
183
133
131
39
273
173
311
216
130
238
129
118
-53
-75
-90
234
232
222
142
7
34
-10
78
-68
-116
-232
-332
-356
-266
43
119
30
23
-209
-83
155
279
247
87
0
-176
-76
101
206
251
-114
-217
-323
-227
-157
-231
-215
-491
-275
-224
3
-31
1
-263
-344
-158
-193
46
18
97
33
12
-153
-98
-155
-162
76
121
309
233
177
136
-38
190
71
226
-23
-242
-321
-331
97
134
210
-25
-285
-362
-208
-46
168
-41
-89
-193
93
84
327
280
235
141
15
332
155
430
104
149
-38
103
158
274
116
57
-265
-278
-130
-247
-85
-101
-4
-304
-223
-484
-401
-253
59
41
-16
-39
-83
-21
294
344
309
111
-151
26
73
366
468
589
334
246
125
186
326
405
325
82
9
58
121
160
-14
74
-175
-236
-277
-326
-64
-260
-175
-581
-448
-409
-111
-7
-166
-254
-475
-278
-204
137
137
156
-75
-403
-123
-228
266
482
430
472
166
171
66
94
142
3
32
-274
-289
-321
-196
128
151
185
-209
-305
-483
-180
-266
-68
-54
-213
-189
-183
-116
-43
-23
-156
-55
-94
17
-36
112
57
95
19
-39
30
109
266
117
208
117
281
305
276
13
-293
-364
-338
-26
127
166
-125
-76
-268
25
128
143
138
-69
-193
-231
-31
100
178
160
128
76
-118
19
52
296
284
20
15
-264
76
56
388
391
216
257
197
269
420
490
407
324
273
277
358
272
180
39
36
-30
-119
15
-176
-77
-426
-413
-497
-450
31
13
224
-64
-204
-282
-152
143
119
258
-186
-32
-137
-10
297
209
350
67
94
80
212
237
51
79
-102
-25
45
41
270
163
84
-66
-46
20
37
228
90
-30
-112
-250
-160
-177
50
-74
-36
-102
-93
140
123
35
-145
-226
-166
247
338
100
-132
-319
-275
-34
-108
119
-127
40
-275
-106
-185
-212
-91
-163
3
-130
-75
-104
97
-50
40
-224
-123
-163
58
11
171
-114
-139
-80
-47
50
-16
156
-60
61
9
166
27
145
200
66
57
-49
-91
-78
90
36
4
-8
-62
57
15
240
107
-28
-44
-76
104
7
39
-182
-291
-108
-98
38
-6
-35
-201
-74
38
102
89
-72
-253
-233
-153
-15
80
-15
197
-20
218
47
125
-43
118
43
-98
6
-132
67
-256
-40
-171
-17
-117
-251
-197
-436
-229
-229
-411
-414
-415
-101
-263
-8
-318
-305
-198
-160
1
-201
180
-69
255
47
200
151
275
173
326
312
348
417
278
399
33
105
74
392
144
122
7
56
25
206
61
-13
66
58
-61
-298
-49
-50
70
37
4
2
-130
118
175
204
348
50
287
170
498
292
247
68
60
277
137
281
-14
242
134
289
177
310
180
143
204
-25
95
-6
110
256
212
211
-114
-70
-125
110
327
86
221
-133
119
-61
114
-85
-200
-188
-249
-118
-98
47
-147
-138
-157
30
-63
-182
-159
-112
62
64
-223
-90
-331
-18
-151
-16
-300
-345
-263
-271
-78
-195
-66
-289
20
-113
152
2
117
-121
-79
-191
-195
-261
-277
-479
-382
-277
-270
-204
-175
-213
-159
22
-168
114
-217
150
-80
-13
-330
-134
-178
56
37
140
243
-41
62
-215
35
-199
-5
-62
26
10
-128
-104
-128
-15
-175
-151
-2
-68
31
38
81
11
48
88
118
-8
49
59
59
42
83
234
250
397
274
252
283
282
461
388
339
137
46
14
-18
115
-29
-23
-194
-120
-56
85
192
-27
-194
-253
-222
-85
-167
-66
-104
-78
25
4
38
50
111
156
133
317
191
294
264
308
281
148
320
198
391
149
140
-90
175
-4
119
-38
-56
-77
-79
-52
35
94
-148
30
-148
7
-218
-95
-366
-179
-213
-97
-95
-221
-147
-170
70
-46
47
158
219
219
119
-16
-83
-26
52
114
-49
-9
-52
11
161
78
156
23
-6
-53
102
184
70
41
-208
-88
-6
29
-63
-158
-57
-91
195
53
143
18
-163
-110
-220
-165
-160
-117
-16
2
103
-21
-72
58
120
168
21
153
124
116
222
54
113
-67
-77
-104
-173
-59
-294
-174
-279
-47
-1
-7
-110
33
57
-6
-77
-82
57
-8
57
-118
-61
-127
-159
-170
36
84
114
15
76
-76
184
5
105
-51
-56
78
2
133
-215
-20
-155
72
-101
73
-9
81
-40
21
-10
-19
-103
-227
-86
-186
-17
-155
-27
-91
-1
-69
-42
29
116
56
11
-26
33
-22
88
-4
-5
-123
-49
60
-33
106
-18
130
54
117
-90
66
46
-168
-97
-235
-224
-325
-241
-372
-422
-428
-318
-343
-403
-223
-358
-44
-196
-68
0
-240
-116
11
199
152
200
-47
88
185
71
208
-26
206
90
106
116
1
165
44
162
66
-97
-288
-240
-173
-129
-55
-95
-19
143
127
327
128
173
415
184
230
170
226
227
193
188
170
197
236
308
211
131
93
159
161
108
193
47
182
47
207
69
149
262
15
163
-74
201
94
158
-9
11
7
115
261
122
105
108
106
87
123
-70
70
-38
161
96
136
193
95
241
378
243
251
252
191
282
166
144
107
115
146
-6
175
-117
105
22
-54
-70
-332
-137
-241
32
-190
-60
-338
-184
-121
-97
-126
-219
-283
-250
-195
-154
-187
-327
-108
-319
-51
-181
-50
-149
-92
47
-171
-74
-266
-185
-254
-119
2
-106
-8
-158
77
-26
47
40
-176
-203
-188
-26
-125
40
-339
-302
-455
-362
-363
-310
-384
-468
-218
-139
-89
-293
-110
-286
-102
-44
99
-127
136
-84
86
-20
-58
33
-99
147
-58
-15
-318
-140
-146
283
125
187
8
-18
147
12
118
90
8
23
51
66
92
137
224
234
219
121
165
188
253
203
188
-62
237
91
396
49
187
66
128
292
114
353
10
400
219
544
338
259
307
268
177
292
168
87
52
137
152
106
128
-61
74
-107
147
197
190
152
224
378
333
264
206
1
138
77
132
164
106
255
61
136
-35
-91
-131
-248
-106
-231
-269
-325
-362
-188
-285
-393
-391
-263
-153
-73
-56
-168
-213
-137
-235
-113
69
61
-6
-21
-28
0
68
43
-113
-110
-197
-106
-127
-161
-89
-284
-37
-379
-225
-345
-301
-409
-324
-287
-340
-154
-141
-60
-155
-47
-141
-71
-59
141
-12
209
106
121
97
20
130
26
-29
56
14
275
47
179
60
93
116
-52
244
-79
215
25
222
-92
44
-50
176
165
145
2
-23
118
160
292
112
320
11
190
30
156
-45
87
-68
-120
-87
-95
-1
-57
-89
-297
-137
-188
-63
2
-62
40
-175
-93
-39
109
-94
-183
-124
-240
15
-159
-14
-330
-154
-183
-151
-82
-127
-55
-213
-52
-85
-16
-52
-182
-177
-147
-83
47
-314
-435
-246
-158
283
177
129
53
-110
132
94
239
-137
-35
63
165
227
-96
-5
-103
77
-70
-9
-212
-204
-135
-84
-1
-349
-84
-318
-61
-156
-60
-134
-154
-81
-88
-39
85
11
-119
-93
-54
201
88
364
79
274
-6
275
71
127
67
-27
116
125
143
-3
93
0
221
109
146
27
212
26
112
34
126
270
297
383
348
340
128
204
185
149
179
181
180
191
228
376
266
344
264
324
306
-28
194
80
269
82
176
140
381
390
320
361
76
371
-7
107
41
129
215
139
169
-18
226
189
348
237
218
284
121
320
-32
65
-215
20
65
154
245
-17
-87
-127
-99
-101
-44
-171
-51
-113
-52
-180
16
8
-15
-40
-211
-194
-217
-199
-202
-361
-182
-301
-105
-105
-25
132
69
409
169
242
-27
-257
-250
-283
-127
-211
-173
-293
-181
-84
-338
-240
-299
-177
0
-4
45
-174
-200
-244
-277
-115
-201
-213
-355
-344
-376
-197
-89
-200
-126
-275
-250
-219
-159
-107
-219
-209
-244
-167
-9
-185
-29
-106
-105
-31
-174
-121
-5
47
-2
-68
-9
-77
-91
-159
-101
-208
-293
-162
-301
-38
-241
-57
-225
-63
0
-25
-43
-325
-143
-204
-4
-84
114
37
55
173
91
62
-104
114
31
4
86
-206
-111
-252
-152
-132
-160
8
-52
177
208
137
90
50
122
126
264
302
300
198
159
308
181
223
132
92
325
217
328
276
183
206
4
146
-12
130
-6
235
91
125
357
219
268
-5
50
-115
121
147
219
77
123
327
118
245
34
189
57
38
100
-107
80
-92
35
-97
-96
-115
-87
-5
17
109
91
92
116
-109
-276
-225
-126
-192
-94
