-1120
-1078
208
728
545
51
-588
-660
227
288
-260
-619
-1108
-218
1285
926
-198
-623
-1104
-884
-575
-301
-532
44
505
1181
600
225
935
605
199
-504
-579
-889
-668
-165
169
-324
1102
2988
943
-446
80
-1089
-960
298
-357
-258
-178
53
115
-74
724
423
-429
-501
-595
-628
474
1281
621
-482
-237
444
926
1192
480
-55
-876
-641
-260
419
972
464
194
-115
-27
-403
-869
-320
1290
544
-617
-660
-1927
-1528
1759
2711
13
-791
-189
548
1343
1408
546
-946
-1081
-959
-635
383
157
-1073
-1412
-409
888
1890
1890
914
-133
-812
-122
845
399
-674
-1906
-2454
-1117
844
1324
62
-998
-70
1371
1899
525
-141
162
-106
114
-219
-1442
-1090
-862
-1825
1
53
-821
-266
114
1534
1096
-229
-56
52
880
1062
739
129
-1076
-542
-584
-314
-244
-1092
445
1881
1379
258
-999
-671
144
1054
689
-916
-1351
-1313
-326
723
433
-47
-292
-597
-152
811
2218
1157
-755
-1117
-1488
-642
269
-908
-1845
-1379
-201
1543
1152
424
1003
1037
835
382
-499
-773
-762
-906
-1260
-70
1107
490
26
-775
-722
921
2081
2288
750
-1734
-1869
-840
389
4
-1189
-1837
-729
1387
2176
1153
-1656
-1006
1720
2356
720
-422
-1213
-1909
-1335
-728
42
1236
-19
-188
792
-249
967
1293
1680
1777
-324
-873
-396
-409
-515
-1026
-1812
-2509
-1410
-162
928
2262
1143
-256
-1012
102
2018
1510
-1361
-3682
-2934
-346
738
339
-323
-693
16
2519
3408
584
-1179
-1207
134
418
-281
-1124
-1621
-696
-991
293
694
145
484
-664
123
1482
497
159
-214
206
778
-600
-1277
-1641
-169
-180
-933
-128
354
1440
848
-149
-136
-210
613
1050
735
66
-784
-460
206
622
-774
-1960
140
540
-127
-355
-1343
280
994
1503
1090
-19
590
593
1526
-15
-1491
-784
-832
441
289
-600
528
76
380
779
800
1596
564
607
-42
-314
-411
-1508
-682
-825
239
1877
963
-902
-2288
-763
1830
1681
313
-292
141
-494
-712
1351
73
-768
-860
-1354
1179
484
805
864
252
676
-713
-100
-1577
-97
1399
43
1
-1385
168
2030
666
-39
-466
597
1947
260
-1126
-1782
265
1191
-228
-1465
-2265
1379
3089
779
-1085
-1585
415
855
-923
-830
178
-179
-1876
1125
2337
893
673
-1588
908
291
-1221
-809
-1566
-280
-1436
-895
-504
-312
1733
230
628
1074
264
1287
-905
-1553
-775
129
1719
132
-1211
-1404
167
2290
1261
-7
-1339
-598
1403
40
-905
-1037
111
829
-1269
-2075
-96
2370
688
-1565
61
-161
-339
74
-1980
3
-1040
-1541
987
109
1086
-303
884
1419
552
1368
-525
747
939
-511
-306
-2188
-1634
-58
742
1882
656
710
901
1400
1414
119
-569
-1994
-1915
-499
-359
-476
-1234
-1214
-755
-247
1344
1572
-698
-2232
1188
2034
791
-333
-2146
1004
1506
-752
-447
-664
539
33
2
106
-356
1125
-897
-616
180
-334
914
494
289
659
-136
927
1193
302
-591
-1770
-340
242
590
-252
-699
880
690
98
184
835
1847
1072
-642
-1851
-1801
-858
536
-148
-1993
-1216
-93
2112
1800
-743
-888
-13
1294
1813
823
-855
-1127
573
1005
657
-525
-1464
-888
-121
574
1355
605
-309
-261
3
1096
286
-418
-968
141
1081
538
419
-494
-890
-282
174
351
-411
-1310
249
110
-334
-6
-1200
158
538
-703
160
-305
-1199
-1243
-224
467
1187
724
-172
620
1236
1090
819
-160
-1486
-1369
-863
149
-315
-395
-367
-139
-133
-411
343
761
182
-855
-326
894
1618
730
-516
-1075
-628
58
485
189
-318
-469
-352
544
1202
980
-158
-968
-934
584
984
241
-218
-481
-102
-1079
-1453
-830
-213
38
-209
-10
650
-158
-407
-203
540
727
-148
127
-115
1028
504
-318
-711
-1003
-52
962
1824
1194
-1235
-986
1823
529
-442
-937
-957
1307
122
-1399
251
1271
1357
510
-738
-40
752
740
-200
-765
-726
-490
327
349
-35
-657
-1082
-550
12
44
185
11
0
-83
441
356
45
434
285
352
-235
-419
558
820
259
115
-14
441
494
-335
-359
-385
-247
27
-354
-566
-282
-393
278
319
-434
-88
-235
174
328
190
148
96
375
300
642
503
209
881
885
586
484
370
46
-1322
-1965
-111
138
-768
-814
-1971
388
1542
-38
-518
-1529
-658
1425
1096
-183
-190
-180
459
727
134
-1084
-1238
-1051
-815
174
-124
36
-180
-579
585
1742
1193
-98
-851
-582
209
-367
-927
-1018
-845
-117
258
413
379
-237
-484
145
702
601
-178
-513
-399
-111
-390
-446
-22
43
-89
-626
-763
144
857
565
171
259
752
965
551
-176
-603
-726
-420
-357
-134
-706
-626
-19
381
850
-102
-883
-989
385
1733
1448
161
-881
-804
123
578
-93
-1126
-1157
407
1743
1224
-11
-348
211
826
949
708
202
56
-213
-258
267
535
-13
-982
-676
524
1579
1107
97
-402
-6
1156
1398
342
-1225
-1472
-877
-77
-92
-588
-484
149
636
1018
451
-59
0
172
654
383
-85
-368
6
299
138
-937
-842
111
1234
1244
296
241
976
1638
868
-311
-965
-166
13
-414
-1077
-1007
-245
-74
-425
-666
-265
242
664
372
290
140
93
-212
-357
-150
-395
157
173
406
511
57
-245
-280
99
133
25
242
-2
-1095
-300
872
613
118
542
1183
1204
149
-479
-1073
-1737
-662
188
305
258
282
502
1224
1642
1381
720
-545
-1311
-1015
-649
-235
-928
-1441
-848
-252
668
594
-265
-656
-569
-25
172
-685
-573
-92
-101
539
1095
695
-594
-1474
-821
327
328
364
-482
-895
-122
289
491
357
598
890
731
328
651
142
-359
-363
195
334
-189
-926
-1608
-942
-365
662
320
-1191
-1435
-485
94
58
-58
-272
-276
2
1102
1401
259
-617
-876
-111
975
865
332
-182
-208
526
902
472
-133
-811
-937
-210
556
832
28
-736
-320
552
1275
939
-307
-582
585
1811
1061
248
-243
-311
178
-449
-710
-357
-405
-678
-767
-651
118
-66
-740
-857
-590
429
212
-358
-182
-286
-159
88
836
332
218
556
59
-28
-66
-3
-141
-356
-1272
-648
907
1660
1276
152
-61
431
790
761
328
-393
-371
264
502
-222
-637
-352
34
753
737
158
-453
-432
-649
-457
-539
-725
-700
-1425
-915
-777
-187
16
40
175
642
1085
449
653
327
169
227
365
712
618
374
256
-564
-1339
-936
228
822
76
-704
-753
223
-21
-99
-700
-822
-200
-1102
-988
-1244
-1148
-245
12
-462
-351
-407
314
1087
243
553
-45
-990
537
731
-967
-515
-368
443
910
-1225
26
1657
147
233
137
70
1566
196
-1153
-613
-373
-52
150
-810
-229
912
-118
-702
-181
763
919
-219
-744
-269
-55
621
112
40
1099
707
-55
-26
-3
307
809
-136
-669
-12
674
300
-43
-384
-509
530
254
308
318
-338
325
809
719
781
146
-345
-50
-211
137
-292
-1062
-370
876
130
-843
-559
-299
537
-990
-1319
2502
27
-1817
1295
-335
1312
1160
-3037
966
2514
-1155
40
-681
-835
2313
-335
-2194
1345
829
-137
-3
-1405
368
1669
-1074
-1529
365
135
674
-481
-1405
195
1245
625
-52
-306
-298
698
600
-39
187
210
-437
-277
-149
-104
544
-348
-1054
-269
150
473
224
-191
220
341
-674
-67
245
-48
453
335
892
896
-765
2114
2755
-1966
300
88
-758
2249
-1336
-1737
2631
405
-1323
358
-764
-186
509
-2021
210
1449
-899
682
817
-93
1183
604
-621
542
-239
-794
138
-351
185
964
71
-289
401
-135
-779
-1418
-1134
-658
-275
303
72
57
297
394
65
-131
-238
-173
-297
200
-22
40
278
270
407
783
1233
506
612
134
-534
-465
-625
-982
-1333
-1666
-589
-831
-632
799
612
768
1178
397
-671
57
-359
-711
-598
-1163
-98
786
353
113
820
1050
326
670
-517
-1162
-223
-1008
-895
-798
-1024
-784
-772
-824
-438
43
-44
134
456
525
639
854
774
601
563
-73
-54
-109
206
-146
-1023
907
685
-983
37
487
31
1026
-113
-1378
163
188
-833
133
409
-404
-55
-869
-370
1214
747
110
-13
313
1008
566
-208
-157
-84
234
456
249
-218
3
-135
-523
-311
32
203
-335
-147
229
-14
105
659
361
-33
-106
-4
417
743
391
-150
-276
-347
218
488
2
38
289
166
58
-179
-137
-45
-268
-385
196
156
40
145
-409
-790
-368
-33
-269
-248
-470
-776
-544
60
384
64
-230
256
305
-253
-570
-29
134
167
131
-295
-491
-280
74
176
185
-15
201
53
9
369
405
233
867
669
174
398
-119
162
354
330
111
52
-234
-439
163
284
491
22
124
184
-113
-268
58
57
-720
-796
-280
96
-8
-2
165
245
309
383
347
78
176
466
311
213
228
393
102
-95
-157
98
32
175
347
195
-47
-5
-275
-292
-59
-400
-371
-452
-163
210
306
82
37
109
96
537
116
-401
-243
-221
85
-227
-464
-370
-55
-60
336
176
-51
215
-123
-380
-355
-106
-167
-48
37
-150
-224
-104
114
273
109
-80
-317
-270
-49
-185
-134
155
128
302
118
-356
-68
-139
-209
246
-500
-505
78
55
-12
15
-169
-195
62
-106
17
202
285
296
34
10
197
-162
-285
-425
-327
-256
-192
1
-90
-60
-2
-53
321
125
-361
-208
-272
-280
-27
134
326
322
249
271
323
144
-155
493
178
148
435
5
-101
-59
-24
-125
-310
-86
239
312
63
-112
138
80
-72
-247
-27
-198
172
194
247
257
155
291
2
42
-101
-13
-163
-57
-351
-157
-283
-390
-232
-432
34
223
-53
16
255
468
615
153
-300
-281
292
271
467
368
305
571
701
468
133
-50
25
9
-358
64
25
-134
-192
-316
139
307
74
-62
-212
94
400
134
86
48
-386
-191
-152
-358
-305
-101
-54
0
-234
-566
-351
-150
-163
-119
-572
-1017
-499
-19
129
-16
67
153
357
371
339
264
331
180
-106
-65
-228
-67
0
34
5
-54
-148
-261
-527
-308
-158
-29
-103
-410
-268
-387
-168
41
159
56
-47
-263
2
189
419
371
110
-94
-490
-186
-217
-280
-192
63
-51
52
6
49
150
22
-38
147
260
349
671
297
521
880
628
405
516
88
-241
-456
-349
-280
-646
-99
-297
-349
30
-39
-64
133
137
-3
502
80
-246
119
-42
270
279
-77
157
-22
171
611
123
-122
214
-13
-125
-23
-432
-451
-173
-496
-583
94
-39
-49
311
147
598
475
184
138
241
466
24
96
14
2
-151
-308
-223
-99
87
-93
-262
-215
-218
-534
-331
7
-113
-254
-87
-3
151
38
-86
178
-171
29
214
-77
230
151
-42
11
357
403
-236
373
558
-531
155
200
-782
-257
-107
-181
418
522
5
35
419
-9
86
120
-524
-157
-24
-390
-401
-568
-155
118
241
-14
-1
-325
-893
-223
-417
-411
-683
-526
-23
22
12
-45
309
131
-414
-42
-517
-507
612
-61
-50
325
-250
430
535
11
309
-106
-115
-537
-727
-597
-477
101
272
634
610
-35
245
156
22
69
362
286
-43
745
512
162
-336
-287
221
-435
-1
93
-591
489
402
-79
97
-279
-482
14
206
-139
-8
172
9
-140
-111
80
-98
-130
20
-47
363
333
-160
2
605
317
192
-209
-597
304
396
-9
-117
-420
-187
374
761
561
555
513
-313
203
-104
-1539
161
-179
-348
1239
-308
-158
712
257
-52
-63
-296
-153
528
236
-319
-74
-119
235
624
-470
-487
-189
98
158
84
114
-191
286
445
482
-511
-533
484
115
55
99
-491
380
976
341
-173
-795
-417
75
350
-43
-465
-211
238
384
-114
-280
-548
-480
392
338
-253
-817
-666
-112
480
365
-597
-616
-643
-528
22
-274
-685
-242
29
54
333
53
-750
207
395
-566
335
-479
-351
975
235
-29
-220
296
575
703
246
-897
108
499
276
238
-768
-387
306
336
321
-79
-231
-75
500
388
-319
-444
-16
-217
-7
889
-316
-718
234
58
194
324
41
-276
314
104
-640
-130
-655
-592
318
18
-20
209
421
645
533
301
-178
-62
95
263
534
216
414
196
113
224
-272
-97
-264
-320
6
-71
-291
-286
212
-341
-534
855
-346
-281
302
-809
388
221
-335
6
27
-384
-639
255
-57
-103
590
-611
78
687
21
196
-502
-137
216
102
135
-279
47
-31
-145
585
-677
-722
976
-200
-224
784
-663
-84
710
33
-347
-111
58
-527
554
-90
-886
19
-256
-66
411
-397
-452
6
-150
-10
73
-62
-279
91
-51
-242
141
-201
-104
175
-174
6
21
154
67
93
-133
-296
540
-679
-253
628
-1257
361
129
-1001
602
-161
-200
-134
242
-248
-75
420
-692
138
277
-176
71
-140
-170
47
50
13
-86
125
275
304
39
-361
365
422
-1045
1474
367
-1435
2345
-504
-195
1410
-305
137
97
692
-933
400
478
-793
924
551
-147
451
764
-505
299
142
-682
106
-1
-418
-207
243
-338
162
-31
-509
404
28
-5
378
-65
67
245
33
-3
832
-216
-42
1528
-1015
488
647
-952
1193
164
-267
-57
134
-318
-143
580
-667
101
459
-346
-6
-153
-410
-120
-111
19
127
83
200
418
158
-339
636
253
-1652
1665
547
-1822
2125
-873
-688
947
-975
-564
-267
526
-1543
-446
403
-1218
-52
320
-394
-42
