17
-52
75
75
-140
41
-109
73
-42
-57
-59
-154
11
110
189
110
172
-13
-35
-41
75
-27
89
-104
-14
16
115
160
135
51
-181
-82
-286
-70
-137
13
-59
14
-82
-37
-76
-86
50
-109
-81
-107
26
14
64
-66
-15
-128
-13
-61
57
-25
13
3
-113
-58
-90
-122
-112
84
-12
122
-194
-195
-137
-27
65
41
61
114
190
186
210
172
106
70
26
104
142
203
306
162
108
198
53
75
163
54
86
51
72
30
59
22
35
145
217
50
-14
-59
-119
-16
-45
-101
-8
-134
-55
-120
-38
-91
-79
-86
-187
-160
-277
-172
-334
-191
-195
-71
-170
-92
-174
-61
-67
-19
249
9
74
-22
160
62
176
-6
-14
21
62
110
147
230
53
17
-87
193
123
331
291
183
172
91
33
111
-86
-59
-168
-135
-204
-257
58
81
133
103
227
105
103
50
68
27
79
-93
-35
-71
-33
-48
-98
-184
-155
-75
-70
-62
20
11
48
195
-16
212
34
107
-40
-95
-241
-285
-218
-310
-186
-265
-39
-20
67
7
170
186
218
236
105
110
26
84
-33
-102
-208
-154
-204
-282
-64
-66
-10
41
65
100
151
219
161
294
1
155
134
-42
-83
-307
-171
-221
-306
-358
-188
-22
288
334
395
304
275
230
103
182
-46
117
-134
-485
-608
-605
-524
-317
-273
-184
29
186
403
599
775
634
587
368
456
522
421
83
-347
-627
-678
-958
-875
-828
-726
-291
94
454
634
879
748
869
760
610
445
212
-247
-310
-596
-953
-1044
-1133
-1197
-771
-235
55
235
506
942
1025
1264
1334
1113
939
731
285
-57
-296
-504
-784
-708
-793
-821
-828
-598
-455
-222
64
393
464
496
368
251
232
124
142
-44
-78
-339
-253
-344
-411
-293
-339
-102
-28
11
85
124
232
217
249
69
125
139
144
-22
28
-267
-276
-271
-193
-96
-91
-40
-192
53
-36
163
127
82
-3
111
99
105
55
-12
-7
-45
-46
-59
108
23
103
14
98
48
-49
-120
-169
-66
-184
-119
-108
-85
-16
10
127
53
-50
-14
-43
21
8
-142
-103
16
-98
-191
-207
-21
-72
64
0
136
257
290
246
171
259
41
62
65
190
73
28
-10
159
8
74
14
69
55
32
243
187
143
-28
-20
22
78
98
129
36
-23
33
4
-13
-170
-382
-140
-80
-125
-109
-15
-97
-53
-89
-8
-110
-155
-159
-189
-130
-73
-57
-63
-94
-156
-220
-264
-112
-56
-63
-221
-131
-76
-31
-91
-60
-148
-99
-28
101
83
175
183
182
80
12
-65
7
9
23
162
63
93
-92
31
-64
121
61
105
113
160
177
186
157
79
48
-18
-13
0
24
-32
-59
-140
-160
-80
-57
-30
11
-175
-220
-206
56
-25
128
33
65
-180
-177
-97
-43
148
78
46
-215
62
6
42
20
27
-131
186
-23
-121
390
-28
47
416
-44
-60
273
-103
332
14
54
344
-31
240
30
83
251
207
99
339
148
-93
333
43
-139
398
-201
-48
320
-411
281
-236
-120
323
-318
134
-104
-222
189
-180
50
261
-148
235
-188
-315
-74
-343
-237
-136
-289
-246
-39
-236
-145
-144
-254
-70
-18
-83
-98
-154
36
103
-36
-19
-306
-132
-200
-273
-23
-160
47
27
-32
-96
-46
-55
-6
-23
-50
23
-90
5
-140
-198
-141
-98
-170
6
-142
-120
137
-89
238
68
55
159
172
151
-21
145
31
154
106
53
153
229
189
250
185
41
283
76
-46
208
48
8
414
142
-92
276
-187
1
379
-283
230
179
-338
179
-245
-220
465
-124
109
287
-387
242
60
-126
518
-41
60
244
-207
183
74
-205
176
-4
-77
162
-266
-147
-205
-229
-24
-161
-104
-109
-101
141
49
133
231
-130
117
-28
4
-46
60
24
-147
-40
-128
-137
73
-236
-223
-24
-170
19
-156
-162
10
-69
-110
-71
-259
-52
-67
-165
-59
-139
-228
117
-99
40
-33
-79
-37
-68
-13
25
167
-75
89
23
56
177
178
91
136
-131
87
-50
6
139
-91
-54
-112
-201
99
18
-63
132
-234
-8
-54
-137
-42
-110
-50
60
-93
10
-74
-154
72
-155
-110
68
-164
15
59
63
-27
-17
-67
-76
196
-70
45
141
-268
48
115
-206
319
-171
-70
113
-163
190
102
-223
-15
-124
-187
45
-250
-93
-138
-174
-128
-2
147
217
205
334
381
166
305
195
64
104
97
128
229
-61
119
338
-45
305
256
105
456
164
130
149
-92
145
97
36
-31
-103
76
-56
122
230
51
245
43
178
284
-10
239
338
10
141
172
-27
34
-54
-41
79
93
-314
41
-100
-383
107
-460
-143
238
-448
342
21
-484
405
-332
-1
232
-632
-4
77
-300
273
12
-146
191
-293
-98
-50
-493
-201
-59
-369
-23
-244
-312
-97
-303
-40
9
-40
16
1
-4
1
41
166
-23
40
-6
24
-184
-56
-31
-283
257
-227
-274
131
-391
-410
126
-441
-345
92
-406
69
136
-146
73
112
-131
259
146
1
227
-22
49
80
-8
-89
199
86
155
-8
11
78
-123
142
164
-35
109
192
-106
116
-110
122
289
57
340
106
4
198
48
115
253
37
113
173
84
19
2
12
2
148
-42
11
-41
-44
97
215
116
155
238
-186
99
114
105
115
5
96
-49
-9
88
42
275
163
264
127
-66
87
133
234
151
18
-71
88
127
48
116
26
-129
198
-153
53
7
-217
52
11
31
-39
221
-16
66
16
-50
48
99
4
-67
139
-70
68
68
-95
-78
61
-231
-193
45
-164
-153
-18
-107
-25
27
-12
-108
-98
-191
-64
216
-141
59
-102
-415
-230
-215
-279
127
-198
18
151
-326
5
-344
-307
-72
-277
-198
4
-288
-158
-306
-465
-227
-455
-298
-112
-30
-39
102
-14
-63
92
-9
-82
45
-11
-215
15
-209
-54
90
-141
-60
-53
-4
73
308
67
76
51
14
92
112
2
41
9
-79
278
258
335
127
99
-22
152
214
71
87
35
-7
183
134
160
230
12
174
6
-115
-11
-143
-130
5
-158
235
120
70
347
144
136
139
-40
145
49
-114
96
66
5
236
189
63
74
-108
-45
-102
-54
-94
63
87
51
26
-242
-12
95
-16
44
-33
-269
-95
-183
-279
-51
37
-8
146
162
299
408
145
35
-122
-235
-167
-123
-89
120
68
90
17
-126
-226
-150
-217
-110
-45
80
143
131
-157
129
159
-53
105
-52
61
23
-52
-130
-119
-534
-297
-223
-128
-97
195
95
-37
-60
-82
-152
-345
-356
-390
-199
-183
27
-4
35
-11
73
-89
-65
-117
-86
-40
15
60
211
120
44
-32
-206
-164
-76
-118
-139
-423
-463
-158
-478
-175
147
-10
150
250
125
449
135
-99
152
-145
-228
27
-251
127
172
120
413
315
101
193
-20
-25
118
-43
128
211
392
245
448
176
239
215
112
225
218
-17
-77
99
-186
-14
182
-22
325
376
201
557
312
19
229
4
-69
151
-203
61
163
-3
174
212
-5
109
-37
-183
2
47
-17
146
80
115
324
114
10
-80
-72
-185
105
-209
-283
1
-270
-283
-13
-214
-120
268
-170
246
160
-368
31
-263
-554
-120
-346
-159
130
-284
-49
148
35
99
-1
-394
-155
-303
-276
181
29
107
89
91
-85
32
69
-70
-30
-312
-470
-137
-230
-726
-133
-349
-243
377
-93
-29
83
-580
-197
-42
-703
-174
-336
-572
187
-83
-204
209
-140
92
345
-138
24
80
-295
139
97
44
291
64
-181
-74
-233
-123
159
23
-235
75
86
-393
101
166
-222
558
479
-17
830
-61
-157
567
-590
-122
330
-674
265
367
-191
676
186
-55
660
-99
-68
221
-417
-80
112
-93
100
186
-142
119
108
-43
274
131
-132
0
128
-475
67
181
-376
554
227
-172
776
2
-146
546
-794
-374
128
-744
124
336
-199
619
153
-274
455
-257
-79
188
-349
-126
188
28
354
429
8
274
18
-92
102
-53
-414
-24
-23
-663
-76
109
-486
545
386
-109
910
-6
-284
500
-700
-295
479
-775
35
370
-382
434
-30
-279
367
-536
-237
189
-273
-80
276
-195
52
226
-54
218
-69
-158
70
54
-441
-227
-44
-549
-320
38
-441
219
506
-176
666
203
-370
392
-420
-519
199
-513
23
456
-234
523
169
-181
189
-255
-142
121
-373
-166
41
-247
120
-49
-78
12
94
-13
-193
-114
-444
-560
5
-304
-585
287
-224
-39
836
9
527
869
-227
423
254
-582
451
-109
-361
270
-237
113
263
-257
59
1
-235
-12
-273
-199
-78
59
33
-20
100
135
234
350
241
248
12
-424
-85
47
-379
185
359
-71
611
289
5
912
-58
-10
597
-559
129
347
-414
134
255
157
707
191
144
181
-231
59
-13
-83
97
140
53
117
41
196
123
90
139
72
141
-340
-183
8
-350
-47
219
-189
414
517
-244
575
16
-143
404
-587
-438
42
-470
-38
-47
-269
266
-113
-127
-39
-374
-201
-114
-357
35
24
101
274
136
169
298
56
0
-14
-28
-176
-179
95
-97
-313
-116
-91
-168
310
-169
277
247
-297
252
-84
-696
11
-316
-141
152
-272
230
39
-63
90
-65
-265
-117
-531
-210
-190
-253
-113
-163
-210
-8
-64
-84
120
-124
-251
-250
-122
-326
-362
-325
-283
-124
255
-72
333
277
-180
116
-97
-400
19
-289
-288
224
-218
270
249
65
297
72
-115
92
50
133
291
163
181
100
154
251
227
165
145
140
-206
-118
50
-280
-116
240
-171
209
656
172
769
460
-68
322
-234
-380
93
-266
40
282
-134
231
335
154
588
203
-103
278
-212
9
94
-56
133
138
10
304
333
245
430
151
34
-41
44
-322
-25
99
75
442
135
104
372
137
91
289
-231
-213
-70
-154
200
187
11
207
-6
-81
511
-766
-875
370
-606
-370
299
649
45
44
874
77
-517
289
160
-867
-344
-115
-794
-810
-117
-170
-207
11
411
146
67
297
80
-312
-227
-221
-633
-399
-44
-379
-422
-58
-86
-16
-236
52
208
65
140
63
-298
-152
-177
-312
-474
-332
-300
-260
-85
-129
-16
-84
40
36
184
-17
45
-13
11
64
-112
-66
98
7
90
71
82
205
213
243
135
212
43
213
-5
26
-33
-41
2
-117
94
81
-8
-65
180
42
100
86
128
155
122
351
66
115
67
134
167
50
86
396
246
202
265
142
109
134
213
229
310
10
74
-52
126
91
74
175
148
-11
155
92
204
382
259
345
134
120
123
31
116
44
1
-123
-192
-102
-150
-89
-243
-68
137
96
-23
86
-168
-69
-44
-56
16
45
-93
-149
-215
-157
-245
-177
-39
-73
-96
-153
-7
-111
-31
-54
-70
-201
8
-127
-111
-197
24
129
-10
-65
-15
-156
-80
101
-158
80
-17
62
81
-34
56
119
-120
-24
-164
-318
-82
-170
-171
-167
-173
-214
-123
-109
-147
-304
-325
-63
-39
25
-169
-192
-133
-238
17
-258
-262
-217
-137
-113
-267
65
63
-133
-99
26
-73
22
84
-40
-17
71
97
42
42
168
58
96
60
-8
30
65
-5
35
55
22
96
76
126
221
364
355
320
128
59
263
-49
-121
43
-140
-23
-18
-73
65
179
102
288
187
327
382
425
216
165
219
110
150
-47
115
-12
127
57
193
20
56
92
-24
49
70
29
113
104
41
125
-113
-65
-279
-325
-79
64
-104
81
-297
-141
90
-6
125
50
-27
92
2
-133
-45
-147
-16
-244
-66
-132
-48
61
-21
-25
-32
14
-52
-108
-85
-103
-6
-64
-243
-272
-155
-91
61
-161
-151
-46
-321
-179
-175
-308
-245
-134
-303
-71
-139
71
0
-109
-142
-111
7
35
-143
-150
-200
-314
-219
-196
-56
-36
-68
-40
85
66
50
13
-4
-181
-28
-44
46
-134
-123
-173
-148
-335
-125
24
5
41
48
204
300
215
180
334
199
174
-74
204
-7
125
23
16
-30
101
12
9
181
85
291
253
184
100
157
78
143
88
36
43
-76
-103
-151
-165
251
69
99
181
241
273
326
402
293
144
282
266
110
149
-64
-99
-60
-139
-105
48
27
111
-28
67
-74
-36
136
105
43
49
82
-6
-133
-151
-257
-186
-83
-62
-36
-238
50
29
53
-23
24
142
86
-57
-57
-133
-7
-80
-313
-43
-257
-189
-103
-191
-126
-47
-56
-30
-36
-22
-61
67
127
126
128
49
-186
-84
40
-2
-36
-28
-99
-93
25
18
197
36
148
187
198
99
-60
-241
-42
-94
-71
157
-71
-18
-92
-37
-27
42
-63
55
-63
-168
20
-73
81
-33
182
113
40
-6
-104
-47
-60
-229
-236
8
-141
-13
-9
38
-1
-67
-177
-163
-254
48
94
132
223
57
66
146
53
-28
135
58
122
-79
55
85
22
-1
20
-58
90
-89
-101
-147
-118
34
