-244
-103
-167
-166
113
48
91
43
172
68
344
186
183
-134
-82
-212
-199
-292
-64
88
-57
-99
-223
66
-218
-61
66
4
18
-124
-182
-250
-136
86
-43
-20
-198
-21
-125
-169
-239
-239
-161
-374
-190
-238
-35
-173
-6
-290
-288
-195
-203
-119
-258
-201
-31
150
393
425
128
282
80
109
-165
-44
-66
26
-86
-23
56
-32
118
-95
-20
-74
-58
46
156
-38
162
89
100
125
121
65
317
-93
40
80
-129
-51
-20
127
-119
71
-32
78
-24
245
222
340
98
247
225
285
247
107
277
278
307
262
325
114
238
-143
182
-28
12
77
61
110
77
98
-3
-80
39
47
100
251
-25
123
-212
15
-3
147
210
113
247
115
156
97
41
-50
66
-58
27
-58
-143
-18
-188
-102
-118
-31
22
-106
20
-49
-260
54
120
109
25
-125
-92
-6
111
-238
-101
-62
-4
77
-8
73
-32
-79
-198
-204
-230
-305
-309
-149
-231
50
29
12
125
-7
-58
-276
60
-200
-63
-66
6
102
-104
-57
13
-101
-217
-152
-253
-121
-175
-263
-203
-92
-244
-233
-208
-256
-177
80
-78
177
79
-67
97
47
124
-111
100
13
-78
-151
53
-2
69
112
72
180
67
115
-100
22
42
-33
-87
29
-65
-90
-121
137
-31
7
34
-6
220
201
249
131
171
-76
55
33
11
-202
220
40
25
-2
-236
-108
75
154
-26
-22
-199
-73
-193
-13
-161
62
161
491
259
265
414
67
64
-2
47
-77
-45
64
231
286
228
86
-75
-92
-167
-48
-11
-153
111
-79
200
71
286
315
207
190
120
93
34
46
43
178
155
161
47
112
30
-38
-8
57
79
25
-100
56
-109
-93
-240
-39
-188
-60
-35
-147
24
-127
-55
-84
-68
-78
-191
-158
-70
38
-76
-66
-150
-190
-108
-163
25
-63
47
-101
-101
-122
-63
-166
-61
-288
-227
-276
-229
-64
-87
-125
-228
-88
29
-15
-140
68
82
103
68
58
-192
3
-65
137
-52
-45
-108
-46
-93
-47
-42
-210
27
16
-102
-180
56
-150
17
-237
61
-109
-134
-215
-64
-31
57
99
-85
45
-55
20
1
146
5
292
126
321
126
35
-50
3
-35
-91
-53
-113
-98
-130
-242
-181
-52
-58
48
80
191
89
237
269
321
161
179
79
206
247
201
98
242
130
129
170
139
209
222
236
147
262
348
282
160
83
87
-9
-66
36
123
217
197
242
100
249
157
246
290
399
179
288
308
275
252
114
26
-64
-115
-90
-91
-236
3
-90
160
4
-55
-94
-70
-39
224
57
-36
36
-152
-29
-81
-72
-85
88
-4
3
-268
-230
-310
-318
-217
-195
-111
-217
-162
-339
-223
-284
-201
-197
-140
-77
-71
-139
-160
-204
-377
-282
-361
-304
-455
-227
-101
-81
-208
-151
-119
-62
-186
-340
-257
-171
-114
-184
-196
-219
-125
-161
-95
-172
-69
-318
-101
-163
-116
-203
-245
-102
33
-71
-14
39
114
217
152
181
65
129
-121
-10
-167
73
-161
-30
-3
86
99
-138
-148
-123
-18
-19
219
318
500
266
145
164
299
282
249
220
146
140
177
233
212
170
214
212
-21
166
279
272
96
-14
-66
132
220
289
374
122
204
105
261
40
4
-105
-50
-144
-59
78
-24
8
55
93
-100
-18
-252
5
-309
-153
-90
-165
15
51
276
75
227
62
84
3
47
122
238
215
181
131
104
13
-48
163
74
89
78
157
-5
74
-100
38
-140
-94
-107
-39
1
38
26
17
91
81
238
-22
190
-51
-11
-58
-33
-257
-227
-195
6
-112
-188
-343
-320
-156
-335
-181
-189
-9
-11
162
139
74
-59
-103
-145
-71
-165
-120
-382
-316
-312
-119
-147
-184
-38
-82
-9
-47
-29
-10
-32
-1
215
37
121
88
187
110
170
70
125
-43
-106
-21
39
85
-18
-47
129
171
230
74
20
43
-12
36
-74
47
8
166
10
45
-26
93
-68
92
108
77
-36
-60
-51
45
111
-28
148
47
144
142
346
154
190
124
86
57
9
-43
-91
-52
39
-5
-84
41
40
-48
-12
-58
-305
-104
-17
136
65
56
16
18
148
161
111
89
212
-51
30
134
223
226
36
111
81
191
54
59
19
40
23
-23
-16
-34
-41
-55
-5
-106
28
97
233
222
131
10
103
-87
-14
-244
-272
-205
-272
-64
-159
-23
-62
-27
-173
-58
-63
27
-114
29
-21
-79
-84
-104
-41
-11
160
-139
24
-80
67
76
73
-49
-48
-71
26
-56
-86
-203
-282
-205
-338
-135
-255
-172
-313
-124
-23
92
25
162
58
-174
-19
16
-40
79
-194
-132
-180
-166
-71
-249
-192
-306
-52
-141
70
-130
108
-86
4
44
-34
66
-107
-97
64
52
97
39
-207
-13
-127
-72
-224
-231
-298
-102
-99
-36
-6
202
87
161
113
173
235
155
87
25
92
20
-83
-143
57
-9
102
-59
103
51
420
201
244
128
27
-12
-64
-7
-175
-33
-8
122
-134
133
-100
-22
-38
11
76
-92
-35
-146
66
-98
62
14
44
59
6
111
2
-5
-59
47
85
94
30
190
65
75
-61
-130
-125
58
-38
-133
-40
-53
186
77
137
165
205
140
174
110
117
132
85
81
6
-77
-114
56
147
186
56
120
118
140
37
28
93
-137
7
33
1
-134
-76
-61
-88
-78
-56
-156
33
-17
-1
17
75
-27
81
114
-81
-85
-299
-250
-376
-157
-7
-61
-30
-35
-213
-7
-50
-36
-233
-340
-308
-141
-148
98
184
240
260
4
2
-50
-148
-72
-18
-22
70
-37
-56
-69
-8
-130
-2
-168
19
26
127
23
152
18
131
44
-200
-21
-66
173
78
17
-43
-74
-216
-45
-105
-49
-189
-52
-221
-73
-75
-129
-223
-342
54
-191
-232
-25
-35
4
274
22
343
4
60
-61
-41
-7
-247
-57
-249
-4
1
178
-5
186
-96
138
-65
-105
49
-20
259
102
261
234
263
256
449
79
76
-208
95
88
282
303
159
309
8
140
57
363
337
427
215
225
355
176
375
227
248
270
-39
198
40
313
196
126
-51
95
12
-80
65
-1
107
-140
124
84
25
73
212
90
276
-44
196
90
-114
23
-115
-54
69
-154
38
-25
8
184
18
161
-109
57
-150
168
62
120
-55
-35
74
-144
121
40
97
-35
-26
-90
84
-193
-210
-212
-384
-177
-328
-163
-316
-204
-350
-217
-273
-415
-394
-329
31
-357
-112
-184
-71
-160
-117
-15
-58
-151
35
126
151
-28
-145
134
-37
-10
-129
-144
-217
-192
-293
49
14
-102
-101
-108
22
-60
33
148
146
58
-170
85
-1
-7
162
207
105
58
22
32
91
-114
-19
-34
128
-14
52
226
16
146
155
119
133
35
3
-155
80
-99
-44
-54
185
144
129
240
234
38
133
241
156
226
70
213
138
205
-12
203
104
196
114
244
207
194
129
204
242
39
14
-101
49
36
-23
-78
-148
-198
-132
-226
21
28
214
38
244
178
282
229
-124
-187
-171
-118
91
346
52
-69
-231
-107
15
-264
-106
68
-63
9
-36
19
59
-74
-247
9
-131
-45
-227
-307
-357
-244
-35
-167
-159
-233
-520
-464
-431
-376
-342
-338
-176
-267
-226
-221
-95
-326
-178
-309
35
-99
-294
-304
-350
-280
-122
-192
-28
103
-108
32
-68
176
87
16
-196
-2
-49
386
263
174
94
7
193
137
179
197
180
23
90
-173
-25
-136
45
94
58
-81
39
24
289
335
158
316
151
279
201
37
-75
13
28
56
-185
-184
-234
-330
-218
-30
60
6
49
54
186
102
178
321
221
225
152
197
222
187
187
305
339
181
289
167
269
170
192
198
71
195
169
390
355
407
177
190
90
-28
90
-70
49
-16
16
-97
-179
-142
-153
-92
-35
-52
26
-197
-238
-52
-73
-81
-214
-237
-423
-322
-331
-216
-179
-283
-60
-298
-262
-360
-223
-29
79
30
-231
-120
-54
137
7
38
63
206
-8
-122
-250
-292
-182
-100
-191
-130
26
-115
57
43
-86
-207
-131
-71
-89
-208
12
121
-75
-255
19
-127
25
-147
-38
-162
-192
-40
46
251
44
243
-125
193
202
-18
-173
14
-131
-138
-137
-268
-62
-329
-243
77
-31
12
180
-76
84
150
161
494
317
210
176
123
182
152
196
148
181
-86
-30
26
-78
91
36
87
74
-27
35
-45
-114
-90
258
-104
101
175
-89
49
-136
-47
-82
-161
-72
-117
-5
75
-91
58
215
218
46
62
137
185
-21
16
-155
50
-6
40
-142
13
-49
-132
6
-147
86
11
6
57
96
55
85
-55
106
-176
-65
-61
122
231
153
-17
18
-44
28
145
106
0
118
43
20
55
-211
-123
-155
-1
-65
33
-23
71
-141
-92
-201
0
-131
-51
-87
-279
-173
-440
-167
-223
-140
-351
-246
-14
-115
-133
-80
31
-55
296
57
-114
46
-101
8
-137
-181
-178
-57
-163
-14
-170
23
152
-151
-40
43
135
133
179
76
18
-83
-65
42
70
208
217
4
242
186
264
255
229
226
162
251
194
121
103
75
112
212
475
308
257
312
126
285
114
294
157
187
264
328
323
177
182
-14
100
16
85
72
-35
-107
108
31
-229
-25
-121
76
-145
-112
-115
-85
-72
79
115
-130
-42
-153
-192
53
-262
-278
-98
-328
-156
-376
-255
-260
-35
-97
108
52
-41
175
-53
-200
-150
-155
-122
-130
-313
-156
-245
-4
-109
-14
69
-194
-176
-164
-58
-139
-182
-213
-211
-251
112
153
-60
-149
-107
23
120
93
-100
-88
-173
60
78
186
70
137
108
147
172
-14
65
-135
158
70
39
99
3
174
110
-27
92
69
17
78
-56
76
-88
95
-21
154
450
216
542
38
175
284
361
320
198
193
55
279
35
178
62
87
12
52
9
114
-60
-40
-318
-219
112
-136
266
51
194
170
19
-57
144
-59
55
136
61
168
183
78
86
130
76
74
-99
56
57
96
-72
-192
-73
-373
-301
94
-191
-42
-18
23
70
-17
-287
-229
-292
-290
-90
-84
-207
-189
4
-116
36
-61
62
-327
-204
-95
-34
-109
-89
58
-67
43
-149
-60
-54
-47
96
56
8
-6
-102
-64
-67
187
-199
202
117
108
256
-106
22
-76
-169
-115
-138
-70
-85
-133
292
18
229
36
115
24
107
112
13
165
49
-54
64
10
35
-58
-72
45
-136
24
-331
-8
-223
-225
-141
-99
128
-35
120
-79
-70
108
-207
-181
-223
-159
144
-54
81
161
3
184
-15
158
-77
-106
96
178
145
22
54
240
232
385
252
-13
159
-2
210
98
224
-53
311
169
206
183
100
-9
179
135
-58
146
96
15
-147
-123
-386
91
-435
-272
-81
-65
-136
24
9
-58
-28
-70
63
19
91
-61
144
-14
325
6
146
89
-182
-147
-25
83
-85
199
-83
164
213
54
27
-117
-6
-200
-78
-50
-174
-83
-142
56
-142
87
-215
-124
-159
-457
-132
-170
15
-254
-95
-176
-137
7
-48
-86
59
-31
-34
-89
-119
-89
-292
-199
-390
-241
-17
-221
-239
-68
-151
145
10
204
2
215
138
151
314
-111
144
3
287
117
213
210
416
482
457
-40
127
197
-41
180
176
92
-191
49
37
70
-173
-50
-159
-71
-186
21
-27
13
41
18
-61
-102
-166
-202
10
-212
-46
21
63
-155
-173
-222
128
56
210
-36
344
14
-22
133
173
456
19
105
57
268
-138
331
-94
54
290
-24
102
128
-55
-96
-90
-362
78
118
-16
124
-62
-29
95
-121
-114
-52
-74
92
181
28
-24
-72
0
33
158
93
54
-252
-215
-36
-98
-279
-132
-135
29
-104
-172
-153
-126
-189
-175
139
-163
-122
-66
-72
-119
52
-117
63
-58
106
-14
29
26
160
203
116
70
57
226
45
302
155
17
-82
107
-20
84
-126
-142
-96
-185
135
297
32
136
55
-46
51
106
121
141
159
11
65
-161
-31
-41
11
1
36
29
-1
-159
-341
-409
-260
-158
-21
-105
43
140
48
197
-2
-102
-54
21
-188
-114
-137
-83
97
75
230
113
113
-47
-76
-50
-143
36
176
106
-41
41
-81
72
48
122
-14
145
-36
52
31
-190
-18
53
241
22
-6
-73
-149
-74
-15
-305
-92
-136
203
164
179
263
109
-10
122
-10
-111
49
-155
123
118
284
40
21
-14
-125
-110
-150
27
38
-110
-114
-4
317
154
-25
-117
41
-7
-88
73
207
-19
-275
-251
-243
-13
-265
-183
-187
-205
-278
-36
-117
29
-104
-178
-96
62
76
52
117
69
117
21
38
5
-42
-67
298
-72
19
-139
57
114
78
17
-35
110
182
37
-46
-20
-179
19
-62
142
-17
115
-42
23
-18
22
76
-62
-97
-91
208
39
-57
-86
20
11
106
50
-46
-35
-30
21
-49
-165
-157
