76
121
-113
67
14
227
249
-5
-23
-37
253
290
196
-82
-60
187
243
257
25
-30
104
154
281
114
-206
-215
-178
114
170
-100
-394
-388
35
368
-90
-322
-240
-68
163
-31
21
-28
108
184
286
363
115
83
267
-4
-114
-86
-270
-253
-205
-143
-54
-207
-221
-199
-82
-37
-244
-412
-444
5
127
-15
-236
-214
-68
61
110
-7
-43
244
388
414
134
45
-58
24
69
-403
-144
-43
-1
-175
-254
-311
-176
-177
-173
-97
-377
-271
-218
-154
-45
-93
-277
-188
-236
-211
-38
-88
-61
-69
23
-22
-7
-156
-292
-9
48
18
153
296
120
157
-13
95
258
363
500
138
276
152
388
561
326
110
38
176
225
447
327
46
-28
107
126
-111
-156
-131
23
105
-153
-291
-306
-18
-84
-352
-355
-147
-12
56
21
85
-34
42
211
95
-52
-196
3
-81
216
141
230
190
12
57
176
83
138
294
42
172
187
279
33
93
198
-93
77
68
-1
-12
-333
-316
-310
-125
-416
-454
-250
-335
-456
-630
-611
-313
9
-3
134
0
69
-34
26
76
70
275
261
83
85
81
240
204
3
135
184
393
287
318
322
355
247
158
318
285
266
270
125
-8
-94
4
216
126
35
-138
-86
-60
-52
-108
-65
-188
-238
-167
-242
-101
-116
-188
-140
-266
-512
-301
-264
-317
-364
-484
-439
-227
-52
-161
-236
-103
-15
-123
-67
93
306
614
216
53
184
342
479
356
346
153
130
40
165
201
159
188
-28
96
413
332
359
126
169
339
225
129
-41
-160
-316
-125
-334
-313
-305
-168
-170
-173
-163
-236
-205
-432
-301
-156
51
-18
-415
-385
-43
-15
-58
-86
188
176
249
163
-3
176
103
-81
-63
244
334
129
71
391
126
-120
-46
139
232
146
-198
-169
248
119
25
252
145
4
323
60
8
14
-37
-121
-401
-185
-139
64
204
61
139
48
78
-61
15
-45
-184
-104
-116
-159
-55
5
-367
-191
-177
-13
-246
-166
-72
-67
-124
148
168
-26
221
-70
163
117
481
222
153
78
28
158
109
241
3
-128
-142
23
53
-14
-103
-68
2
85
182
204
60
52
17
229
17
114
154
-21
-42
-83
-91
28
182
-75
-173
-197
-166
-134
-184
-329
-153
-295
-281
-136
-135
-183
-123
-192
-21
46
5
-12
-66
221
216
331
326
254
83
30
201
196
122
206
133
391
207
102
228
140
264
41
212
21
-59
63
-94
173
90
71
92
-60
189
160
-95
-229
-23
-85
-185
-130
-239
-206
-149
-71
-71
-69
9
121
92
-16
-205
-112
-172
-100
-121
-105
-87
-86
153
127
141
-23
-38
-197
-174
-112
104
99
-68
-2
252
441
322
70
-92
59
80
161
14
-94
-22
163
319
290
-15
-93
-21
-64
-122
-152
-196
55
2
-166
24
42
109
-24
-88
-316
-57
-12
-340
-226
12
184
109
3
-95
-66
126
0
1
77
11
174
21
101
23
29
16
100
204
13
270
445
185
114
78
-181
-89
-60
-108
-117
103
-125
-146
-197
-286
-83
-142
-288
-302
-138
-126
-72
-332
-329
-242
-49
-67
-31
101
110
81
-32
85
146
105
-4
290
199
-17
-6
37
151
191
64
40
126
-12
9
161
125
81
87
29
30
-76
-45
-89
10
-39
-11
-6
-52
-66
-111
-149
-198
-192
-235
-162
-155
278
71
-154
-148
9
71
-14
101
9
120
246
163
85
301
190
48
-4
69
207
200
234
300
373
65
-53
64
27
298
49
-31
-8
-193
-30
-215
-178
-87
18
-90
-301
-237
-26
-41
-620
-437
183
94
196
-187
-663
-117
180
161
-298
-550
-401
-265
69
61
-183
-180
158
217
-74
-172
-208
-31
66
194
-29
-247
71
87
187
27
-45
2
219
304
207
158
25
88
201
66
-60
-171
-189
-79
-210
-125
-62
49
43
48
-9
58
135
257
166
-113
50
312
89
147
132
-265
-204
118
397
-164
-128
-91
72
208
-219
-63
-24
142
365
410
115
-31
-27
85
333
433
305
126
320
306
259
272
161
126
86
39
496
121
-205
184
205
107
-5
-227
-251
188
64
-135
-161
-120
29
59
-302
-286
-151
-88
11
-6
-122
-35
310
278
-158
-8
268
-204
-138
-127
-388
-143
234
-29
-302
-420
119
292
-66
-225
-183
63
42
46
-217
-398
-238
-35
-228
-202
-358
-304
29
-154
-378
-293
-8
-6
-154
40
-96
-305
61
26
-371
-399
-299
-164
-51
-232
-75
3
59
-25
-11
-153
-42
112
-150
-180
-393
-245
52
270
-138
-549
-292
-24
208
52
-319
-12
-166
-154
263
209
-108
-80
-343
-181
703
18
-88
101
46
737
663
-219
157
745
426
187
169
-13
110
101
-83
-52
-134
164
229
59
-105
48
104
320
186
-8
-20
34
-307
-218
226
-143
-110
-126
-208
14
188
-16
99
233
122
98
171
-31
364
477
233
375
165
-74
153
324
-19
196
297
160
7
177
547
565
243
1
480
474
-92
214
-166
-546
443
622
-851
-702
187
-300
162
159
-553
-75
548
-418
-493
205
9
38
-263
-492
-63
176
-8
-130
-79
-167
8
150
-74
-67
-61
176
219
-11
-255
-27
147
-93
-163
-192
-184
-243
-303
-359
-285
-160
-270
-346
-317
-579
-211
-346
-593
-472
-371
-171
-528
-280
-11
-198
-285
-336
34
96
-333
16
136
236
160
-202
-287
91
59
-354
141
-20
-340
531
379
-971
175
480
-193
518
135
-107
677
597
-3
423
491
172
177
352
141
402
311
-159
-91
-50
79
25
13
-105
48
144
134
92
68
208
96
-198
54
178
89
120
-45
-205
-51
194
-144
40
164
-345
135
154
-126
263
177
19
84
448
101
-139
188
94
113
117
-206
59
376
-25
-162
82
-99
-197
221
-30
-161
-37
-345
-83
201
-106
217
153
-373
327
133
-139
356
-172
-205
78
-51
-218
-113
-45
-241
-80
-182
-289
37
140
-269
-271
108
-345
-240
-308
-741
-323
-34
-288
-280
-92
-302
-168
-32
-239
-334
206
-150
-29
197
-54
75
159
70
-102
54
-74
29
24
-8
78
425
161
-89
-20
-36
-256
-29
13
-78
150
-47
-109
175
67
-268
240
-109
-40
190
56
0
80
-187
-342
170
43
-185
315
375
-644
504
518
-742
455
151
-432
600
8
-498
330
224
-294
341
392
-172
521
344
-316
235
140
-388
307
70
-466
218
221
38
322
194
-73
192
143
-226
49
132
-155
108
-33
-186
-79
-106
-148
2
30
-160
-96
-130
-359
-231
-271
-416
-190
-123
-77
-197
60
134
140
108
-2
-135
40
-87
-263
240
-30
-166
457
170
98
648
26
83
544
21
-154
675
304
-288
440
169
-298
288
-181
-301
419
-167
-280
144
-159
-434
125
9
-317
225
-208
-356
71
-167
-200
158
-66
-306
188
-8
-232
93
-228
-287
-56
-161
-64
50
-17
-143
55
-34
-22
65
7
12
-18
-38
-70
-132
-160
-48
-55
165
157
110
124
130
101
227
261
33
56
16
-180
69
36
15
29
-122
-108
-123
7
-387
-60
82
-43
160
-53
-274
428
142
-541
302
147
-175
364
44
-242
549
24
-100
638
34
-105
476
-76
9
252
-79
280
358
-24
-122
133
-194
-151
149
-113
-56
76
-91
181
27
-152
5
9
18
89
86
-114
48
-123
-69
175
24
54
217
26
36
106
-189
128
243
-75
-88
-109
-229
-1
16
-183
58
161
14
64
157
-3
-171
91
-265
-227
37
-389
-210
-103
-356
-183
465
32
-301
37
64
-181
65
-109
64
258
-248
67
169
-257
-276
117
-134
98
8
-267
-13
89
-236
0
-23
-150
-29
61
240
-205
-451
-77
183
-93
83
13
150
84
21
180
91
-140
-163
-259
-105
-226
-390
-47
-240
-429
-401
-143
-93
282
296
44
85
182
105
241
12
-130
164
58
52
352
90
-141
335
-60
24
117
-144
74
242
-17
-124
406
405
-271
140
569
31
382
422
174
630
31
-114
608
-294
-195
220
-38
-37
83
23
-19
-185
-381
66
32
72
7
156
31
-16
-75
47
265
282
350
448
294
-24
85
51
241
72
74
-26
-131
-69
-119
91
67
-197
-115
149
111
-84
90
-52
58
223
-124
185
-50
-376
55
-77
-209
123
55
269
145
41
292
64
69
2
27
497
-753
-496
242
-921
-79
-331
-757
73
-647
-423
442
-193
-17
311
-63
40
285
-65
177
127
-242
166
40
-91
-100
-69
65
10
-83
147
-46
-64
-166
-98
-117
-331
-102
-89
-142
-84
-80
-99
41
12
4
-82
-157
-253
81
12
-58
64
-27
246
52
53
427
107
-68
-100
-319
112
33
-270
240
-184
-355
208
-371
172
-70
-173
821
-694
-353
944
-751
303
516
-574
944
-227
-491
654
-254
-329
445
-190
-124
126
-55
215
109
-242
221
248
-77
138
-199
63
-87
-230
69
84
-40
-13
103
47
-66
26
102
24
-316
-18
304
8
-124
-357
-179
0
-234
-166
9
-174
58
-72
29
149
-152
-39
138
158
181
165
-35
128
123
400
271
118
440
-274
-140
1029
-868
-527
1423
-1446
-129
747
-1348
993
14
-863
1350
-240
-341
1150
91
-251
515
-50
-111
456
-443
135
497
-264
189
176
162
63
-31
271
195
200
45
19
130
-55
-111
88
-209
-411
-170
-72
-365
-151
-204
-344
-63
-389
-2
172
-133
135
94
-70
121
-99
-45
78
124
497
331
23
-13
52
192
-111
273
223
-935
858
834
-1970
1200
599
-2328
1750
-283
-914
1852
-1447
-382
1076
-1416
-414
682
-1128
-698
305
-692
108
-162
-889
505
-470
-472
300
-498
406
-285
-579
470
-452
-28
277
-353
50
69
61
331
126
-532
1
197
-334
145
-95
-251
48
-208
-19
243
-116
-146
-164
-201
-62
-54
-189
-5
138
-106
176
-22
-541
324
40
19
739
-878
653
1000
-2048
1497
1192
-2600
1673
159
-1443
1925
-1004
-525
1547
-1292
-224
1747
-468
-292
977
-720
314
460
-1338
1130
-62
-951
980
-595
99
563
-334
478
192
-312
378
528
-198
111
181
-237
294
-81
-178
637
-2
115
531
-92
136
-10
131
412
347
195
63
176
-70
233
229
-97
334
193
-176
249
19
-335
63
-274
-613
262
-594
-511
966
-1656
-742
1678
-1973
-141
1234
-2013
730
205
-1327
1226
-77
-1223
901
293
-990
846
144
-360
1009
-412
231
873
-695
486
457
-181
132
-116
93
81
-303
-13
208
-181
-117
226
69
30
176
-101
177
-262
-86
39
-155
-70
-365
-43
-129
-295
-110
-530
-489
-326
-166
-277
-375
276
-101
-153
-152
-308
-393
-133
-125
125
-644
135
899
-1565
1036
1145
-2256
1218
31
-1854
1914
-1202
-815
1544
-1401
-312
1045
-543
-133
944
-413
293
617
-783
945
471
-585
1345
214
178
664
-248
477
108
-229
236
134
-412
143
224
-264
285
-42
-111
273
-417
-19
82
-224
253
-137
-209
44
-132
-31
34
-71
-118
-56
38
-329
126
148
-108
129
60
-40
-138
-89
148
18
12
1192
-495
-319
1978
-1045
304
1450
-1353
1233
251
-1141
1513
258
-369
1030
305
-347
626
408
-345
923
-473
-472
925
-1101
-183
250
-865
49
-264
-237
135
-281
-107
-17
50
-397
160
-18
-148
129
-479
-204
-137
-300
135
45
-220
-159
-273
-95
-458
-185
-117
66
72
-82
170
46
-51
283
274
93
87
162
171
-16
183
119
31
-22
1012
-715
-333
1452
-1346
263
1121
-997
1108
-191
-1117
1145
-485
-688
456
-57
-559
210
-172
-500
495
-689
-182
585
-856
197
122
-479
253
-614
-44
90
-422
82
272
-18
-97
109
-5
66
49
-92
115
-218
-136
159
-183
42
-253
-45
220
30
234
116
-69
249
95
166
303
-79
245
-24
-107
180
-185
-75
255
35
167
-9
8
-44
-19
778
-536
92
1267
-1202
294
343
-1217
1177
-646
-699
1358
-908
-246
1037
-391
134
418
-282
116
279
-855
337
369
-874
544
-85
-351
324
-283
125
353
-235
191
148
-37
56
56
-30
193
9
-46
326
83
29
128
3
-179
188
154
-177
-251
-201
-327
45
-76
-181
-11
-407
-124
235
-327
-280
-33
-212
48
-91
-128
-61
-139
-133
-109
-76
-109
79
13
-185
557
-348
-124
1067
-620
53
552
-829
921
-218
-891
1337
-414
-149
897
-389
-22
355
-363
123
-197
-776
251
-242
-738
38
-391
-410
-247
-361
-81
-153
-336
-86
87
-518
-109
320
-84
-35
145
-333
124
210
-209
153
-139
-266
188
-8
-141
4
-87
100
218
-50
11
231
80
223
-33
-4
222
271
180
180
-131
-277
67
-89
-53
18
75
180
129
-77
34
-47
136
396
57
108
175
-41
412
288
-5
218
-4
206
154
-154
-30
48
-195
189
317
4
99
156
95
29
-173
-187
46
-84
10
44
-64
48
32
-201
139
96
208
471
205
250
340
334
219
170
139
163
169
153
161
