-39
-12
-27
201
-45
172
345
-102
101
200
-86
66
-50
-77
-48
-204
-94
-54
-104
-142
-142
-185
-351
-266
-290
-305
-348
-369
-281
-197
-92
-137
-208
-182
-99
-64
-142
-250
-249
-170
-22
-86
-16
-78
12
156
212
380
474
464
408
496
506
536
558
709
583
464
375
410
521
369
482
350
248
216
100
11
-14
-78
-15
-23
-191
-1
-217
-235
-63
-115
-68
-80
-98
-184
-109
-140
-81
170
26
112
199
148
231
198
13
59
149
-6
43
-54
-3
62
82
98
25
-55
7
-44
-168
-38
-27
66
-1
-40
29
44
-1
-14
111
-18
78
26
-99
29
5
-23
70
114
-55
118
-64
-93
-39
-54
-21
3
-41
-134
20
-62
93
16
43
12
51
36
61
113
160
253
-18
188
63
5
224
-95
-5
76
-246
-134
115
-237
-209
-88
-360
-335
-423
-343
-400
-274
-340
-209
-247
-383
-147
-401
-213
-32
-281
-129
-235
-411
-102
-329
-335
-118
-327
-137
229
23
263
116
-101
137
-6
228
386
259
94
167
46
-6
94
-145
-243
-100
-183
-112
-154
-283
-173
-304
-220
-337
-216
-372
-375
-282
-237
-99
-312
-74
-90
-148
-49
-132
-91
158
25
103
11
-7
92
232
290
225
317
337
399
187
120
184
218
181
334
277
130
207
264
198
214
51
151
-108
-72
88
-300
-16
-139
-246
-141
-159
-204
-61
-305
-252
-24
-244
-10
-18
-142
115
20
14
219
125
277
441
440
375
406
284
396
366
297
329
345
479
253
232
267
132
90
188
154
48
93
131
7
10
49
155
133
-17
25
89
35
6
92
-139
-133
-66
-152
-143
-156
-70
-117
-247
-91
-17
-176
-131
-96
-99
-85
121
-68
111
82
-95
456
119
191
162
27
316
165
114
377
198
104
477
54
170
177
-171
58
-54
5
269
55
-42
50
-95
-54
0
-89
-26
-46
-214
-158
-244
-203
-209
-218
-393
-468
-336
-328
-344
-408
-259
-628
-485
-306
-471
-367
-356
-325
-267
-342
-231
-68
-182
-213
-67
71
135
2
-90
133
1
18
24
38
225
68
188
322
45
45
-25
116
78
-8
225
1
131
109
-109
142
-5
-246
79
-68
-53
185
-103
-42
-42
-145
222
-17
-45
125
-135
-54
-50
-155
-279
-76
-66
31
-67
-290
43
-23
-68
93
-14
46
90
-128
171
203
-38
266
222
209
463
335
360
280
138
296
380
363
419
345
172
316
319
379
467
179
-45
349
184
-149
350
121
220
507
99
333
381
-45
224
205
-257
257
-21
-219
476
-210
8
311
-379
-20
-16
-308
23
-237
-204
96
-546
-179
17
-439
-201
-249
-318
-163
-117
-288
26
-79
-276
159
-213
-94
-17
-228
92
-102
-9
51
-21
-74
-1
-69
-165
132
23
91
39
-20
161
40
23
150
162
125
142
87
167
173
-400
-103
90
-523
117
-31
-229
101
-327
-234
136
-344
-308
596
-476
205
238
-349
435
37
49
242
170
-314
237
-48
53
196
28
274
61
190
66
147
3
47
136
-68
-22
-178
-66
-157
-339
1
-136
-35
-157
-127
-72
-298
-37
-138
-147
-97
13
37
21
129
165
148
70
47
-86
33
-63
-35
68
-76
-115
-15
5
-2
-91
227
-39
-138
291
-53
77
250
163
49
408
-258
216
199
-334
342
-211
61
-78
-89
-84
44
-93
-220
228
-146
183
106
234
265
-61
-34
-97
69
-63
226
192
83
72
-191
-64
-171
-301
-150
-230
-320
-182
-65
-51
-115
43
94
44
92
95
76
85
91
64
-13
313
84
187
351
47
240
11
-13
-174
124
133
-130
44
99
-89
-332
209
134
-172
115
149
66
323
-50
136
403
-1
212
31
149
68
23
11
187
62
-176
312
-150
128
-29
-183
18
-308
35
-95
0
-280
-215
-92
-256
-134
-651
-10
-148
-163
47
-114
147
-141
368
196
112
73
75
130
-77
162
-29
73
96
-80
-183
53
-158
-206
-131
-401
-110
-208
-73
25
158
385
27
-217
682
351
-300
626
404
-105
150
277
150
339
38
152
351
143
156
-17
104
98
-29
-69
221
-108
-341
177
-177
-55
-161
-216
-160
-385
-379
-407
-130
-195
-39
-300
-76
-142
-480
56
-245
-315
-140
-203
-86
-278
60
30
-140
-228
-94
26
-244
103
135
109
159
76
-57
87
-82
-109
61
-127
-9
-28
-100
-101
-125
383
-127
-554
615
42
-742
297
326
-121
-96
137
69
-255
-124
-49
106
-321
-175
-234
-247
70
-413
-60
170
11
-101
45
150
-4
11
158
194
8
226
71
-17
48
-37
-133
-19
84
-191
152
-190
-254
6
-24
37
-268
-84
68
-59
18
75
142
17
152
238
111
295
90
225
390
476
376
289
135
216
275
162
-26
-69
639
-102
-786
593
285
-712
197
263
-129
-381
84
83
-179
-167
-150
-16
-139
100
-117
-99
238
-20
-6
270
-9
-296
-83
160
-83
-59
-24
41
-118
192
171
-164
218
219
104
127
253
-39
119
268
66
191
143
264
-26
117
143
-236
-119
-227
-153
-385
-337
-79
-297
-14
-26
-326
-307
-8
-112
-413
-214
-313
-127
-27
-93
-731
154
652
-1039
-620
794
-340
-1261
115
74
-538
-338
-62
225
-310
-328
-27
-265
57
-234
-361
-55
188
-165
-169
288
-57
-75
-35
93
-16
-31
395
-173
-39
207
-92
-88
-143
349
-76
234
157
128
510
-241
128
-10
218
174
-210
218
-313
-93
-317
-92
128
-290
201
-161
-28
147
-84
-170
-89
101
-41
-14
186
326
357
-189
-309
854
458
-1283
93
1220
-581
-771
332
499
-27
-138
291
487
-330
-237
176
-462
-69
-176
-512
-171
65
-84
-217
110
-132
-186
-143
-160
-199
-2
262
-278
26
238
211
-19
14
514
-7
141
-93
145
94
-236
252
-151
405
166
162
414
76
393
78
599
508
271
496
91
453
307
65
258
376
297
-64
31
19
344
183
-618
-257
920
122
-1229
521
704
-662
-528
214
267
-410
-449
-150
26
-652
-108
81
-426
344
212
21
11
114
220
-115
143
24
145
73
15
-25
43
128
-439
38
105
6
-215
-112
45
-183
-93
-171
257
-207
-26
210
9
376
-69
356
-58
51
224
-57
354
-155
122
-185
-90
163
-334
-152
-218
-183
-506
-499
-137
-236
359
-245
-848
572
782
-1340
-526
1266
47
-671
-87
925
110
-787
313
620
-790
-89
618
-495
-318
58
359
-229
-280
213
-54
-315
-268
-132
-568
-454
-529
-571
-253
-288
-62
-163
-62
-378
-207
-123
-504
-223
-366
31
-405
-117
52
-298
143
-214
226
-14
20
382
-88
163
-27
220
116
156
408
411
621
237
770
567
337
239
175
279
545
369
-605
765
1138
-812
-524
726
199
-446
-388
595
215
-644
20
382
-547
-554
161
-247
-283
-295
394
-102
-391
341
275
92
-123
362
96
-57
-46
17
315
-150
228
555
4
-52
263
245
48
5
113
257
-81
-70
202
-30
-52
69
105
-199
-138
218
-109
-102
161
219
4
-64
219
134
130
69
111
291
336
303
247
169
239
669
347
-711
501
1295
-457
-282
491
419
-363
-358
643
387
-439
-145
593
-538
-593
134
-197
-287
-365
58
-19
-317
119
67
-358
-201
72
-305
-261
-133
-174
-7
-166
31
78
-100
-12
-105
-92
-283
-60
-10
-85
-59
29
133
-161
-127
-176
-31
-198
-217
-176
-109
-285
-44
63
-148
-23
77
361
-69
-8
36
-201
-368
-276
-188
-194
-151
93
-97
-807
60
269
-655
-503
-37
100
-280
-94
285
233
-214
141
626
87
312
344
243
33
-29
97
231
363
139
174
113
183
300
17
129
132
52
1
-20
186
-8
37
6
-20
-55
-269
-191
-137
-107
-239
-253
-157
-214
-154
-261
-258
-278
-109
-14
126
7
-11
301
163
168
152
429
153
45
292
236
329
119
260
363
101
292
136
71
6
202
249
-316
121
173
9
-229
-195
-22
-306
-217
-96
-48
-233
20
-44
-81
-96
-128
129
177
193
89
87
-22
98
55
156
116
-16
-8
133
-6
25
232
110
103
-15
152
174
131
-21
38
162
183
136
135
142
38
-165
-132
10
-185
-153
-120
-142
-11
-9
-214
-306
-486
-402
-424
-524
-416
-349
-285
-241
-149
-166
-261
-51
-16
-79
89
207
-10
-232
16
-70
58
-6
11
-76
-175
43
-101
-77
-43
-29
-123
-100
33
78
138
203
166
40
95
171
46
21
-12
31
25
-52
-66
62
82
-6
-41
113
69
-96
21
85
51
-222
-46
-98
-2
127
-44
148
112
-30
-39
-142
-80
-37
95
187
-26
126
-7
32
-193
-104
-23
-135
-41
-240
-140
-168
-117
-319
-209
-237
-152
-6
1
106
-36
67
-34
-34
-102
59
220
91
248
122
-11
-86
45
62
-123
57
72
-65
-205
8
-102
-241
25
-45
-155
20
106
-19
8
114
41
2
163
159
230
171
186
141
180
297
235
121
53
219
138
65
82
120
60
28
83
-157
-305
-314
-314
-75
-193
-106
-45
-122
-129
-37
68
-132
-60
-68
-82
-51
-72
28
-3
-32
-160
-15
107
-111
35
33
-1
-150
-128
-76
-57
13
-60
-64
-118
-6
-45
-45
64
203
166
125
358
349
215
244
438
69
43
160
37
196
182
214
98
163
198
265
200
309
350
211
275
348
349
144
197
12
31
60
39
-12
-111
-17
-170
-62
-101
14
-114
-248
-120
-349
-217
-91
-117
-266
-332
-169
-160
-130
-50
-127
-66
26
65
-48
-50
-39
-220
1
-64
-164
114
25
49
132
106
-19
212
223
111
86
11
54
-46
49
-230
-34
-118
-117
-63
-131
-97
-207
-148
-206
63
-34
-71
-121
-269
-169
-243
-256
-234
-111
-3
-28
-40
-52
72
-15
80
80
238
103
-15
61
-115
-6
-268
-61
-49
-287
-278
-45
-134
-127
-61
-52
-18
-234
295
-323
12
276
-232
91
-29
150
-62
230
111
264
174
-112
407
-206
-29
36
-70
94
72
74
-125
64
-85
-33
-99
-252
-107
10
42
-139
-71
27
97
-48
23
200
-206
-37
8
-45
225
61
-25
60
169
-49
16
180
30
198
179
-29
268
291
139
217
130
255
195
209
154
236
151
7
474
189
416
369
104
325
243
321
440
276
165
282
203
214
154
237
-120
76
-41
-433
30
-185
-198
-11
-280
-296
-316
-356
-217
-335
-396
-224
-370
-239
-196
-197
-31
47
18
-258
40
-47
281
53
16
143
-23
15
-112
332
-224
17
129
104
24
-42
-29
-378
115
-101
96
122
-192
133
39
99
11
-9
109
-254
104
-26
-243
19
-405
-191
-389
-239
-156
-334
-37
-434
-78
-269
2
-161
-94
145
-184
259
-119
149
-98
251
-15
73
168
-15
276
-146
444
-203
350
353
73
311
182
367
115
414
27
226
-163
-111
-98
-212
10
-610
-66
-467
-101
-334
-212
-65
-668
-277
-862
-299
-439
-351
-382
-236
-209
-321
-69
-324
59
141
179
118
231
212
326
134
301
402
216
438
425
303
488
483
336
386
311
271
312
288
263
82
378
438
-2
380
-74
217
136
-106
-5
-309
129
-236
107
-171
-267
50
-282
2
-285
63
-379
-250
-111
-304
8
-228
163
-7
24
209
116
168
263
-11
433
-63
172
192
-155
419
-274
153
8
-128
-11
-279
82
-3
-111
-145
-139
-238
-347
-194
-183
-86
-104
92
-79
70
74
-115
292
47
410
294
178
304
118
456
150
434
264
73
392
235
421
83
60
81
-2
58
-187
-61
-265
-383
-382
-336
-264
-516
-304
-640
-436
-444
-357
-293
-207
-211
-324
-60
-224
171
-290
226
-17
119
-40
90
137
-155
478
-304
430
-313
-50
337
-128
495
-134
359
183
-237
383
-194
95
156
21
180
-7
269
2
169
63
-108
16
-199
118
-122
-224
145
-251
138
-43
49
-35
-302
-121
-426
38
-398
-52
-354
-316
116
-321
159
-319
63
-252
19
-33
75
212
-142
457
28
609
0
508
327
184
363
31
299
-191
191
-29
102
-12
295
156
90
287
-64
238
-3
-28
74
102
-140
-29
-15
-426
249
-155
-66
16
43
211
-312
183
-161
77
-312
190
-64
-160
402
-230
570
71
470
295
116
432
64
640
126
414
470
68
417
41
407
-225
106
75
-326
214
-217
-149
-90
-84
-494
-50
-348
-123
-144
-141
-219
-300
-271
-405
349
-392
161
-174
38
147
-250
195
-100
129
-124
-112
33
47
17
268
-83
-32
11
-199
164
-188
-71
23
-51
167
-159
68
-209
22
-97
-96
-31
-363
167
-639
-46
-447
167
-373
-201
22
-348
115
-468
367
-682
192
-256
116
-83
9
137
-214
278
-323
448
-228
295
-100
138
212
53
339
-40
196
24
167
-96
-190
59
-45
-41
-119
-44
-46
-229
-108
-406
-282
-464
-257
-233
-157
31
-165
-12
-188
156
-117
19
19
-12
