-99
195
-185
-583
90
20
-501
-173
456
-285
-502
292
93
-469
70
435
-275
-90
341
-146
-328
458
246
-374
6
448
-117
62
405
-119
-259
149
112
-318
-10
137
-257
-192
12
-295
-366
-124
-76
-250
44
185
-188
50
342
-85
-254
120
83
-137
59
142
-204
45
128
-212
-42
96
-125
-440
-25
32
-593
-667
-179
-225
-640
-119
189
-393
-285
302
-71
-476
185
156
-293
-16
180
-363
-448
194
-114
-306
243
293
-111
208
561
356
375
761
479
140
440
225
-151
72
260
-106
-110
99
-7
-87
74
132
57
151
133
-136
-93
16
-66
-142
204
25
-74
37
84
31
-56
256
161
41
-83
-198
-47
-38
-443
-211
11
-239
-343
116
-182
-375
53
135
-161
-74
267
-292
-280
165
141
61
411
264
-212
117
471
107
-31
297
189
-146
180
414
-126
88
396
142
110
386
163
-102
209
247
-68
145
270
35
58
257
269
58
394
267
-77
50
301
0
40
87
147
-77
18
11
-274
-88
-391
-610
-301
-51
-453
-333
-48
-397
-481
150
31
-265
210
368
-97
-165
199
-223
-377
114
9
-385
-182
110
-335
-130
248
-22
-234
202
163
-26
147
392
31
66
249
176
205
364
348
21
198
88
-16
-31
120
-163
-216
-238
-86
-207
-31
-206
-255
-281
-378
-323
-152
-28
-160
-20
-27
-56
-197
-83
-394
-168
34
-36
-382
-134
-65
-396
-335
175
61
-164
161
111
-54
119
248
-163
51
121
-66
-126
165
-47
-241
65
95
-114
6
260
8
27
385
324
147
384
356
205
251
152
134
247
371
197
205
269
20
192
184
-41
-5
154
-1
-150
-26
-75
-83
130
95
-114
-84
35
-131
-198
69
-28
-332
-209
117
-31
-121
281
369
-66
69
320
-46
-41
411
68
-186
218
235
-138
8
0
-237
-14
339
241
-28
330
376
165
340
462
55
44
210
-93
-80
167
-214
-283
96
-209
-337
63
-24
-311
155
72
-530
200
330
-279
-212
384
-163
-537
146
-26
-441
-166
-105
-560
-406
-202
-533
-610
-162
-375
-694
-275
205
-536
-432
82
-73
-399
19
310
-311
-251
151
-230
-417
64
-156
-442
-204
105
-433
-207
98
-268
-312
401
289
51
301
320
178
281
521
-18
145
316
107
134
433
-4
-162
192
-57
-423
102
-124
-551
24
203
-225
-133
358
18
68
382
253
-77
265
360
55
126
348
11
18
190
-67
-314
32
142
-383
-132
398
48
-178
441
442
-86
131
515
72
128
323
109
-250
140
398
34
88
395
13
-61
284
190
-49
183
255
-48
236
152
-88
84
220
-36
41
96
-96
18
349
94
-62
118
-96
-332
114
-37
-339
68
40
-252
-163
-7
-370
-441
-203
-383
-548
-211
-268
-292
-112
22
-597
-429
267
-127
-506
6
297
-430
-177
397
-48
-659
96
40
-631
-167
27
-623
-621
101
-315
-586
-61
-232
-596
44
68
-425
-108
299
109
103
496
128
-66
311
263
131
363
207
35
394
302
-120
50
210
-330
-153
144
-282
-232
130
-104
-278
221
72
-298
-5
229
-130
58
196
-39
14
314
82
-318
81
570
93
-141
354
300
-25
154
663
-26
-93
486
362
-169
331
379
-276
-163
298
22
-213
414
229
-102
445
465
3
229
395
47
207
417
-77
-55
158
150
115
546
234
-160
461
340
-267
214
372
-357
-251
380
-176
-456
269
101
-517
-11
186
-220
-58
308
-181
-269
73
-295
-247
99
0
-557
-397
129
61
-352
-109
326
6
-296
351
279
-403
-95
328
-234
-443
74
-64
-600
-118
39
-454
-148
250
-153
-119
230
-26
-164
181
140
-231
43
-11
-278
-291
-153
-244
-216
-110
-126
-43
-5
-181
-110
-156
-387
-351
-93
-259
-408
-108
28
-266
-180
50
-248
-125
35
12
-358
43
104
-202
-71
139
5
-394
-212
220
302
-253
-180
490
432
-226
521
698
-195
-105
841
86
-533
384
149
-714
19
864
-58
106
899
406
-91
424
375
-245
142
615
-4
128
526
333
-108
234
401
-46
249
480
285
138
298
238
32
87
232
64
-255
48
-36
-252
-58
178
210
-11
152
210
-41
-66
-18
-199
-138
43
174
-227
-416
-302
117
235
-582
-534
585
134
-818
300
833
-519
-338
838
-147
-1063
385
273
-892
-104
653
-521
-433
677
16
-454
274
400
-445
-219
227
-358
-567
124
4
-311
-40
215
-426
-337
49
53
-386
-203
-20
-378
-359
-113
-139
-289
-130
-24
-247
-312
-64
-138
-212
-54
23
-278
-60
-67
-227
-273
153
-52
-45
-43
-161
-117
574
122
-564
201
696
-499
-401
985
-67
-680
284
536
-701
-3
684
-141
-514
657
260
-235
342
711
-111
-243
421
-123
-273
88
194
-295
-68
17
-109
-328
107
43
-96
-38
168
-49
18
137
292
139
194
332
126
199
387
341
104
231
127
239
82
126
-137
-170
-161
-12
-153
-12
-31
-8
-51
-267
6
295
39
-448
171
576
-234
-345
460
21
-500
166
436
-540
-326
696
-42
-599
80
178
-409
-84
471
-12
-264
222
224
-284
-191
28
-69
-332
-56
-77
-150
-67
58
-223
-194
-29
-144
-164
-121
-18
-93
-94
18
-2
-11
37
40
67
16
49
81
102
-207
-70
62
22
-64
128
87
6
-37
188
-134
-131
510
480
-585
-277
996
223
-725
394
770
-590
-273
574
-256
-982
306
238
-666
-357
442
-209
-370
91
81
-491
-54
571
-144
-244
244
266
-294
-64
148
15
22
313
-78
-81
129
320
52
-9
133
133
107
97
99
131
77
31
18
-36
98
81
170
43
94
16
182
-131
-21
35
102
17
-99
-359
-447
441
116
-967
-457
1007
203
-867
449
1200
-438
-218
1092
34
-861
402
669
-737
-397
667
-21
-628
176
317
-539
-217
556
153
-243
284
203
-294
38
439
93
-189
201
-17
-398
-235
-7
-184
-296
-16
-23
-215
-52
-68
-213
-357
-146
52
-149
-89
55
-90
-245
-48
137
8
68
379
221
166
260
192
-285
-48
525
64
-709
225
1064
-291
-612
818
714
-580
195
871
-275
-494
758
497
-776
-238
546
-312
-459
419
262
-502
-161
477
41
-340
18
380
-251
-245
438
448
-75
37
345
85
-3
436
363
-322
-77
403
-52
-466
163
214
-256
-114
216
-42
-171
43
74
-331
-80
7
115
-77
-49
177
-113
169
165
177
-114
165
373
-12
-259
144
387
-219
-195
426
102
-336
115
263
-109
-89
256
-12
-618
-168
58
-255
-213
40
-205
-557
-207
-183
-575
-583
-223
-191
-287
-146
11
-33
33
222
208
89
85
179
-31
-55
172
42
-115
38
65
4
-14
148
29
-230
-180
-121
-61
-257
-69
-205
-143
-91
-4
-124
-22
74
30
72
4
131
-2
-9
-74
63
81
-6
-2
168
84
-29
-61
118
77
-79
-1
-87
-115
26
61
-151
-234
-52
84
-80
-104
-93
-128
-113
17
-33
-224
-122
-88
-20
-21
5
44
23
-10
37
95
223
380
344
438
429
349
368
246
235
333
320
247
280
170
70
253
188
-13
-17
83
58
-145
-106
1
-126
-45
-6
-98
-174
-112
54
53
45
165
14
-44
83
-29
-86
-14
-30
-189
-232
88
-97
-242
-27
-163
-227
-240
-167
-208
-162
-190
-203
-68
153
178
104
-5
39
37
127
149
11
64
-20
-207
-253
-54
-232
-253
-293
-296
-365
-202
-252
-341
-325
-342
-284
-370
-283
-189
-168
-64
33
22
37
-47
101
-15
-95
-92
6
-23
-58
82
1
-125
-73
9
-158
-194
-54
-111
-28
15
6
0
-66
64
101
-5
121
144
0
39
127
270
87
131
217
91
-29
119
64
-99
-80
52
99
26
49
149
186
111
83
111
128
112
94
82
67
181
226
119
202
229
298
121
157
101
143
79
76
-15
40
63
78
271
240
219
49
73
216
281
332
293
177
146
86
103
75
172
-91
11
-122
7
-211
-225
-71
-372
-323
-339
-195
-232
19
-105
-41
-50
100
-47
-179
-177
-344
-355
-209
-144
-251
-127
-118
-217
-206
-112
-56
-157
-258
-119
-173
-208
-221
-2
-100
-1
-64
-58
-86
-11
-126
-170
-123
-79
-79
-213
-77
-178
-147
-173
-82
-94
-101
-30
44
-28
-43
75
263
160
257
190
202
259
263
270
245
278
293
89
58
218
113
37
-20
5
-89
-215
-71
-126
-262
24
-92
-95
113
7
14
151
79
-13
106
167
183
208
315
346
322
365
144
134
-87
3
-107
86
176
113
98
-39
52
106
182
186
232
162
403
250
-18
42
186
197
281
154
139
-1
111
61
-14
56
182
141
-1
113
35
96
71
60
136
-6
-2
91
32
54
-49
-47
-140
-87
-36
-116
-376
-272
-262
-259
-267
-198
-229
-219
-248
-250
-166
-204
-200
-101
-97
-192
-95
-169
24
-139
153
96
35
82
74
-70
-239
-203
-241
-287
-210
-193
-274
-263
-128
-193
-230
-33
-25
160
29
76
44
96
3
128
162
153
75
133
40
65
9
-52
-74
-18
102
-13
33
-45
22
43
49
127
72
-161
11
-88
13
-80
26
-114
-162
-17
-15
5
-71
-131
-70
-19
10
26
18
74
18
15
12
120
114
160
-40
91
195
94
230
247
117
-6
90
50
-66
231
326
309
256
353
291
353
370
219
134
276
266
120
89
83
104
114
229
6
17
37
116
-47
-112
103
24
144
225
96
70
137
81
-18
73
-26
-202
-128
-85
-127
-42
-116
-192
-155
-180
-123
-31
-18
-147
-216
-293
-272
-133
-108
-168
-299
-62
-140
-200
-98
-94
-180
-62
-88
-254
-111
-116
-105
-163
-12
-105
-158
-59
-66
-133
126
100
29
203
178
96
67
208
39
-155
-231
-134
-265
-164
-8
-79
-127
-74
-82
-286
-3
-64
-127
-191
-22
-67
-175
-80
-157
-291
-279
-72
-170
-231
-156
-93
-165
-192
-200
-106
-116
-68
-279
-98
-155
-33
-52
164
181
57
158
-56
-46
2
287
155
226
160
274
96
301
106
215
115
77
178
32
139
20
137
99
191
102
430
208
227
207
379
236
205
198
158
185
193
252
91
133
62
181
-138
-48
23
100
35
0
52
365
234
190
181
97
170
-84
3
-20
204
37
-69
-23
-58
-105
-124
-130
-238
-189
-150
-149
-141
-131
-211
-140
-141
60
51
29
45
-58
-24
-85
66
53
-75
-122
-162
-129
-170
-256
-125
-129
-68
-210
98
111
39
80
82
36
-167
45
-10
-189
-159
11
-155
-136
-286
-206
-122
-122
-298
-169
47
-182
-150
-166
-28
-150
-66
27
-105
-104
-40
-24
-42
-61
59
146
-44
-18
-80
-44
-175
-176
-26
-6
-94
-213
-279
-119
-121
-2
-57
-81
-45
-138
86
1
202
219
244
238
352
317
152
64
125
95
156
364
431
259
208
190
93
315
318
273
256
399
393
219
335
463
422
265
63
13
-5
117
-88
-97
-14
-95
-53
99
34
194
203
5
21
56
106
62
26
-12
58
-17
41
-112
-216
-206
-246
-374
-411
-269
-372
-415
-385
-155
-244
-135
28
-71
90
71
132
9
103
107
104
145
232
82
7
56
-94
-114
-69
-42
-52
-74
-157
-95
-180
-133
-173
-187
-72
-179
-83
-63
-126
-150
-115
-108
-205
-138
-132
-242
-513
-314
-221
-336
-245
-211
-282
-184
-4
-88
-217
-122
-77
-148
-108
104
1
0
115
-16
-55
44
77
-53
-29
-30
26
-37
20
139
79
2
-83
9
84
52
112
185
252
204
169
144
194
255
259
184
145
242
173
-9
88
205
224
112
74
194
132
211
177
238
174
156
308
219
108
145
149
20
-56
72
125
-16
-38
-82
-22
-156
-102
-145
-124
-55
32
44
-61
66
128
50
79
136
154
104
46
0
-184
-125
-39
-77
-95
-39
-44
-99
-206
-12
-22
-79
-16
108
152
78
132
181
105
262
229
286
234
136
178
51
-31
-38
-22
-176
-50
-113
-104
-117
-67
-15
-177
-75
-32
-74
-149
-100
-86
-193
-183
-116
-152
-197
-143
-158
-201
-245
-329
-379
-141
-68
-109
-162
-65
-238
-152
5
338
-68
-79
137
-167
-136
-27
259
-110
-210
-105
-26
-257
-155
78
-61
-176
180
40
-50
-86
31
-2
41
101
91
-57
-60
286
87
189
92
204
45
88
59
-23
-117
7
100
39
-18
55
62
-24
46
116
187
58
74
11
-58
-113
-11
-169
-76
-37
45
-94
-53
16
-71
-159
-5
157
137
140
23
182
223
226
275
302
187
177
96
61
-8
128
114
90
-16
15
-67
-194
-273
-314
-114
25
-29
-21
-15
-142
52
50
-23
-5
70
142
123
106
224
44
68
76
-36
-22
86
22
-144
96
205
86
90
134
-301
-198
324
-59
-320
19
90
-424
-38
548
-51
-360
381
430
-299
129
571
-98
-632
-12
130
-386
-190
318
-82
-234
400
