-273
-400
418
-215
-311
60
-324
-124
-207
-106
181
90
-21
248
504
77
121
18
75
-60
-85
-144
-72
-256
-399
315
-130
66
469
-102
325
610
165
211
156
-81
13
180
-278
227
208
-573
74
18
-295
128
-12
-31
481
-162
-71
60
-350
178
-39
-270
-90
23
143
154
-103
105
264
-214
358
307
-342
151
3
-125
157
96
-204
96
33
-342
-26
-36
48
57
25
56
223
151
-123
38
40
-21
-72
-299
322
283
-161
333
179
-101
166
-375
18
9
-445
-5
-168
-233
-167
52
-105
310
-27
-64
177
-103
-110
-51
-150
-12
32
-137
208
-170
100
109
-173
-93
367
119
-171
524
2
-328
268
-1
-591
-259
78
-632
-31
322
-508
133
134
-3
-94
119
-17
-120
239
48
-112
-62
-125
-161
59
-237
278
-309
-51
188
-56
240
48
127
104
2
179
455
-234
457
128
-593
-163
-13
-156
17
90
-73
136
-20
-291
270
-47
-287
329
-105
196
-195
187
89
-96
90
-55
337
-67
-23
141
245
193
-67
70
276
108
202
146
33
-115
237
-201
90
279
-92
376
-34
169
82
107
112
-146
184
253
-75
49
-109
-6
288
-153
187
310
95
330
435
101
333
537
-308
620
225
-477
308
-293
-184
144
-255
-142
181
-539
52
-70
-493
175
-86
-242
22
-465
-394
113
-155
252
-55
-12
86
217
-266
-131
534
-15
-6
1
50
-363
163
-400
-216
175
-515
163
-89
-253
-45
56
-616
359
65
-438
392
-576
-79
39
-363
-39
-73
-605
22
59
-589
30
-157
-521
26
-116
-632
583
-135
-383
671
-400
-255
640
-363
-631
722
-374
-336
454
-510
-134
251
-622
-125
591
-569
166
410
-716
394
329
-481
538
125
-659
135
-236
-615
366
-131
-382
538
-221
-403
436
-68
-94
699
17
-139
592
-346
-245
472
-329
-37
497
-219
113
359
-340
214
143
-482
247
269
-362
413
298
-269
376
216
57
517
264
106
557
78
-63
282
-57
-10
328
41
-195
317
68
-47
444
15
137
388
-23
136
260
-90
-20
162
-151
-32
115
-140
141
235
-53
301
185
86
427
92
-15
-10
-60
-154
-64
-67
-303
144
29
-74
377
107
97
337
110
48
165
-68
31
-104
-313
-37
-90
-171
-39
24
-208
56
-48
-295
100
137
63
37
-44
6
100
-119
-118
3
-223
-29
-199
21
134
-83
-76
-194
-77
-187
-23
-58
-151
-79
-49
-214
-93
-44
-140
-12
-148
-43
38
-256
-311
-141
-43
-116
-91
-132
-125
-123
-298
-65
-29
-38
33
90
73
-17
-75
-142
-8
9
-151
-96
24
-77
73
-58
-88
36
-16
-96
-117
44
-294
119
82
-236
228
-54
-118
-9
-94
44
36
-49
162
235
169
466
252
29
204
57
-35
147
32
-349
142
497
-26
204
275
-325
549
167
-599
181
-210
-492
-162
-287
-648
139
191
-83
542
57
102
655
512
472
604
427
140
289
82
-299
-23
-215
-265
123
-240
-151
481
49
16
279
-131
-169
510
89
-452
343
76
-232
195
81
-199
623
408
-337
402
-136
-330
153
-441
-424
140
-9
-28
268
-145
157
427
284
495
472
413
542
273
-35
52
-135
-279
-458
-188
-132
-233
157
134
-6
-116
-189
-57
-152
-101
-352
-641
21
68
-251
132
-112
-40
739
93
-99
453
34
61
130
-373
-176
305
-176
-175
114
-196
126
198
-186
146
109
-150
151
-231
-268
-162
-272
-628
-335
-232
-624
-50
6
13
211
-326
-322
380
-419
-93
71
-871
187
299
-579
390
141
-394
884
281
-473
482
-48
-347
186
-661
-648
212
-485
-572
386
-412
63
598
-252
219
539
-133
123
434
-241
145
346
-444
-54
154
-512
226
299
-161
663
-15
-556
565
69
-150
879
-445
-88
1359
-401
403
1010
-623
627
739
-990
277
225
-1033
150
-432
-1047
399
-18
-926
427
-153
-417
817
-234
-5
950
8
47
680
-388
-67
461
-496
146
482
-550
68
375
-425
476
345
-687
625
578
-528
697
5
-791
1152
-117
-637
1219
-437
-30
1116
-867
-105
909
-650
-13
308
-1039
61
186
-972
213
155
-483
562
-3
-632
603
153
-545
558
-84
-146
585
-447
-304
196
-627
-395
213
-632
-103
579
-532
-228
188
-296
-147
47
-385
-393
365
34
-157
537
-233
-21
712
-394
-61
223
-470
-57
33
-580
32
165
-503
208
100
-270
325
63
-223
345
179
60
338
-86
-139
219
-48
-129
246
-116
-312
-4
-100
-194
45
-307
-378
-23
-252
-320
-73
-126
-13
74
43
234
317
375
294
351
122
123
-20
-54
9
-155
-151
-260
-32
-122
-151
130
99
93
161
81
84
160
299
271
211
264
202
213
133
150
168
95
115
65
25
93
150
66
108
-18
-60
62
59
-24
-49
-98
-113
7
-10
-54
14
-5
-130
-122
-174
-91
-79
-106
-28
-39
-55
-82
-119
-20
-64
35
19
56
77
60
153
84
64
-75
114
-71
-86
21
-110
63
105
112
247
129
140
83
-10
19
-87
-83
-65
-92
-61
0
-170
-93
-119
-26
19
-3
85
43
159
110
53
118
31
84
-12
-85
-66
-163
-149
-142
-116
-169
-269
-224
-150
-203
-56
-195
-199
-190
-70
-151
-252
-207
-225
24
11
33
47
-16
-37
71
146
68
-81
51
-13
-24
19
15
48
38
105
113
83
-15
-59
-115
53
50
-51
75
-30
-72
-130
-89
93
115
171
36
-65
16
0
-54
-4
8
16
-114
-101
-130
-96
-86
-38
58
100
119
-83
103
89
195
97
-10
60
-21
-3
17
163
-45
-114
-120
-160
-95
-31
41
-101
-21
16
-43
-61
-178
-105
-54
27
35
54
126
178
144
66
128
132
187
198
176
58
68
-7
-7
-26
-116
19
-71
-11
-109
-107
-54
-22
89
-7
-36
-103
28
-135
-109
7
-85
-30
-21
-17
-65
65
-39
-70
21
89
125
3
-46
14
40
32
47
44
28
-54
11
62
49
13
27
47
-18
128
121
33
56
4
-50
-102
-103
-132
-118
-98
-112
-97
-143
-139
56
-26
-30
109
52
-46
62
10
-114
-22
-85
-61
-118
31
52
34
54
67
11
-41
12
97
85
-113
-15
-53
-52
-75
-120
-175
-173
-14
-12
107
204
186
157
172
236
175
164
177
103
164
85
98
262
131
-7
20
-34
-104
-7
-73
-93
-39
67
16
10
-6
18
55
49
104
63
192
114
144
106
-12
65
117
64
39
-80
-49
-38
-73
-53
-19
-131
-70
25
-53
-9
-63
17
-4
37
85
52
48
39
13
47
-86
-11
-34
-43
-64
-102
-139
-226
-191
-248
-26
66
210
271
194
96
75
56
58
-4
-74
-23
-60
-4
4
-31
33
149
150
76
56
80
76
-85
-83
99
-364
-128
-61
-162
38
-505
-62
80
-459
46
-8
-410
421
-510
-76
44
-517
207
-462
-317
-262
75
-421
64
-146
-334
218
-484
-67
-174
-68
-44
12
-2
63
151
-40
147
126
-57
37
153
-69
140
3
-54
-56
-100
-90
-295
-9
-208
-270
19
-55
-97
26
-8
-3
7
102
-82
282
48
-249
477
-235
356
322
-133
387
138
70
-42
92
-334
30
-99
-368
248
-165
123
-38
49
43
-95
285
-156
297
125
151
190
249
115
175
255
43
467
-124
345
154
-12
136
9
67
351
66
46
338
-205
200
-19
57
-42
309
-52
-107
433
-347
162
-3
-51
334
-177
187
-94
35
-90
-225
143
-322
233
-110
204
96
31
85
-42
41
-217
38
-83
77
-192
60
-158
39
210
190
143
592
-503
128
690
-1086
598
-355
-354
-218
185
-583
-88
337
-1048
1128
-690
330
270
-390
249
-194
122
-192
361
-520
121
-99
-359
57
-367
79
-47
24
121
1
116
-26
-117
-379
-63
-295
-292
-144
-414
-10
-449
-190
-162
-89
-141
-229
-73
-283
-96
-216
-51
-90
-80
-111
-149
-88
-116
-66
-128
93
16
-53
258
4
22
-19
-38
23
-18
131
38
-44
216
285
91
236
59
30
-30
-10
22
7
-52
67
-44
148
73
-112
346
-95
80
352
-42
82
395
-243
152
367
-251
182
327
47
71
372
-82
231
385
14
410
41
67
283
-37
45
126
-43
91
96
-157
113
-35
152
262
-202
397
32
-71
246
-385
174
64
-490
37
-99
-344
180
19
2
276
-81
80
132
-163
178
202
-95
283
25
12
210
-136
144
-48
2
143
-58
257
35
-32
63
-32
-11
-183
-72
-82
-166
-187
-44
-193
-357
2
-166
47
33
-330
-29
-112
-183
31
-287
-214
-59
-419
-28
-184
-194
109
-111
215
39
131
131
38
28
-13
-182
-262
-76
-529
-134
-191
-332
54
-27
-83
101
-19
14
111
-129
26
-20
-144
-31
-170
-209
-55
-163
-21
-50
-179
-65
43
-109
64
-178
-180
58
-460
-56
-105
-355
190
-72
-100
264
-237
51
125
-265
264
-56
-235
231
-97
38
259
-60
224
89
-123
89
-56
-7
98
55
122
85
-34
-48
-202
-11
85
127
200
59
200
343
452
245
213
276
95
74
-111
172
116
-323
352
-252
-218
290
-353
458
217
162
537
254
331
279
121
55
114
-99
162
-230
-3
167
-187
240
-18
44
408
76
315
336
-15
223
-16
146
185
-47
56
77
-34
-148
15
-7
-29
203
178
-21
212
169
-357
73
292
-836
333
447
-1067
1182
-366
-405
1414
-944
767
571
-514
699
-108
-450
163
-479
-596
71
-904
-399
-149
-806
-138
-336
-416
50
-304
-63
442
-67
-108
234
-479
-439
336
-620
163
195
-729
396
-344
-292
14
-217
-174
67
-103
-170
-164
2
175
-890
896
-178
-714
1256
-1011
-93
276
-1205
647
-93
-641
543
-386
-543
478
-551
-243
503
-863
207
-150
-808
244
-232
-277
266
32
250
422
158
495
201
230
321
241
62
359
-40
-63
229
-572
-98
-112
-109
-104
63
234
-78
295
234
-318
179
515
-567
-28
663
-963
314
597
-897
1401
208
-42
1337
-229
95
871
-189
-260
890
-814
109
448
-947
340
-134
-509
399
70
-285
559
368
-115
464
716
141
625
-147
-199
661
-427
-163
104
-401
-131
268
-208
-84
399
94
237
522
-170
61
737
-138
-20
834
-174
-116
954
-531
180
549
-759
517
153
-451
405
167
-581
358
-255
-661
376
-515
-393
136
-328
-167
259
-272
45
458
-299
303
487
-596
542
131
-472
415
-543
-444
-166
-490
-539
-45
-209
-187
471
-406
-128
551
-355
-325
776
-566
-644
812
-962
-50
696
-845
440
375
-515
420
279
-702
-64
-2
-731
-165
-184
-706
-109
-114
-333
137
30
131
348
271
-138
115
363
-384
318
-26
-844
430
-469
-584
363
-327
-265
309
-15
-198
730
-81
-38
916
-701
-460
1206
-1263
-772
1399
-1902
9
1449
-1755
1159
1116
-1096
1053
714
-879
343
110
-1256
225
-465
-940
199
-437
-437
442
-11
95
1065
515
225
648
595
133
330
168
-332
-362
33
-467
-341
288
-319
193
484
-9
423
727
-252
483
278
-1095
898
-455
-1850
1212
-745
-1158
1904
-1125
-160
1875
-618
256
1273
-78
-384
643
-962
-692
-109
-1268
-459
-29
-396
-326
448
-140
553
1000
-264
744
345
-298
323
-651
-444
-240
-706
-479
-104
-291
-59
379
154
379
138
344
177
10
377
-1067
-763
952
-1880
-717
1561
-2135
874
1525
-1771
1795
1214
-1084
1358
960
-1282
719
100
-1620
430
-465
-1063
271
26
-285
699
472
22
490
693
-246
199
263
-796
48
-442
-667
-201
3
-575
264
432
-109
687
410
303
217
293
-153
-973
126
261
-1554
981
676
-1482
2351
381
-996
2226
6
-661
1263
-67
-1167
603
-831
-1369
388
-468
-573
478
287
121
1246
424
345
668
518
-325
-135
-23
-792
204
-272
-164
85
355
-231
57
655
-179
277
66
-220
-43
298
-101
-1016
-201
601
-948
-367
1374
-1193
900
1819
-1409
1120
1106
-770
45
723
-1797
-82
473
-1628
3
257
-44
125
1041
56
791
520
18
132
939
-338
-370
366
-823
502
-424
17
-94
704
-143
-217
550
-238
-54
-291
-205
-743
262
-105
-502
-1129
35
438
-1807
1074
256
-1190
2145
154
-1042
1368
730
-1823
1012
-240
-2256
1161
-770
-1293
251
520
-740
827
549
-191
710
29
-472
-403
814
-1292
-194
82
-514
-178
232
294
-618
1412
-405
-234
1042
-541
-599
208
-286
-768
1044
-73
-1714
352
940
-2026
596
1190
-2028
2155
1291
-1803
731
1495
-1362
-61
1046
-2652
441
203
-1959
-359
584
-325
-173
1221
-329
571
420
-170
-742
186
-191
-611
-183
-422
139
-531
590
300
-349
643
343
-1033
702
224
-1086
419
-126
-762
485
1124
-1891
-1031
1859
-1382
-988
2121
-2092
7
3214
-1610
-392
2035
-119
-1147
1727
-1136
-1389
1726
-795
-1023
792
764
-967
1538
89
-321
911
581
-396
-335
1078
-1364
25
-16
-71
-42
485
117
-190
996
-20
-301
-303
351
-251
23
38
-210
58
755
