-32
-123
-92
-41
-4
-142
-169
-112
10
35
-57
-21
-11
-72
-60
-57
-41
-60
-27
-111
-194
-115
-167
-134
-184
-203
-80
-115
-119
-178
-176
-14
-135
-176
-9
-91
69
73
120
133
155
78
118
175
96
172
158
447
325
243
136
46
54
212
147
175
326
219
176
92
84
-43
-34
-153
-154
-103
-200
-42
6
-104
-138
-109
-59
-177
-44
29
-45
-92
-305
-240
-261
-269
-177
-128
-79
-145
-99
-107
67
206
266
250
131
206
213
343
393
449
577
431
288
295
88
-7
58
-16
-25
7
78
-66
-25
29
-95
72
157
157
-34
3
40
-90
35
-131
-124
-74
-122
-11
57
25
-141
-171
-159
-151
-103
166
137
-10
-54
-176
-194
-276
-115
-217
-245
-279
-189
-41
-35
-56
-77
2
-104
93
-4
-64
-4
-79
-82
-74
-105
-76
-30
-32
32
39
3
134
128
24
42
-26
-193
-62
27
-7
-37
-104
89
83
76
-37
55
17
40
11
-16
57
5
132
56
-39
138
110
85
254
227
168
178
301
1
61
124
90
193
74
189
226
29
-146
-10
80
-57
-122
-212
-270
-166
-119
-366
-363
-357
-195
34
-68
53
131
68
-22
84
-7
-86
-42
32
-92
-214
-186
-75
-64
-203
-171
-247
-180
-322
-453
-380
-463
-392
-202
-177
-105
68
122
45
188
174
240
313
116
339
215
174
215
210
197
224
242
181
187
-44
37
-115
-79
-48
-73
-64
-60
63
46
71
21
50
144
37
-13
63
153
32
-7
60
-70
185
209
214
157
73
67
-20
-183
-105
48
-5
-19
-75
6
-11
58
117
139
142
22
-14
9
-42
-92
-142
-87
-28
-119
38
-29
-156
-143
-327
-354
-361
-333
-345
-356
-176
-118
-172
-94
-169
-182
-117
19
-41
-61
127
98
103
41
55
133
194
312
381
349
219
157
165
220
196
87
205
1
-25
95
73
247
178
7
114
-8
44
121
156
177
44
25
12
97
28
54
-217
-37
-150
-78
-3
-179
-13
-35
3
-44
18
4
22
-114
85
28
8
-45
-99
75
-97
-38
-98
-75
-104
-187
-214
-233
-315
-385
-195
-163
-53
-124
-91
-133
-156
-78
-38
-4
-85
76
143
243
364
307
212
181
182
347
308
286
312
194
103
183
184
-49
-110
-99
-13
60
-48
-74
-131
-105
-96
-113
78
139
111
74
-67
-18
-39
-182
-79
-95
-22
29
55
108
53
-61
8
-98
-179
-132
-76
-116
-160
-117
-209
-196
-231
-34
80
138
140
33
13
123
71
-49
-24
-127
-195
-187
-109
-115
-119
41
101
172
147
189
287
171
154
154
84
151
33
-44
6
-136
-69
-205
-233
-247
-175
-220
-286
-148
-168
-88
-42
-153
-269
-28
-4
-136
-102
-136
-202
-127
-58
19
111
13
106
323
241
270
208
176
319
316
268
103
10
50
79
-55
-121
-96
-78
13
25
-19
8
59
19
-17
59
205
199
26
-57
-62
-125
-39
-85
-101
-12
-187
-164
-275
-360
-375
-332
-368
-278
-242
-161
62
69
186
118
182
209
249
179
260
244
-20
-4
-44
3
72
-63
-59
28
5
-84
-81
-6
-187
-311
-170
-58
-50
-165
-232
-169
-193
-186
-253
-220
-178
-125
-195
-216
-215
-269
-158
-294
-185
-91
-38
-81
6
66
-85
-66
-131
-100
-53
100
184
144
91
139
144
280
292
251
294
252
217
201
126
62
8
-61
28
82
80
-72
52
163
94
46
72
-8
44
55
50
12
135
319
199
286
108
158
206
145
43
24
265
130
10
29
59
69
127
141
118
-1
35
106
-28
-36
-54
-42
31
2
7
43
29
16
-125
28
-15
-7
-39
-36
-40
-154
19
-53
-70
-114
-71
-45
-49
-95
19
1
71
160
25
190
199
64
73
95
-54
-51
-176
-189
-155
-242
-195
-161
-131
-198
-81
-81
-82
-97
-128
-293
-232
-135
-244
3
13
221
195
242
444
302
446
393
323
363
372
412
464
379
286
269
311
438
247
129
216
166
-46
-3
-102
-176
-101
-217
-97
-167
-157
-60
-71
-77
-116
-181
-166
-126
-170
-37
111
92
42
0
-72
-77
-90
-118
-176
-86
-82
-43
122
-97
-174
-32
-19
-28
-107
38
33
103
70
-34
46
-33
-5
-59
-101
-335
-302
-265
-376
-430
-410
-334
-268
-48
35
-73
-121
-134
-115
-50
-60
1
53
20
38
66
7
132
224
187
97
176
184
233
212
174
61
-72
16
-133
-89
-84
-68
-71
-109
-151
-115
-43
-46
-44
-40
46
79
19
51
100
-40
-50
5
47
-84
-149
-152
-67
64
103
182
228
148
92
192
194
85
-33
55
106
200
261
-40
-91
40
23
32
-1
-47
-17
65
9
-59
-169
-164
-101
-117
-196
-262
-225
-253
-107
-59
-84
-78
13
86
123
80
71
81
95
131
78
109
158
214
201
151
115
148
-24
152
161
-76
-172
-162
-65
-135
-93
-31
-31
-106
-32
-108
-101
-154
-272
-186
-233
-337
-250
-248
-276
-167
-305
-296
-103
-194
-249
-202
-217
-156
-39
-22
119
138
36
92
84
60
4
12
-91
24
-1
13
153
126
141
53
104
272
117
-150
-68
78
127
129
190
67
28
45
48
75
-30
-131
-49
32
-129
-151
-144
-143
-49
-32
-14
80
330
248
241
243
209
166
69
132
20
57
105
197
-16
240
140
66
135
-85
21
-67
-57
-55
56
-33
14
103
56
188
286
180
159
16
125
97
-37
-46
-108
-93
-160
-45
-60
-107
-146
-93
-194
-132
-135
-211
-205
-208
-192
-249
-119
-127
-179
-140
-69
-89
-38
-45
-123
-82
86
83
-33
91
146
146
252
202
143
127
135
202
57
136
165
53
102
134
124
7
-15
97
135
48
-7
10
-52
-66
-89
-165
-151
-125
-116
-149
-78
2
-20
0
-156
-87
-68
-244
-164
-167
-140
-71
-58
-178
-177
37
28
-73
6
48
43
152
52
36
-7
37
250
-24
56
70
-42
102
84
31
49
-31
41
85
138
220
50
160
74
243
126
34
73
14
-26
-27
-56
-71
64
-58
-52
-342
-144
-158
-232
-206
-185
-108
-189
-107
-203
-126
-122
-113
46
-19
-64
-21
-46
93
46
105
199
97
42
166
179
170
264
184
144
153
183
143
25
116
220
78
72
91
98
99
153
144
155
162
134
137
16
10
32
96
48
52
92
70
114
76
-169
-202
-149
-145
-192
-209
-222
-268
-223
-232
-158
-260
-112
-117
-151
-174
-139
-88
-161
-167
-115
-10
-11
-33
-64
-14
-28
27
-25
31
-69
-88
-54
40
69
-82
-14
-13
-49
-54
-69
5
-8
-13
14
58
141
-16
109
12
43
-18
-63
-47
-19
-35
-63
21
-80
18
-127
7
-126
-35
38
-43
-141
-30
36
-1
27
132
311
57
77
7
24
3
157
91
37
94
113
-24
-34
-10
-15
2
-48
-48
-43
-1
11
64
-22
18
-67
-89
-73
-78
-291
-27
-95
-221
-204
-277
-192
-163
-58
-4
103
48
38
58
229
165
111
82
210
197
270
351
283
351
223
186
187
215
88
139
233
215
194
84
-11
37
-39
16
116
-81
-48
-1
-31
-50
-139
-218
-149
-83
-155
-212
-200
-257
-186
-78
-61
-82
-121
-83
10
-73
-2
-40
-108
-17
44
50
-104
-30
-93
-24
-8
-27
-117
-79
-13
-192
-129
-128
-148
-151
-141
-99
-40
-21
-6
-39
27
48
-40
103
48
79
166
34
41
106
248
195
148
181
124
192
70
-53
-46
-13
-94
-98
5
-48
-99
-201
-142
-163
-72
-24
-53
-122
103
43
79
274
129
155
71
191
-63
-71
-45
-19
91
31
31
-38
-30
-7
-64
19
-56
38
103
192
230
214
254
184
252
-57
109
121
57
51
38
74
54
-13
-72
10
42
22
-57
89
216
145
91
245
127
140
62
-33
22
24
212
176
50
-97
-74
-132
-87
-182
-173
-165
-203
-51
-208
-201
-235
-206
-183
-65
-181
-112
10
-27
34
18
19
-117
132
106
24
217
342
343
176
154
70
142
200
108
20
122
146
21
-80
-36
23
-135
-68
-133
-92
-52
-130
-94
-160
-100
-63
-63
-170
-86
20
-38
-91
-157
-126
-78
50
-42
75
-19
-70
-83
-41
-98
-161
-12
-44
99
61
67
53
188
169
61
-55
43
109
-71
-66
-118
-97
-60
-93
-190
-156
-133
-177
-154
-316
-142
-198
-284
-167
-301
-235
-241
-157
-195
-70
-74
-200
-134
35
87
44
43
-49
64
110
108
-52
-45
75
18
18
35
67
117
78
83
221
281
170
182
252
102
247
202
3
75
-12
-20
134
231
223
197
293
344
329
198
205
260
53
80
177
211
148
179
78
182
128
35
73
-74
-7
-117
-12
-1
79
-4
-42
51
78
-39
-118
136
17
7
-116
-30
-1
-93
-32
-134
14
1
42
21
-18
73
21
18
138
161
81
83
90
28
25
-37
-26
49
53
110
95
30
-242
-146
-226
-310
-172
-203
-132
-342
-304
-300
-214
-168
-261
-209
-200
-43
72
-60
-140
-133
-193
-49
-129
-10
21
-36
63
127
220
268
309
227
282
237
102
176
71
35
133
116
211
309
346
137
248
203
158
200
124
114
135
124
-59
-54
-59
-92
-152
-150
-171
-158
-185
-125
-183
-218
-126
-175
-156
-25
-4
-172
-183
-81
-8
18
-73
-68
4
20
108
-132
-78
100
38
87
37
47
40
31
17
-15
-56
-53
38
46
21
59
102
65
4
248
184
149
76
107
111
175
175
-193
80
16
61
-88
-95
-52
-93
-56
-139
-208
-208
-35
-123
-14
-42
43
14
189
81
118
296
75
87
60
153
58
185
-23
-36
25
46
95
-9
-56
-109
70
-181
-16
-217
-104
-189
-196
-61
-279
-3
-125
64
-100
4
-89
-69
-117
-246
-27
-91
63
-95
139
-92
29
-41
-127
-36
-285
15
-235
-152
-149
-90
136
120
90
-69
-100
29
-175
-93
-267
-237
-203
-141
58
-216
43
-138
-43
-140
-56
-59
-82
-34
42
89
6
145
21
306
36
99
11
18
141
29
223
8
-26
-164
-58
-94
-2
86
73
166
-63
51
-31
26
-117
-129
-102
-6
67
-16
199
55
272
263
354
73
-16
141
32
-56
-204
-39
-187
69
-131
44
-52
-56
14
-229
61
-286
-19
-144
62
-65
-25
201
84
261
-63
85
-128
-99
50
177
173
169
297
113
187
201
157
111
100
169
-9
-11
41
-34
-142
-19
-24
-67
-289
-197
-239
-272
-176
-299
-113
-303
-277
-106
-204
-72
-90
-226
360
-327
212
-95
-44
125
-11
327
-126
616
104
439
80
270
226
15
49
-139
133
-226
61
-227
30
-21
-46
-261
-258
-142
-523
4
-931
-19
-368
-187
230
-454
660
-472
593
-222
209
183
29
912
-290
1120
-110
735
180
64
449
-178
809
-406
617
-85
431
-167
-78
211
-269
483
-474
249
-206
148
-264
114
-115
-56
17
-428
177
-544
62
-259
-94
-24
-268
32
-356
93
-392
-159
-76
-281
209
-320
91
-244
117
-104
-258
99
-24
173
-150
-20
73
-51
-126
-189
-200
30
-25
225
-8
232
264
189
160
243
345
171
433
292
169
107
280
315
337
265
367
290
219
138
224
353
161
271
286
184
63
115
189
120
172
118
-86
-100
-109
-31
-229
-271
-329
-153
-87
-326
-152
-269
-245
-508
-389
-286
-394
-134
-255
-194
-123
-81
-14
11
-16
65
95
-74
-61
30
142
40
144
154
60
-69
-66
-56
-7
33
-50
15
-68
-79
-258
-240
-190
-173
-235
-70
-189
-229
-195
-74
-24
-118
-85
-125
21
-79
-163
-150
-151
-193
-31
-150
-159
-87
-119
-249
-119
-40
45
-45
-52
47
-82
133
218
286
314
132
237
304
110
186
232
292
144
61
-63
15
-42
-132
-13
56
76
94
-103
-20
45
-42
165
70
83
59
67
-208
-150
-30
-59
-48
-78
-65
-282
-236
59
-45
-102
-65
-33
-91
-186
-50
-73
-70
-152
42
-111
-126
200
-69
41
10
-89
189
108
240
79
-27
10
-7
233
69
247
157
80
153
109
139
-140
-22
-5
86
203
212
89
15
135
174
-106
-516
102
3
272
141
-573
-14
-20
-44
-200
-79
-93
93
50
-53
85
85
255
3
-11
90
6
-85
3
-3
-120
-36
317
124
175
3
147
131
30
49
61
283
25
-41
-229
-175
-194
-325
-300
-49
-73
-200
-215
-170
-254
-94
-54
-143
-142
-116
-64
43
-133
-79
157
200
-51
5
154
-87
98
-265
39
-68
-4
-177
24
98
-242
200
-197
103
-130
40
108
11
276
4
155
28
448
390
261
259
98
398
101
226
160
218
222
-4
237
-133
36
-164
-109
12
-139
21
-281
-83
-215
-95
-268
-135
-35
208
104
-270
416
121
102
-133
-81
275
-17
41
39
121
74
-20
-38
48
71
33
242
