181
171
41
288
147
174
157
161
4
24
59
83
25
-58
71
-96
91
-69
85
-22
176
86
182
191
197
221
205
129
115
-12
-8
19
-23
68
-38
45
58
332
251
456
223
205
193
38
-215
-134
-148
-127
-40
-57
-24
-96
-66
-55
111
39
187
140
149
132
390
362
405
240
315
207
-76
47
-42
32
23
-114
-198
-209
-271
-312
-250
-193
-149
-175
-99
31
80
147
5
-137
-191
-27
-102
-16
-70
28
6
111
81
-91
12
145
148
66
-26
-82
-68
-113
-111
-109
52
-3
88
80
105
38
45
-113
-130
-147
-1
-5
-150
6
105
72
-102
-29
-195
186
122
99
132
-59
-7
-95
-21
17
-23
-168
-70
-111
-81
-47
61
-62
55
77
135
71
-112
143
3
119
24
-25
-171
-217
-175
-385
-299
-286
-230
-316
-67
-208
-283
22
152
103
-26
72
73
195
-118
-45
-28
-144
-84
-85
-108
-53
-130
-111
45
-85
-107
34
-88
-73
-15
113
36
-24
31
-90
119
-20
51
-248
-148
-59
-40
-188
-46
68
68
212
117
140
246
326
323
345
75
369
320
146
-2
152
-82
-13
-10
-98
-125
-284
-136
38
-52
-50
41
-156
152
129
130
143
341
82
109
101
148
183
-87
-68
-57
-62
5
-84
-44
74
42
-2
-93
23
-83
185
-88
-11
-10
130
73
52
246
208
261
177
141
-75
-115
-158
103
-62
-34
55
70
-40
129
56
125
233
274
73
-67
-66
-87
136
-199
29
98
193
167
267
97
198
164
210
107
-84
114
139
46
-137
13
-269
-178
-139
-270
-174
-144
-266
-372
-396
-246
-149
-218
-394
-156
-215
-210
-41
-49
105
53
-119
-47
-90
-162
-155
-150
-90
-106
-297
-244
-176
-471
-229
-133
-275
-293
-63
-79
17
-199
-167
-110
-57
328
141
33
166
233
-156
161
161
49
108
-198
18
-39
64
174
203
254
399
218
-30
44
14
150
-15
-54
53
-154
-49
29
-29
29
98
-37
153
152
-29
188
38
-6
-99
-6
-78
294
91
210
120
3
310
64
-55
-126
137
80
193
-77
104
11
253
97
168
438
239
244
280
220
-7
187
15
-148
-82
241
248
59
-82
228
166
119
36
-132
-258
53
-33
-82
34
14
351
215
-59
-47
99
85
-42
-44
70
-25
41
-82
-54
88
207
-224
-52
-83
-200
-16
-41
-134
-24
-210
-177
17
-296
-228
-111
-42
-26
-26
-114
-4
-296
48
-28
-243
-29
-52
-345
-224
72
-66
88
30
19
56
-97
-306
-23
-200
-297
-10
-286
-403
-316
-393
-439
-188
-159
4
-86
-57
224
202
-132
12
176
-173
-39
59
-217
-337
-239
-201
-115
-171
127
-16
42
92
-29
77
212
155
93
103
30
59
-63
92
132
139
-93
337
245
-19
158
-39
-131
-214
58
-277
-10
167
10
-218
-29
108
-127
158
35
177
32
192
-16
116
36
6
146
-124
223
99
-99
80
69
-223
98
201
83
93
-52
-52
34
-174
23
145
-89
248
212
-39
78
97
194
86
33
6
161
-21
117
87
-244
-64
-255
-229
-207
-149
-198
82
-7
242
206
-44
219
471
187
197
331
-11
218
121
178
54
254
79
48
68
68
15
-248
-83
59
152
-82
78
-56
29
101
-5
182
28
40
89
252
-172
-113
-133
-562
-290
-207
-380
-446
20
-247
-187
-109
-216
-336
-187
-190
-199
158
-193
2
-18
-209
-244
-261
-197
-24
-151
34
204
-141
99
-12
-72
136
1
-187
252
273
-90
28
-55
62
209
194
-55
-83
-275
42
-63
-281
120
260
231
240
333
194
270
-1
47
-50
-152
-70
84
-207
-281
-20
-74
38
16
250
322
414
162
167
302
169
271
275
278
321
229
-137
-40
-15
-264
-131
-11
-284
-223
-26
36
-170
-229
16
73
82
292
90
-99
323
309
222
290
423
-9
-27
56
58
-121
-158
-93
-60
-51
-196
235
243
202
202
81
113
170
68
42
-103
-17
45
129
16
133
60
135
0
-200
140
-36
-71
-91
54
-231
98
-31
-190
191
53
-124
-20
-77
-400
-303
-256
-69
-285
-304
29
-39
-36
-74
57
-100
-281
-28
-79
-222
-352
-55
-314
-602
-318
9
-398
-420
-48
19
-13
-103
180
44
74
106
164
-16
169
-8
13
-120
-97
-4
-148
-17
29
-42
-302
-216
-391
-449
-466
-39
-226
-179
144
186
74
440
374
371
313
251
61
41
383
18
133
282
363
-11
-52
-315
209
-49
-145
-151
-208
-150
133
133
-176
145
106
228
61
347
111
298
-54
-121
-170
-233
-156
-201
-145
-2
90
-189
-147
-100
-89
-50
48
-135
105
44
17
39
-19
-37
87
-4
-105
-18
-141
-108
21
-58
102
134
147
277
131
186
16
66
230
-19
-501
62
21
-126
-122
-126
25
48
204
-41
328
69
302
210
107
137
78
101
69
-161
-251
-263
-362
8
-154
-169
71
-108
-242
227
28
288
143
-34
-135
137
233
305
251
71
292
213
338
58
-310
95
500
21
21
90
104
-190
-150
4
163
-201
-194
-306
-681
-298
-56
-502
-420
-213
-322
14
-267
44
138
86
158
91
73
82
3
-331
-13
228
30
-88
81
-154
39
72
-72
288
8
-35
-92
-205
-82
116
35
77
210
90
168
33
14
359
-28
172
206
222
432
293
328
315
-42
96
247
-194
51
213
368
214
82
393
71
-255
118
-239
-323
-56
-85
-370
60
117
-152
-149
-234
-78
-249
-385
-163
108
-320
148
213
74
48
247
35
-276
-108
-125
-334
-599
23
-179
-220
17
173
-131
295
181
23
4
222
254
41
163
154
531
105
222
54
263
122
118
-21
0
472
329
50
134
18
-260
-101
-127
-18
-40
-179
-188
-59
-77
116
211
104
163
15
302
338
58
114
10
121
236
-178
-130
62
148
-59
-152
16
-220
-134
-74
145
-61
498
4
-35
-2
-65
201
-101
-273
-105
143
-396
-81
48
203
22
53
-63
-79
-251
-180
-213
-451
-234
-12
-196
-82
29
-49
-178
-168
165
98
131
188
78
-45
231
67
-204
-423
18
-54
-192
50
-148
-186
-159
133
209
216
167
112
103
-206
68
-139
-90
-209
151
77
-188
1
-36
91
3
-62
-88
-22
-464
132
-319
-294
-115
-128
-138
-97
-114
-4
-110
-166
55
-21
-52
193
332
-240
-101
109
440
-64
50
-120
177
105
-144
-195
-173
-163
-215
-8
-191
94
48
108
49
104
118
121
-213
98
319
60
129
57
-66
56
173
-4
-114
-11
23
-128
1
-69
-44
-268
-412
-440
-57
-106
-195
-120
-94
381
130
201
296
216
232
214
138
304
45
-143
-81
87
18
211
28
-149
72
143
-59
-31
78
-101
-8
3
3
-123
217
39
55
-112
301
122
-68
-176
-95
-38
-339
-167
-377
-291
-339
102
-334
-279
-111
-21
-98
-90
-94
-260
-110
-76
-55
-312
-35
86
-190
-357
-63
-114
84
21
12
-89
176
183
14
12
170
285
-99
75
111
79
37
212
-5
-67
-68
44
15
-130
44
213
-170
-12
233
85
-46
-128
10
156
-127
-303
-77
-457
-214
-258
141
-17
-80
169
202
15
-21
304
161
418
276
337
168
195
-67
-140
-206
-51
-64
-103
-106
-292
-269
-150
-115
-154
-84
-63
57
-112
141
155
316
77
-24
-118
-33
-380
-181
7
-73
318
434
185
246
385
11
315
-8
236
148
229
449
417
198
371
428
30
111
35
407
194
272
153
59
192
221
69
20
294
110
78
-164
137
-7
-205
79
-128
-206
-96
6
-214
-87
-33
143
-92
-167
192
-110
-126
-277
-108
-168
-43
-70
40
-184
-266
213
-134
-99
-173
107
-79
193
-52
-114
-44
-78
-76
-410
-78
-237
-68
-326
-113
103
198
109
263
93
84
377
38
80
241
131
-474
-246
-173
-160
-390
-161
-22
-113
52
120
161
-59
65
25
242
-53
99
87
-233
-28
198
27
-219
-160
-367
-35
-79
-107
-143
-44
-36
-61
-41
-281
56
-207
-222
-313
-114
0
-272
-253
-507
-54
6
114
91
314
269
165
132
96
267
35
69
-186
-81
-239
-203
-340
-218
-89
-30
-34
78
50
16
313
145
84
385
269
49
204
67
113
104
185
157
116
193
139
-88
-125
-198
104
110
-29
-31
127
61
21
-141
-86
151
299
235
57
133
21
185
229
161
87
293
161
3
109
234
146
-78
-21
93
-72
-110
-72
-162
-245
-223
-256
-164
-85
165
93
158
-55
-78
-90
-160
-221
-269
-233
-37
210
-117
71
-5
300
55
48
202
151
48
25
-130
-191
-264
-265
-173
-156
-63
-93
-105
-162
34
-66
-71
-43
204
12
-187
-77
-44
-93
-99
-219
-180
-94
67
-127
-109
-119
-108
-61
-67
-9
118
-5
-209
193
25
45
-40
148
-72
41
100
87
113
-13
56
-90
10
-25
122
-66
162
-51
-69
-123
-158
125
-94
-140
-354
12
-103
-143
-103
-21
205
182
9
-78
92
-65
61
-254
-8
14
-138
48
130
52
39
216
17
243
-36
207
161
-55
-20
-45
-1
50
408
127
94
161
91
-79
148
131
201
-14
-63
287
74
155
-77
-134
-130
248
280
188
113
308
233
88
331
195
359
198
261
224
229
177
136
-86
0
188
44
-41
-143
-268
-181
-104
-182
-324
-286
-182
-65
-119
-168
-16
-44
-43
3
-28
-276
-113
-151
-63
-319
-200
19
56
23
78
118
63
103
-117
-409
-335
-106
-217
-247
-48
-71
-283
-60
-72
-208
-156
166
30
-93
174
309
-138
166
207
31
-49
104
315
56
-7
-63
131
-159
167
18
67
-44
77
1
6
96
22
23
-176
132
-116
-41
-70
16
-118
17
23
275
311
384
462
269
121
63
-41
-15
-52
-149
-32
-73
-206
-267
-138
-287
-237
-278
-63
-127
40
9
114
-55
128
145
4
107
-1
-45
136
147
64
60
-124
59
-227
-276
-137
-67
-177
40
-64
-118
-157
-118
-197
-152
-183
-136
-193
25
265
0
109
108
207
89
139
205
625
434
429
296
334
136
115
59
-138
-62
45
105
-163
23
-201
-76
-174
15
15
45
-38
-103
-77
175
121
-112
-102
-59
134
97
-39
-10
-84
-130
-46
-112
-123
-155
-148
-135
-126
-311
-38
-82
-77
-22
-15
-132
-97
-51
-51
-51
289
190
192
153
127
267
204
132
118
194
94
74
-125
-42
-68
28
-109
-41
-85
123
-107
150
219
105
154
118
26
23
109
-37
201
254
381
242
298
99
137
-3
51
-53
-81
-138
-21
-101
-91
-304
-349
-110
-276
46
-298
-342
-328
-197
-441
-118
-80
-167
-146
-81
3
-53
-11
-43
-162
-243
4
-102
-47
-107
-19
-54
66
-12
-72
-141
-108
-282
-82
-190
-3
50
-37
67
-111
-32
10
22
-35
282
-64
-129
29
124
39
243
73
-3
29
92
38
45
191
79
34
232
61
2
273
129
126
-23
-30
29
30
94
151
48
33
74
-62
-99
53
-44
-17
17
60
-59
-37
-100
-27
-133
-142
-14
-106
-58
-45
-137
-22
17
-105
-64
-86
-97
72
-124
-65
29
-28
8
-99
138
21
-47
-14
20
77
125
25
221
104
-5
56
207
167
237
3
159
121
6
98
-57
147
65
251
37
117
-68
16
-163
-148
3
-203
-255
-121
54
44
190
121
236
-54
31
-57
8
-19
-47
5
34
107
10
-13
69
11
-115
-22
-53
-4
-295
-97
-156
21
78
292
158
141
237
88
-176
-69
47
-177
-35
-48
69
-50
60
-202
-122
-224
-226
-354
-238
-202
-80
-145
-98
21
130
92
10
99
-254
-152
-41
-105
-203
63
21
121
47
73
19
-59
-36
81
0
-3
-82
24
-62
-109
46
230
123
140
204
117
376
222
422
12
241
143
126
89
129
134
62
154
-84
140
159
63
-3
69
-184
1
-20
-32
1
30
-130
80
-95
-117
-103
-99
-201
-300
-23
-287
61
-35
235
13
-54
-68
-126
-118
146
-15
-24
217
57
124
29
125
-125
98
-7
114
-76
63
-106
-175
-145
-129
-149
-183
-34
-24
10
-209
72
-65
-54
-37
47
7
90
84
349
249
81
-87
-121
-95
-34
-164
-152
95
139
239
85
81
89
371
258
192
-79
-58
-199
-196
-216
73
65
-21
75
21
-43
-139
22
-280
-126
-322
-162
-181
-11
9
-65
-17
-74
-62
-73
-46
-117
-54
-66
-49
-19
20
-199
-159
-182
-194
-211
-78
24
-2
-197
22
-275
-253
-98
-42
-86
40
142
82
133
-125
-111
-217
147
53
76
-101
-93
-73
61
171
292
326
380
258
276
134
-104
140
-61
-138
-52
5
-264
-154
-15
63
20
67
92
-123
-98
38
386
373
127
122
-31
-47
-137
16
7
36
-83
-65
43
144
62
252
226
10
173
-46
27
-93
167
167
43
-88
16
-53
