-36
84
8
162
37
-84
11
-11
25
-20
61
-39
-23
-60
36
-96
69
217
67
88
131
-7
43
248
130
69
66
27
102
155
-38
40
22
27
29
49
-16
4
-32
-170
-77
53
-14
-117
-45
-102
-74
-74
4
-40
-77
-67
50
127
207
134
47
158
-56
-166
-243
-290
-245
-231
-227
-162
-255
-292
-121
-137
-199
-233
-267
-189
-68
-185
-193
-17
-61
-154
11
117
-34
18
-27
-12
-17
-49
133
171
122
33
135
95
52
-11
-129
-156
-160
-80
9
66
107
38
48
141
45
-38
6
89
-7
-32
98
195
170
247
241
209
147
112
104
145
200
202
167
-75
-60
-15
29
-18
-176
-242
-203
-122
-122
-147
58
93
82
164
90
-29
-109
-29
-82
-32
-54
-86
5
2
76
111
22
60
-74
-119
-94
-155
10
68
88
166
133
147
54
-9
137
-53
-82
60
141
207
256
152
151
157
60
68
15
-29
-55
95
59
126
187
348
210
11
-2
-80
-99
-69
51
8
47
44
174
222
306
294
235
170
100
-12
-76
99
96
-102
-113
-52
-54
-2
-23
-78
-255
-179
-169
-131
-9
-59
-44
-85
5
-36
78
93
82
111
-76
94
-5
-30
147
121
128
149
147
92
-64
4
77
-72
-95
-101
-78
-25
-150
-127
-281
-276
-245
-166
-77
-107
-1
-48
61
-10
109
128
10
13
84
-10
-48
18
-22
67
160
231
252
204
175
211
187
143
156
107
83
-75
-139
-148
-145
-224
-276
-236
-321
-197
-341
-277
-187
-167
-238
-261
-102
-115
-220
-216
-146
-15
-15
-46
101
178
221
48
61
122
197
102
11
25
135
193
72
116
166
99
-4
-18
3
-16
-141
-114
-160
-209
-108
-181
-243
-93
-87
-69
-131
-235
-127
-38
96
109
36
-87
-130
-93
-200
-172
-110
-192
-185
-144
-167
-151
-127
-17
-41
-124
49
107
150
20
63
60
4
201
308
351
368
310
391
420
173
409
235
42
61
30
-61
-75
-182
-199
-125
-266
-204
-153
-64
-183
29
47
28
154
134
112
115
97
215
15
-89
-151
-305
-150
-198
-217
-120
-195
-230
-124
-287
-48
179
169
213
109
-65
90
-46
-1
87
105
246
143
299
253
202
232
201
110
121
125
23
65
52
80
-6
-152
-128
-197
-135
37
46
121
253
227
363
351
313
412
294
104
174
188
174
255
251
171
123
156
82
-7
-179
-249
-269
-247
-193
-81
14
-45
-6
-98
-236
-214
-230
-213
-162
-70
-126
-83
-66
-80
-45
-149
-127
-95
-41
79
-86
-69
-21
-62
12
-43
25
-88
-80
-56
42
63
71
100
19
62
-153
-201
-23
-92
-180
-32
-61
-102
-64
-108
-68
-45
-85
-83
-87
-118
-92
51
-117
-160
8
-125
-185
-42
-24
-38
25
87
-27
-132
-145
-279
-159
-137
-157
-334
-389
-300
-254
-221
-110
-49
-17
19
72
176
115
240
311
204
101
63
-37
51
-113
-56
152
16
117
172
99
55
-6
17
82
61
-54
98
215
81
124
200
78
-1
-98
9
48
-13
192
155
-52
-44
33
-155
-29
-31
7
62
-3
140
-41
-91
-94
-34
52
-9
95
56
78
13
22
52
3
13
32
20
36
-70
-43
100
-34
-43
76
72
-40
67
48
21
-46
83
136
120
87
73
132
13
-12
-73
12
111
59
98
196
127
136
261
242
-69
-70
-46
-129
-40
-219
-134
-64
0
59
-53
-11
-97
-76
-32
-6
26
-112
-31
-97
-81
21
11
150
156
171
22
32
72
-115
-72
68
107
228
210
87
0
22
115
36
39
9
-77
-141
-142
-125
-143
-17
-14
116
110
137
333
251
229
164
147
141
91
26
60
62
57
51
-21
-68
-59
93
132
115
73
33
67
50
94
69
56
3
29
20
-91
-62
-157
-178
-113
-193
-121
72
51
23
-27
-69
-174
-87
-80
-10
-5
27
102
27
124
-32
-8
-63
-68
53
13
5
41
-52
-192
-185
-119
-78
-53
-36
-36
27
58
52
-63
-130
-74
-73
-82
-104
-48
-68
-248
-156
-81
-91
-68
-73
-7
-24
-26
-11
102
29
-71
-56
96
201
97
59
7
9
6
51
-14
-108
-186
-218
-215
-263
-265
-150
-195
-120
-53
-87
-202
-164
-107
-147
-76
-192
-196
-23
71
62
196
54
85
18
40
57
-28
-60
48
74
-107
-38
-25
-6
-205
-81
36
21
69
90
149
99
53
109
22
38
256
157
-39
212
111
-97
-74
-273
-81
-43
-130
-154
-6
-181
-315
-35
196
-24
-694
-841
181
482
-749
-46
264
55
302
-769
-310
465
-190
195
619
-31
334
369
-81
243
51
-122
571
54
-184
337
-171
-28
132
-46
310
628
46
167
194
46
271
124
17
147
192
-147
115
-91
-182
22
-17
-36
163
75
-22
76
-169
-238
-96
13
102
161
30
78
128
81
-86
-59
-149
-247
-183
-279
-125
-21
-119
-125
42
1
-155
-63
10
49
128
135
90
281
207
-94
-114
-8
-271
-40
256
347
198
-1886
-294
1417
-1624
96
839
-1125
1313
-698
-1961
1214
-561
-486
1463
-423
104
932
-1220
-132
305
-1299
729
233
-1087
753
-288
-599
640
-265
-4
437
-306
-42
29
-308
223
294
-244
124
409
-240
-47
-108
-309
208
-42
-56
229
70
54
76
-200
-83
245
-55
103
61
-230
-49
-60
-51
124
-166
168
244
273
1115
-1520
-1274
1787
-917
-539
1387
-1161
1107
698
-2157
770
-6
-1182
1296
-82
-719
1342
-1013
-865
757
-1047
395
833
-943
415
2
-1127
585
-9
-409
689
200
55
132
-27
117
347
-208
-139
80
-235
85
-277
-144
266
151
168
317
355
100
243
93
29
222
279
421
192
160
427
224
-224
213
54
1272
1076
-2305
616
2055
-1630
975
840
-1211
1865
-939
-2041
1460
-918
-918
1712
-1019
-289
985
-1732
247
517
-1250
1192
477
-706
432
-336
-280
124
-627
-54
628
-430
-256
-104
-39
-275
-65
41
-15
901
-234
-216
778
333
286
-881
-258
888
-933
118
686
-101
771
276
-321
362
225
195
180
-71
51
285
-157
-326
84
585
268
-459
844
-261
-315
77
-668
674
178
-215
240
-125
-523
529
1137
-1596
-250
1526
-1269
194
813
-1183
670
133
-1416
304
-220
-315
825
-222
29
396
-11
-58
-477
-149
103
257
-743
-155
138
-483
-181
-226
475
-382
-190
171
-523
-139
273
-239
24
314
922
77
-1396
1088
14
-408
1262
-265
790
725
-490
-188
-466
-284
-320
1056
24
-555
567
-838
-761
-332
88
432
613
193
16
120
-989
-798
385
-215
258
859
-14
368
22
208
53
-1120
726
324
-967
920
-142
-7
978
-628
-217
-202
-504
-64
393
-30
433
-145
-117
0
-1749
191
-245
130
201
-411
-43
-635
-891
-233
95
80
127
1
206
-750
-12
-127
623
-264
71
858
-432
342
-150
117
918
44
-321
51
-437
26
581
-376
708
883
-789
715
-306
-1206
1041
99
402
522
-194
382
-546
-759
-97
294
-220
-199
44
-137
-560
-26
139
482
-249
-352
953
-534
157
274
-96
1192
196
-841
407
-590
-64
1330
-535
773
1117
-389
-89
285
-822
257
1020
10
969
-105
191
152
-580
-17
148
664
-74
57
525
-187
-12
42
230
206
-913
-148
-352
-882
-159
-395
-60
345
-840
-818
-156
-1179
466
-81
-782
1416
-358
-580
61
-588
-412
3
104
48
171
-177
327
-406
-103
141
71
575
-671
246
150
-654
312
76
407
101
-880
342
-209
-293
502
-25
727
642
-873
-215
-10
-667
1141
-611
140
1298
-941
-315
-750
-372
351
-563
501
445
-227
101
-652
-350
-499
-314
-361
189
-360
-522
500
-577
45
442
149
564
-796
-232
606
-940
563
104
25
1071
-317
-727
189
-705
287
685
-763
1436
237
-813
44
-451
12
65
346
931
433
429
32
-114
-348
-405
-116
210
-147
-508
597
-381
-526
705
168
503
-382
-422
542
-893
-58
299
-106
777
112
-981
87
-704
-341
765
-504
707
752
-406
-219
-242
186
360
-110
866
490
30
333
-269
310
102
-83
446
41
-423
80
350
-694
276
597
143
-50
-1086
232
19
-733
437
232
403
1365
-582
-617
438
-945
549
552
-517
1177
324
-695
127
-245
-326
158
418
58
563
204
-224
481
78
427
944
155
-197
528
60
-527
204
364
467
359
-1099
523
233
-853
531
-247
245
1017
-812
-443
552
-1073
760
669
-389
1084
112
-911
-142
-316
-195
178
306
316
222
183
-508
-76
-328
-27
575
183
-166
594
321
-460
14
288
722
429
-901
558
306
-1014
408
-119
108
773
-899
-656
182
-1017
368
184
-350
1020
89
-930
27
-163
-426
-238
110
279
-90
235
-309
-218
-332
-287
213
-50
-633
231
290
-675
210
289
476
590
-1227
202
339
-1117
180
19
-40
802
-1081
-1069
58
-1361
143
76
-508
913
309
-956
-51
-204
-627
-113
46
430
93
175
-194
-107
-313
-389
297
121
-298
514
524
-349
50
238
581
209
-1524
-90
272
-1290
32
128
182
1142
-534
-872
377
-1228
-41
327
-884
999
349
-979
-95
-242
-532
-66
-97
340
198
-49
-207
-374
-471
-376
38
-138
-366
108
380
-408
-190
353
622
643
-812
-23
694
-615
-84
196
28
1035
-41
-744
446
-776
-245
307
-507
943
845
-566
12
158
-460
40
268
384
423
344
134
213
83
-292
274
99
-510
5
268
-450
-272
163
327
431
-926
-204
585
-741
-22
135
120
1016
-184
-571
236
-654
-191
420
-396
678
677
-543
-74
-78
-512
-119
-21
362
740
304
327
101
-125
-133
-56
111
-225
-178
485
152
-188
498
655
764
-356
-556
596
-415
-268
286
39
738
356
-484
35
-189
-428
390
-356
-190
722
-13
-304
-211
-357
-132
-206
57
464
172
438
144
-153
137
-307
-18
350
-44
29
583
224
-209
248
471
2
-1126
-78
183
-862
131
212
139
668
-52
-367
416
-517
-13
659
-262
384
447
103
134
-339
-212
371
20
27
329
314
304
177
-448
25
-12
-503
-140
-132
-295
192
283
-407
120
125
140
-482
-842
406
185
-347
199
-303
386
674
-269
-116
-248
-497
119
167
-217
297
58
43
-131
-910
-139
517
-314
214
48
329
524
-329
33
104
-54
-292
-441
-173
33
-124
210
-183
-330
184
110
-54
-636
-67
507
-225
-157
-234
136
427
-207
-501
-340
-250
-82
-137
-385
299
507
415
80
-565
162
214
-378
-3
-236
295
166
-489
-77
-200
-160
-192
-305
49
226
196
404
18
180
504
423
120
-586
134
387
-245
94
-27
175
517
-341
-142
-211
-425
91
-227
-25
432
56
140
-69
-259
-240
-159
-157
-204
-56
-99
407
-72
-216
213
92
-8
90
-166
66
215
-65
355
238
75
270
356
366
-79
-262
527
156
-20
334
-336
264
196
-648
67
-82
-304
214
42
43
360
-96
-9
367
-277
51
41
-191
223
7
150
396
-52
-124
133
-97
85
-79
-146
60
0
-128
116
103
40
189
68
-262
-246
307
24
93
-55
11
357
28
-117
232
64
202
214
-123
6
-9
-54
104
261
15
164
67
183
94
-255
1
67
-27
-52
-97
-162
17
113
-7
107
-501
-134
52
-592
-74
-122
-334
15
3
-255
92
-245
-238
-43
-316
19
-125
-208
20
-60
-50
87
-24
-30
36
-26
-67
82
86
16
79
278
130
-123
-172
-70
54
-325
-206
-170
-98
131
21
72
276
262
151
95
69
-97
-128
-333
-292
-29
-241
7
-50
2
72
98
-171
-289
-262
-163
53
-93
-110
26
157
142
91
-100
320
309
43
160
205
62
115
105
201
118
158
184
-45
10
-152
-211
-158
-52
-134
-155
-139
-66
-35
-44
-92
-3
-107
-235
-163
-34
-221
-107
92
-76
19
174
131
187
157
107
280
71
-27
-66
-13
-59
120
70
-22
93
-34
-171
-5
172
-6
-83
102
243
103
202
160
-92
88
-17
-75
185
-46
189
210
48
54
39
305
22
111
47
-8
70
-135
-115
-211
-51
-204
-84
46
-68
-4
-83
-188
21
25
-18
97
-51
61
-62
-52
-70
5
5
41
113
-162
241
73
-52
83
-77
-154
-90
-43
-92
-15
-97
-42
37
120
111
161
49
175
199
-4
-28
6
79
112
-38
-13
60
49
-90
-170
-1
-248
-138
-25
-49
-122
-17
-38
-164
-248
-201
103
-153
-84
30
-36
47
-74
54
40
-37
156
325
75
-88
93
-81
-369
-100
-115
-204
99
-57
11
-58
55
241
273
108
51
-28
42
195
30
214
-8
-8
-66
-234
-318
-81
-57
-123
-40
-64
0
-84
-184
-189
64
-78
-15
-20
-47
-33
123
137
209
113
218
-83
110
272
115
53
286
-52
40
-174
-216
-227
-221
-333
-236
-243
-403
168
-434
190
-309
33
-438
428
-507
627
-467
682
-246
680
-416
663
-361
392
-222
140
-68
-371
331
-210
595
-1291
1421
-1651
2014
-2418
