23
-24
0
51
-149
-91
-18
173
115
-41
-182
-116
-25
-109
-105
-146
-219
-207
-140
-196
-84
-384
-277
-473
-267
-195
-339
-313
-526
-526
-558
-451
-426
-415
-606
-450
-555
-383
-609
-535
-497
-506
-359
-486
-466
-403
-422
-254
-227
-330
-318
-550
-200
-47
-36
-238
-71
270
334
384
437
324
375
564
751
778
845
913
854
1022
1153
1032
769
525
365
467
499
661
577
435
225
387
425
326
271
109
48
-65
-26
-2
77
118
168
213
129
-1
88
-5
28
-13
-80
-67
-236
50
111
-72
-203
-299
-203
-187
-109
-312
-242
-329
-217
-177
-174
-164
-211
130
57
75
-152
-105
-126
65
107
152
203
188
323
312
338
186
373
205
-27
-27
-16
-102
-37
74
98
68
-81
-108
96
202
317
193
171
85
-142
-126
-232
-188
-303
-377
-565
-600
-793
-615
-737
-819
-790
-919
-777
-779
-722
-760
-614
-582
-188
-171
-198
-436
-396
-323
-251
-12
5
-153
-283
-174
-79
-61
14
57
-37
35
-3
238
-40
27
97
262
209
-13
49
339
329
345
339
128
391
371
559
345
349
445
488
415
293
360
174
111
50
244
233
274
379
293
452
245
219
54
127
134
80
58
-17
112
68
164
-67
-155
-235
-103
-50
-172
-251
-153
-11
-92
-93
-249
-207
9
123
232
370
398
313
529
536
453
361
339
298
207
221
149
233
83
65
-59
98
7
107
43
-60
66
-54
154
59
266
149
206
180
217
148
135
147
67
31
-147
-148
-338
-100
-85
176
143
-49
-104
-179
-126
-263
-333
-263
-436
-252
-249
-212
-54
-158
-288
-351
-190
-245
-207
-627
-568
-510
-188
-175
-189
-266
-388
-364
-462
-334
-374
-268
-200
-95
-143
-191
-145
-162
-188
30
-5
207
322
356
224
286
163
235
276
116
-15
-137
18
2
56
-122
-80
11
156
116
45
-41
-60
-12
239
245
250
294
209
203
293
350
201
44
54
136
115
103
115
95
24
-65
-192
-300
-388
-163
-169
-282
-305
-406
-427
-265
-208
-42
38
-52
-300
-181
-122
-128
-103
-33
-28
-56
90
190
121
-37
66
1
43
102
234
261
299
330
502
460
496
421
515
466
349
458
625
544
403
208
75
158
198
344
329
183
27
38
-194
-171
-253
-213
-334
-182
-326
-202
-266
-173
-200
-283
-164
-284
-173
-393
-330
-396
-238
-266
-53
-114
-68
-99
-59
86
43
-149
-335
-265
-411
-210
-249
-59
68
-22
-36
-379
-236
-257
35
127
-11
162
131
128
201
253
238
197
137
151
78
129
109
235
192
383
219
192
74
129
251
444
305
219
218
36
237
104
140
-176
-30
-140
-127
-343
-473
-416
-499
-425
-573
-673
-814
-477
-417
-606
-293
-318
-168
-284
-152
-51
-136
59
-31
85
-57
67
64
134
79
74
74
206
257
234
295
32
77
140
105
288
212
284
110
406
475
457
526
32
429
175
312
144
275
425
315
306
81
163
184
187
-28
-22
-197
88
45
203
-59
-2
177
93
250
-17
27
-169
30
-27
73
-8
-82
-63
-159
-170
-276
-249
-351
-132
-192
-188
-475
-359
-340
-337
-130
-281
85
-135
147
59
76
-5
35
350
316
304
187
163
66
129
69
91
-77
9
-151
-119
-150
-101
-56
81
63
143
59
62
140
129
150
112
130
6
21
73
30
-11
85
33
237
261
146
-75
146
110
250
41
-24
-187
-111
79
-65
-64
-194
-186
-122
-114
-306
42
15
-33
-77
-87
-15
-61
-147
-372
-456
-304
-270
-110
-129
-232
-301
-334
-226
-189
-279
-247
-265
-6
221
148
115
-2
-11
-80
8
79
108
197
41
115
130
366
390
179
179
39
77
58
235
9
108
146
191
201
247
150
-72
-54
-73
-207
-184
-190
-120
-47
-67
12
-51
-82
-254
-104
-174
-225
-268
-260
-221
-74
-205
-251
-133
-98
-254
-413
-433
-430
-349
-486
-506
-464
-480
-351
-286
-330
-125
-52
118
-33
107
105
163
223
217
259
264
504
402
631
349
523
525
779
733
561
609
601
766
580
464
311
441
447
432
109
-67
-152
-92
16
129
-51
-30
-310
-188
-104
-214
-187
-188
-158
-299
-248
-211
-170
-179
-15
-118
-137
-297
-242
-259
-207
-128
-321
-261
-184
-291
-86
-192
-272
-314
-299
-172
-223
-322
-258
-230
-57
46
24
44
-131
34
136
176
53
69
240
437
238
191
64
95
247
384
327
87
109
177
118
140
131
108
133
130
103
36
90
132
58
-23
-143
-289
-297
-310
-364
-599
-497
-617
-561
-626
-633
-506
-424
-450
-329
-420
-275
-71
-106
9
50
120
62
127
64
183
130
47
-103
151
226
255
50
-4
-1
40
196
144
171
69
32
84
263
229
374
429
427
281
386
241
431
432
403
519
378
432
177
155
155
84
112
263
192
78
47
198
152
-2
57
96
223
271
185
37
-19
145
23
-56
2
-85
-132
-4
-138
-359
-428
-389
-240
-125
-189
-263
-358
-100
-77
-25
145
-62
-81
-98
53
129
255
117
148
88
71
85
201
8
116
200
177
64
-62
-210
-418
-217
-196
-66
-325
-208
-45
196
102
9
17
88
198
144
-32
-90
-95
38
181
105
143
-78
42
24
91
81
27
-66
-75
-50
-19
-12
-40
-20
-216
-250
-272
-133
-36
72
34
-4
-143
-39
-185
-164
-205
-388
-366
-539
-338
-282
-318
-266
-122
-15
22
-104
-65
-125
-67
21
181
377
309
212
311
297
308
376
376
445
259
251
283
250
118
-37
-99
-23
151
241
181
169
143
311
431
378
227
150
67
194
351
-8
-39
-142
145
209
67
24
-219
-271
-214
-130
-179
-435
-588
-695
-480
-249
-229
-244
-416
-243
-183
-133
-273
-410
-455
-245
-392
-269
-227
-164
-299
-390
-467
-546
-293
-290
-264
-447
-246
-145
79
-1
57
81
349
422
426
184
97
452
513
616
342
276
231
418
392
587
452
208
277
267
191
153
57
-188
-30
-50
96
47
-79
-16
-154
-125
14
74
89
-173
17
-135
-37
-18
-317
-36
-189
-141
-60
-106
-157
-259
-258
-124
-27
-60
33
25
-40
-114
-181
-222
-225
-60
-127
10
30
36
34
191
373
142
63
144
418
337
249
266
170
392
316
315
300
162
98
292
232
159
133
-31
250
279
453
330
138
159
110
18
-114
-86
-108
-277
-265
-642
-720
-539
-527
-432
-501
-475
-601
-652
-604
-489
-284
-92
-137
-253
-324
-339
-121
-73
56
-128
-117
57
-28
37
-123
53
52
155
190
45
-42
-131
-65
122
268
365
234
242
170
103
191
254
202
99
135
-27
-9
76
434
599
635
106
118
-111
316
254
138
318
23
484
117
202
-35
-65
-4
145
66
7
-294
-370
-213
-321
4
-267
-137
-95
-210
124
-157
-112
-82
-121
87
-74
46
-208
-199
-48
94
20
-86
-101
52
116
82
217
80
352
184
226
-75
-104
12
-119
97
-316
-82
-328
-28
27
-79
-1
-216
36
-120
-115
14
154
252
321
242
213
-53
244
219
292
55
-67
35
-163
172
-53
149
152
155
219
139
-129
-106
-51
-102
139
-215
287
7
277
49
-127
67
-225
481
-220
184
-371
-216
-163
-262
-91
-270
-377
-280
-76
-537
56
-590
41
-571
-222
-186
-325
-27
28
-15
20
518
33
742
-294
462
-115
42
284
2
769
99
132
-53
192
-85
402
-250
328
-360
-131
120
-313
699
-576
457
-394
219
152
27
442
-8
119
303
39
67
161
-552
609
-801
446
-526
-372
-11
-1024
365
-870
-1
-450
-638
26
-876
-107
-437
-231
-80
-15
159
-434
83
-601
67
-338
-157
-104
-358
315
80
361
168
-116
239
235
136
627
-152
843
132
561
660
114
1070
144
695
240
424
503
101
497
221
225
414
21
229
-96
-43
-108
-197
-10
-410
-85
-368
-210
82
-235
312
-144
-274
60
-754
361
-638
-160
-82
-677
304
-931
74
-604
-255
-362
-814
-315
-813
-14
-633
101
-564
120
-436
-269
-89
-334
477
-150
892
-317
641
-268
471
249
215
399
-190
717
-89
640
-93
386
23
378
21
335
113
-112
417
-200
734
-44
451
240
5
328
-18
465
12
76
-242
-26
-150
-86
-119
-329
-31
-681
2
-693
-296
-533
-558
-313
-664
327
-537
142
-344
-95
354
-357
475
-215
237
-9
93
87
48
-93
-44
23
-377
514
-491
393
-389
160
172
-68
439
-270
346
21
337
322
342
331
442
104
566
47
586
262
-66
236
-147
176
38
99
221
148
460
222
-26
527
-183
679
-194
79
-52
61
270
-288
268
-265
185
-279
-57
-373
-146
-717
-267
-506
-472
-43
-687
316
-495
57
-215
177
-31
102
-142
-162
148
-71
177
-17
338
-129
532
-245
235
-319
-139
-114
-218
76
-297
40
-417
-329
-193
-97
56
56
-35
32
-284
377
-78
351
-6
206
-37
308
338
33
690
-125
536
-379
673
16
420
372
27
605
-42
642
-333
585
-395
131
-63
39
189
-447
137
-467
163
-459
66
-483
-76
-345
-230
-130
-260
132
-444
293
-296
-3
-413
-433
15
-135
-60
-150
-323
-89
-6
238
190
193
106
174
297
108
311
-52
246
8
418
272
392
-11
243
169
151
355
20
460
-152
327
-6
163
141
-53
202
214
146
191
-135
221
-46
19
228
-326
59
-284
37
-151
-536
-230
-443
-337
-492
-596
-355
-543
-411
-327
-284
-478
-327
-516
-298
-672
-439
-631
-476
-325
-429
-436
-601
-355
-552
-59
-486
134
-528
-215
-207
-347
94
-238
190
160
302
254
488
495
564
593
432
588
313
380
209
465
640
227
710
81
369
386
97
430
-16
320
-78
192
176
-32
375
-195
477
176
126
228
-207
54
-176
-249
-74
-103
-77
7
-140
-96
-116
85
-106
-72
-284
-478
-144
-444
-211
-255
-98
100
-131
-77
-183
27
-23
57
-82
98
189
123
327
98
316
97
286
338
29
191
-36
383
647
330
469
29
272
683
198
947
157
422
555
132
738
-57
504
114
203
230
33
119
-278
-67
-402
-222
-385
-339
-638
-754
-699
-579
-580
-514
-386
-584
-61
-594
-116
-510
-729
-70
-522
1
-228
-228
24
-349
9
-105
21
-215
-98
-163
-51
-42
-315
-7
-371
49
-255
-21
-4
328
74
214
-97
106
373
-69
431
-300
654
-11
379
161
35
216
324
360
50
276
-100
730
77
723
19
359
277
189
404
-91
228
-322
185
-409
-356
-433
-479
-290
-299
-482
-532
-345
-513
-77
-320
-112
-153
-97
181
-50
404
-98
439
89
166
200
-49
343
-164
305
55
119
198
72
88
73
-256
274
-99
284
-20
87
435
149
638
182
321
143
584
376
685
160
804
276
605
338
99
422
52
574
26
796
-184
719
-59
95
48
-13
331
-317
-64
-477
35
-376
292
-179
209
-185
-479
62
-584
-73
-655
-313
-704
-316
-598
-515
-401
-847
-171
-883
-351
-768
-321
-420
-251
-236
-350
-459
-50
-420
88
110
-214
595
-240
620
-98
440
95
246
-266
195
-69
-8
412
-113
562
-267
535
-68
311
128
71
-2
-28
217
171
28
31
-167
124
55
133
108
-103
-50
-194
38
-303
40
-746
172
-283
111
-509
171
-932
275
-525
-677
342
-1045
457
-1092
-141
-508
-54
-830
45
-1094
31
-700
98
-378
-455
-365
-490
831
-706
1075
-987
1189
-264
748
532
581
494
390
783
273
1223
-153
993
44
866
465
449
79
393
310
266
396
5
858
-15
515
115
178
264
-38
45
-150
291
-311
269
-78
-139
68
-265
319
-27
7
-349
-645
-314
200
-252
302
-757
77
-316
-281
-121
-988
-3
-1101
574
-930
-30
-689
-620
-149
-623
109
-764
116
-199
228
-399
411
-353
825
-120
379
256
136
744
-112
1151
-381
935
-470
1038
-236
545
93
308
840
110
1434
-516
1252
-624
1063
-131
549
-180
269
588
-580
1093
-579
613
-863
-311
-246
-414
-466
-362
-439
-386
-391
-604
-148
-467
-225
-486
-166
-577
-105
-490
-387
143
-370
220
-256
-45
-136
101
-158
72
123
-478
143
-395
287
193
456
-132
103
-22
219
222
-218
218
-227
637
-181
495
1
368
487
185
463
-64
381
-219
410
-156
181
384
26
344
-231
191
42
269
183
-112
-6
-233
424
-184
296
-36
-276
412
-627
206
-850
-474
-652
-383
9
-546
177
-560
12
-491
-54
-98
-19
-63
-354
9
-253
350
294
434
222
-38
212
330
251
133
-27
-466
80
-352
-29
-229
-218
-72
-293
258
-454
503
-413
458
-26
-44
572
-242
730
-275
793
-217
345
185
-48
787
75
760
161
348
125
337
268
398
185
-202
472
-166
626
137
-29
553
-468
712
-207
641
319
-18
120
-293
753
-80
252
-104
-285
-98
-29
-437
-13
-880
-75
-637
-327
-206
-816
-296
-780
52
-413
85
-805
141
-507
