-416
-32
52
-110
-602
-355
3
7
100
134
99
624
634
250
504
278
625
922
591
234
-253
-672
-141
236
5
157
445
444
64
-12
160
240
-84
-70
22
300
483
36
-175
72
142
-148
-137
-123
-89
252
-1
-323
-29
-151
-443
-282
-218
-418
-273
-110
21
284
-629
-761
487
466
130
-380
-850
147
596
-144
-251
-174
288
746
-80
-195
163
43
178
376
236
60
47
73
15
-560
-276
27
39
188
266
496
579
650
117
-354
-155
146
-416
-721
-75
560
404
-583
-555
621
654
-476
-674
-111
436
-47
-797
-156
831
715
310
576
412
227
-376
-887
-488
-479
-146
163
507
885
421
164
-87
-420
-418
-160
-4
-231
-486
60
198
-112
-139
268
1029
106
-1058
-581
224
-342
-452
160
427
318
124
-307
202
959
-121
-220
172
-67
-180
-340
-405
565
694
191
574
446
-10
-28
-78
-26
-64
-538
-769
-609
-222
-91
78
119
-247
-504
-245
-250
-554
-496
-5
480
558
286
17
-513
-341
-45
-336
-364
-555
-584
-232
-88
-50
49
217
458
-99
-168
223
79
-422
-286
347
640
628
210
141
691
529
-319
-327
290
225
-56
110
112
219
256
-122
-315
-150
-377
-580
-282
30
-68
-472
-120
846
750
-47
-378
425
610
-596
-1085
-477
-238
-236
61
-305
86
355
-397
129
191
-442
-130
7
654
399
-526
331
574
-158
38
172
-36
115
35
-338
-125
-165
-414
819
968
-355
-345
239
218
-241
-388
-58
536
429
326
-4
-163
326
-542
-671
-50
211
57
-125
306
277
-250
-183
550
738
208
-208
-204
254
351
-31
484
618
216
-230
-177
191
-10
-370
-499
-202
-86
-129
-475
-385
302
158
36
77
-296
-24
932
1168
-14
-54
-95
-56
428
-423
-189
72
71
42
-803
-299
-173
541
577
281
708
-773
265
-228
-912
425
405
-871
130
351
-1067
1260
-687
-857
392
-615
207
484
-432
-917
365
-785
-23
488
-468
600
676
473
-30
-124
-97
-540
-844
261
457
-171
1081
-2
-544
291
-229
33
42
-419
-129
333
-266
697
589
53
963
-98
-114
522
-86
-473
-174
-245
148
1066
-444
-596
657
182
192
-1037
341
1048
-358
45
-322
301
39
-23
-875
491
-219
-960
998
-1533
106
-120
-1508
-255
394
-803
29
1333
-868
769
-608
-580
697
-453
-73
166
-4
-58
373
139
125
-229
-207
-227
-514
-208
27
-402
726
151
622
813
189
952
450
-33
24
616
-744
639
235
-876
495
-141
499
822
-368
194
496
-843
-399
429
-1562
537
-329
-611
665
-790
-347
198
168
-992
2065
-2688
151
936
-2210
1314
-214
186
1146
529
-1649
2175
-377
-1828
979
-603
421
332
-614
686
1599
-731
941
911
-967
801
-1830
688
575
-315
336
585
819
-345
1770
-1750
1857
-242
-1071
1698
-776
-465
312
26
30
33
-862
1055
-575
-77
-53
633
735
567
-360
90
636
-731
-171
-952
170
-33
-1813
290
8
-438
-356
-2282
571
-580
16
-307
-611
579
-784
-70
-89
376
-598
-163
273
-535
556
7
589
615
1795
812
-647
862
-552
1100
-116
-720
-122
1001
-139
27
-725
-689
1204
-1133
587
-660
823
595
-218
376
-257
151
54
978
-381
264
-922
427
129
-1669
1258
-396
384
-483
-56
354
-470
153
-1225
839
-80
-645
-773
788
-197
-199
-33
-1084
730
-1456
306
-404
-30
-32
-25
2
-193
953
-863
543
-306
228
382
-841
-10
-211
-31
532
41
587
1200
-31
238
293
-492
352
-756
649
535
-192
-240
142
1059
-38
952
-635
848
-86
-545
-565
-202
-504
-548
159
-766
490
-1153
1128
31
130
-290
73
506
-156
-239
209
1375
-842
1066
-1520
789
-643
-1261
-100
-405
1114
-1736
719
43
1297
-449
-170
306
506
229
-1720
803
-1061
1075
-1796
-465
1536
-631
294
-133
927
219
132
-1127
1415
-396
-177
-779
113
2477
-1340
203
-1705
511
-1079
-1274
158
142
573
-1356
1562
-102
656
-81
-592
1210
-223
-928
-549
-14
-191
-554
13
1330
-919
-216
-675
743
564
-1867
-7
-383
1406
-12
-843
498
1156
638
-33
-203
258
-99
-362
-547
-387
1337
169
583
-126
666
532
-25
64
-626
212
84
255
-619
-218
41
1040
917
-668
13
410
661
-422
-185
-403
283
1014
80
-13
292
587
-874
-139
8
-123
135
-112
102
195
534
409
-306
-350
702
113
30
-153
-488
-84
-482
-488
-812
-77
231
8
237
-454
-181
378
785
455
376
710
731
808
-39
-354
-153
171
-78
-777
-242
250
32
-830
-829
321
539
-204
-445
-41
461
-556
-1370
-191
592
407
-372
-367
5
-65
-264
-507
-575
339
154
-988
-643
343
-53
-738
-62
226
-81
-41
-231
-30
634
195
-110
201
507
159
-208
-145
67
-226
-165
20
-74
45
70
385
530
769
1
-627
639
-149
-411
199
-535
353
-15
-611
116
-316
-356
592
-379
-154
299
-382
21
-779
-416
1385
-72
-733
483
200
193
235
-423
-309
88
-544
-431
-543
342
386
-832
-806
481
609
19
-532
-624
997
155
-1321
-278
633
-182
-400
-687
201
838
-70
87
613
815
379
95
517
995
586
-178
209
1048
1388
238
-354
348
324
-94
-637
-212
360
-56
-604
354
687
-22
-738
-632
-25
-256
-693
-259
475
156
-204
-334
784
889
-846
-1357
-408
96
-169
-1310
-848
812
545
-521
-267
1038
792
86
-393
-292
179
121
-308
-618
-390
641
348
-834
-667
174
876
635
333
222
651
440
318
307
54
102
-104
-196
229
581
512
227
-224
-10
533
278
-517
-292
17
51
-123
-147
-229
-436
41
635
229
-49
-90
-185
-122
-165
-290
-735
-583
349
20
-1197
-618
151
504
-33
-573
-184
305
-254
-509
-19
282
502
-190
-142
573
585
-285
24
1025
565
-57
-77
374
337
-183
-44
497
507
-134
-532
793
1530
-506
-950
748
975
-247
-348
243
787
485
-531
-167
394
103
-488
-907
-141
154
-741
-869
-460
-130
78
-503
-386
319
-550
-656
80
74
-429
-363
389
718
426
-109
-319
87
-313
-610
35
1003
535
-775
76
667
-88
-502
-60
223
468
-20
-673
148
571
-226
-207
633
756
84
-433
-209
-68
-494
-316
320
1035
395
-842
126
1341
438
-798
-89
1091
492
-1049
-939
-175
803
558
-1014
-654
1114
390
-459
21
-484
699
532
-1278
-293
-104
-1019
-628
-345
-207
265
-287
-624
823
449
-1115
-469
132
-295
87
-363
123
1019
1155
240
676
1312
-476
-466
-669
-1384
183
651
-1288
-375
1223
-440
-388
1124
-1421
709
1316
-2207
265
1167
-390
166
555
-354
616
857
-1338
-591
575
-980
-55
248
-566
249
979
-396
-565
857
-655
-802
792
-571
-186
2223
-762
-975
1516
-732
-92
1147
-1783
-1032
1048
-98
-886
1879
1919
-546
1233
-1047
-2620
2032
1258
-1579
1613
-56
-1577
1529
-1234
-1064
1527
-1081
-1502
582
-302
-1437
740
759
-1339
1581
649
-1653
1150
493
-1118
465
210
-764
706
-32
-551
635
48
192
1009
688
91
-422
-568
-771
-879
-326
421
30
236
453
106
302
2
677
986
-323
135
273
-680
136
-932
-732
745
-507
-67
1
-155
745
-476
-489
-414
-524
-226
-267
688
299
979
861
-416
-44
-187
-380
318
302
-466
848
838
28
729
565
594
-43
-1033
-257
-65
-481
-956
-665
798
450
-442
146
816
288
-294
357
812
-287
-613
-360
-303
-653
-753
-12
423
94
-814
-55
471
232
-168
293
1759
508
-656
52
717
430
-768
189
907
-54
87
315
130
-192
-259
-277
-288
-871
-913
-11
704
277
-1115
-83
838
591
-127
-610
420
528
175
-670
-370
1584
41
-1432
1066
165
-1128
200
-550
-190
548
-1751
-1261
326
-213
39
-1487
267
1100
-842
183
-71
1234
140
-2043
1238
292
-353
1122
-652
545
534
-631
-233
-84
620
-487
723
1306
-372
300
-1504
177
2333
-396
-380
575
1214
739
-1015
254
295
41
27
-934
941
-107
-558
962
-272
-128
179
-753
-593
18
48
-222
290
59
197
307
-593
98
241
-169
-559
-802
379
246
-1083
-1069
-67
-1283
-2271
1991
-2773
-3165
6681
-4703
-3356
7898
-4471
-1024
5096
-3079
-858
1465
-1160
-1903
1277
1035
-2027
3330
-786
-3247
4782
-1696
-1291
4175
-1639
-464
1830
-207
772
732
-928
501
1449
-3998
610
2604
-4938
2569
1584
-3016
-592
4166
-968
-5360
7732
-2385
-2129
4308
-4000
1132
-1120
-343
1234
-869
1265
-1726
1074
-217
-1595
2382
-1845
275
1426
-708
838
357
493
-1028
322
266
-277
1247
-1043
-627
-434
-364
136
-1094
1730
-516
-89
185
-1582
3761
-1217
-990
6312
-3878
-5133
11846
-6054
-7940
14114
-8550
-1826
8577
-6931
1471
3361
-39
-3897
5812
1267
-6616
7916
-4639
-631
2697
-5455
3358
-125
-1002
-1304
1154
-490
-2470
2548
-2720
2377
376
-4175
3706
-1321
-504
203
649
2691
-1384
774
-2222
1211
1708
-3104
544
-773
825
-891
-1192
1255
-210
2308
-1911
-691
2177
-1427
431
-488
-875
157
-375
675
199
830
477
185
490
-27
574
-318
155
-213
41
423
-490
534
-50
-95
217
-59
537
-339
-707
-450
632
714
-725
-684
-1089
643
276
-1213
155
-278
-677
-670
-360
740
-409
-1269
1362
-572
-3333
2758
-975
-5329
7602
-1743
-5888
10018
-3236
-2749
5101
-806
182
1034
2646
-6097
3570
3155
-7050
5680
-1077
-1073
1287
-83
906
-2526
3629
-2376
110
922
-3223
2194
-2168
1130
-302
-1060
1815
-726
1106
-437
643
-460
-69
1420
-626
-162
-1820
-304
300
-1182
15
-673
-210
221
-133
128
-148
327
-4
427
591
288
-611
-597
840
-191
-439
-112
744
1390
401
-660
1369
1300
-735
-322
-342
-138
-836
-626
-1124
405
1760
-147
-204
185
145
-372
-707
-411
579
623
-198
244
-88
135
880
-401
-165
-157
-555
-316
480
-10
-869
51
-795
697
715
-993
70
677
-531
-2009
-234
132
-395
905
297
245
-454
214
686
-163
606
-227
536
510
119
-402
-49
1589
330
118
16
-24
379
-485
-1049
-728
665
496
-667
-365
153
931
20
-859
1557
1098
14
-415
-889
1063
-159
-622
122
325
-612
-546
897
126
55
-105
23
616
805
-455
-339
677
-119
-160
-421
59
496
-1144
-877
-168
225
-324
-1364
162
842
-305
-1145
-493
572
70
-482
278
675
509
38
303
229
32
787
182
-353
-392
-429
-66
-321
-509
-368
154
139
-204
-85
-413
89
444
172
-58
204
418
101
100
-95
786
646
-321
-578
-349
525
-173
-1220
-434
521
-127
-281
-162
-299
338
-630
-632
1533
684
-199
398
904
1030
-27
3
382
380
-237
-425
344
-285
-178
220
197
886
75
-631
-683
-710
578
390
-939
-133
551
-189
-789
-217
175
704
-62
-307
656
-178
-157
-12
132
428
-362
-855
91
414
54
-1318
-933
453
-159
-81
109
-559
-780
389
293
136
-78
-609
355
926
-18
-1034
-153
863
-66
-877
-105
725
727
-131
-219
693
342
-127
-1
371
1074
869
-249
-1054
282
623
-593
-224
516
761
354
-444
-970
-72
1287
849
-704
-266
472
512
512
-572
-748
-65
454
-526
-1863
-537
660
3
-421
-19
760
891
623
-518
-905
295
-41
-565
-710
-222
740
-284
-102
197
97
146
-956
-694
-617
-407
-638
-296
830
459
99
209
278
95
-279
80
-209
-525
218
-313
-45
355
1288
746
-438
762
590
398
184
-597
417
1169
75
-256
709
1059
337
-335
-654
-177
169
-832
-762
285
-56
-732
-398
157
-227
44
233
240
256
0
-150
-148
-63
-336
-155
-88
-66
-782
-925
-365
121
-309
-815
167
829
54
-804
-124
514
202
-154
-68
174
137
-387
-374
488
103
-474
187
1041
384
-564
-77
584
662
-421
-709
260
1105
622
-511
-121
1606
1165
-264
-153
717
654
-440
-650
-125
61
-821
-624
389
625
6
-649
-588
311
-278
-730
512
298
-524
-799
-403
405
370
-529
-886
-408
78
-469
-508
666
967
356
-145
64
415
127
-305
-351
100
636
-202
-598
-13
487
574
-201
-198
551
541
-463
-585
298
708
74
208
476
320
-173
-396
426
592
-93
-599
302
636
-572
-1055
-216
441
-35
-221
304
336
70
-962
-1142
-129
124
-858
-1336
-536
524
628
-406
-702
182
279
-118
-374
-546
-75
17
730
560
113
-493
-326
472
-561
-1080
-769
-5
452
-81
-136
1075
1632
359
-528
690
949
194
-202
27
798
654
470
32
250
522
-168
15
599
38
-390
247
-122
-1149
-736
3
88
57
-290
-210
-151
-321
-1
37
182
453
-312
-585
170
207
-544
-344
206
32
104
-335
-406
246
246
-213
-171
-181
-534
118
470
-427
-144
574
1101
887
-201
164
293
-86
-476
-311
383
303
-264
-654
-237
-87
-341
243
610
225
210
449
459
488
402
222
57
-24
-123
-58
-53
20
-341
-955
-143
276
10
-772
-588
11
250
51
-571
44
145
-6
13
235
152
59
77
108
17
-338
109
319
-214
-536
-106
27
-264
-141
134
207
-126
-367
-221
387
380
32
604
680
338
-363
-339
573
883
345
-89
83
335
79
-506
-126
735
979
-262
-762
259
540
-275
-840
-873
-433
-113
-464
-639
49
962
360
-716
7
463
-267
-393
-155
160
-227
