-105
-139
-97
70
57
95
230
66
29
63
-25
-74
-146
-131
-79
-94
-100
-183
-124
-90
-135
-55
-8
1
31
117
61
31
-40
-83
-58
-69
-108
-153
12
-36
-77
-89
-75
-64
-14
112
118
180
54
-23
-104
6
15
-74
-128
-97
-33
-45
5
14
64
59
147
92
108
102
127
238
254
218
137
54
115
20
2
25
-26
84
156
125
160
307
163
202
122
168
161
26
69
54
-67
-141
-172
-141
67
43
-67
-31
-56
-125
-46
-68
12
-27
-90
-185
-64
-62
-119
-49
-92
128
117
189
336
238
106
97
93
34
25
104
6
22
6
28
51
11
8
-58
-6
-60
14
-20
64
-18
-25
-4
-3
-98
-111
-101
-153
-36
-136
-79
-139
-72
-194
-83
-35
26
-32
-49
27
-58
-35
-157
-201
-274
-144
-190
-126
-180
-176
-61
-75
-187
-154
-33
36
4
-14
-20
-60
-11
-27
11
-110
79
102
44
74
-19
-66
-88
-42
-24
-6
3
-36
-13
-25
13
22
-82
-107
-159
-178
-138
-39
-77
2
-98
-148
-119
-153
-54
-116
-71
-88
-22
8
-106
-27
50
97
144
142
175
172
117
96
196
44
39
115
158
238
173
126
41
44
6
35
-54
24
7
-4
43
1
10
0
56
81
94
24
110
96
46
66
64
56
110
172
157
147
54
105
116
127
129
66
218
112
53
37
111
138
-24
89
-4
-7
20
-26
168
158
118
195
126
137
106
1
63
50
5
113
60
62
190
181
50
3
3
-11
-62
-148
17
13
-56
9
-87
-83
-32
-40
-92
-87
34
-80
-99
-87
-135
-100
8
-4
-14
-40
-78
-53
-60
64
14
-109
8
3
-47
-7
-27
86
-63
4
-87
-87
-27
-95
-108
-222
-160
-238
-150
-146
-299
-217
-116
-147
-170
-170
-111
-50
-86
-61
-49
-100
24
-63
-41
12
-7
-6
27
-36
-159
-145
12
75
34
-58
-180
-111
-119
-75
-28
70
82
134
121
119
114
49
33
-34
-78
-106
-128
-170
-122
-63
-56
-20
-46
29
10
-61
109
44
-21
45
68
36
49
110
43
27
8
19
106
101
114
186
182
106
71
9
-57
5
-43
-38
90
15
117
45
100
166
75
191
74
151
237
265
190
62
1
44
2
-61
40
35
70
86
58
29
45
-5
-11
18
-65
-5
28
16
132
62
127
62
-27
-72
-133
0
-41
26
-97
-78
-40
-47
94
-28
59
89
-10
-39
56
11
-78
-75
0
131
69
129
83
85
37
-99
-15
-19
-62
-29
24
10
-53
-111
-51
-36
4
15
-105
-70
-97
-135
-183
-183
-136
-179
-182
-59
-35
-143
-189
-149
-19
-18
228
224
208
177
-38
-76
-60
-40
-86
-47
-45
-100
-143
-26
-49
-124
-56
2
-44
-3
-20
-51
-156
-272
-205
-116
-210
-109
-239
-229
-44
-145
-21
58
129
98
262
270
153
199
92
37
111
28
36
143
154
147
215
240
198
240
109
6
22
-28
-93
-196
-50
-59
-36
-7
-18
-15
-42
69
140
119
66
186
155
128
61
25
-20
57
61
139
114
43
68
-40
-44
22
44
13
120
171
118
33
17
49
59
-15
-3
-73
93
-22
-234
-96
-33
34
-64
-3
-35
-42
-32
-108
-220
-57
120
15
37
89
66
25
-37
-90
1
18
33
85
-21
-58
30
-75
-96
-155
-57
-93
-104
-47
-113
-100
-92
78
-5
21
7
-59
89
-87
-151
-84
-17
56
164
152
-22
53
-17
14
-48
-4
-6
-106
-149
-74
4
-17
30
-20
3
-13
13
-95
12
-80
-119
-145
-238
-156
-317
-232
-164
-203
-48
57
112
116
134
160
12
64
-106
-123
-19
0
46
-41
36
109
110
207
280
279
223
106
115
-60
94
114
3
31
-67
-44
-63
-89
-6
15
0
92
80
185
198
88
83
-24
6
36
73
147
46
64
3
86
124
195
243
180
92
80
49
31
-19
-131
-62
-139
9
-37
53
73
-24
-83
-2
117
56
126
38
57
53
39
138
144
56
21
-40
9
58
13
-7
52
-41
-25
-64
-34
101
26
-48
-144
-91
-168
-169
-51
-27
-1
53
40
83
104
125
57
38
113
106
38
88
145
70
97
54
39
37
96
141
140
68
4
-55
-165
-159
-47
-9
-119
-122
-69
-142
-229
-228
-277
-298
-254
-419
-396
-329
-329
-228
-242
-283
-305
-268
-130
-33
-106
93
44
-111
24
-42
1
-52
-73
79
-47
37
34
-125
-142
-81
38
31
57
-82
-104
-191
-98
-13
-48
6
-46
-40
-96
12
-107
-121
-113
-63
-110
-78
-63
-27
-40
-120
46
-175
-185
-71
-57
-130
6
37
-55
-21
60
-100
-192
-45
12
-34
-16
-45
-188
-157
-204
-109
-3
33
25
98
176
190
195
110
51
52
27
90
68
118
193
209
315
272
212
292
290
217
138
32
15
22
4
76
55
39
222
-27
-123
-7
-86
-64
-11
-77
27
56
-104
-102
2
66
-28
-13
-60
-134
-135
-52
29
6
73
126
130
83
102
196
161
125
64
59
113
83
45
74
22
44
85
-17
13
99
29
29
-21
-47
53
7
62
6
-29
35
-21
-51
4
118
152
50
-33
-152
-131
-2
-57
-138
-19
79
80
-12
9
78
-79
-54
-46
3
-31
-67
-55
-113
-38
12
-79
-73
25
-57
56
-3
-127
-65
-25
21
0
33
49
-7
58
255
277
100
-17
8
40
24
-8
95
168
54
-22
-24
12
81
-4
-16
25
-58
-79
-113
-77
-53
-60
-28
-2
35
-21
-58
-3
51
-1
69
143
132
128
125
257
274
342
343
192
157
9
-107
-20
15
-5
-6
50
85
-14
-179
-139
-42
-84
-41
-8
-83
-32
32
16
-107
-103
-21
-14
-20
-93
-44
-19
15
-138
-110
-9
15
54
173
230
138
64
78
42
0
50
-5
-37
-64
23
-58
-39
17
64
24
34
-104
-83
-100
5
-75
-155
-19
-200
-131
-251
-246
-212
-120
-61
-21
20
45
23
49
-63
2
-110
-176
-234
-155
-129
-277
-211
-196
-40
-197
-131
-180
-98
-167
-191
-105
-6
72
38
139
217
127
16
126
-29
-54
-36
-16
32
95
124
74
-20
-27
6
6
-64
-239
-94
-66
-165
-64
-128
-137
-172
-158
-52
-110
-15
-46
23
25
1
-4
-17
-52
-132
-15
4
-59
-56
64
103
53
53
134
69
133
213
143
75
65
146
119
74
64
27
64
87
151
74
-20
3
16
124
91
109
111
-35
31
124
49
87
71
198
56
-17
58
43
92
17
27
20
196
73
89
130
52
95
115
165
26
-34
-10
38
69
127
59
7
-20
58
42
-6
36
100
140
88
124
108
105
66
50
-17
8
45
26
1
-1
-63
-24
-20
5
38
35
67
18
-28
-108
-95
-164
-226
-293
-129
-170
-130
-60
-31
42
18
-23
16
86
-130
-118
-99
-184
-177
-183
-219
-267
-237
-143
-120
-77
-73
-15
-49
11
-36
-4
14
-127
-136
-103
-93
-50
-112
-209
1
-126
-243
-123
7
-36
-24
-53
-142
-125
-159
-239
-172
-22
76
23
54
52
85
149
205
296
212
359
192
248
185
97
117
37
42
3
3
-43
29
-29
-48
-154
-63
38
4
14
-29
-28
3
-85
51
-6
-116
-5
-149
46
38
-5
-28
54
177
151
359
446
474
354
97
139
82
76
166
30
64
-5
32
42
6
127
115
80
110
85
66
5
-41
-142
-91
-27
-54
-67
20
-34
47
212
151
243
79
187
93
85
177
56
143
214
98
35
32
-27
-77
-90
-142
-98
102
35
-33
3
2
29
10
-88
18
3
-30
-68
-11
50
19
62
-38
-43
107
74
4
11
-53
-15
37
80
-17
-105
-88
-142
-90
-172
-203
-152
-165
-87
-72
-180
-137
-169
-318
-219
-185
-92
-97
-4
-114
-193
-100
-95
4
-19
-51
-93
13
-30
-106
-13
-35
-75
28
4
-10
-45
-118
-121
-152
-163
-227
-153
-50
-19
31
-79
-145
-88
-110
-15
32
74
80
-4
-26
-38
27
-78
-57
54
67
42
-14
-42
13
65
-20
-9
-26
35
-48
-147
-178
-81
-61
32
92
6
47
-72
-31
6
57
118
189
26
14
128
3
40
182
178
195
120
155
153
14
194
114
85
160
70
79
124
-15
-39
3
-4
-17
-42
-48
-148
-162
-171
-56
-123
-150
74
92
105
90
180
173
186
191
138
201
88
123
37
-22
56
43
83
-11
122
89
58
115
3
-41
-115
-92
-137
-164
-152
-35
-64
-91
-112
-50
-49
-107
-98
-94
-16
-71
26
64
152
135
215
246
82
108
86
-3
12
-2
24
-13
-20
58
57
24
-81
-98
-117
-68
-81
-28
-58
-141
-162
-86
-50
-152
-205
-85
-97
-134
-56
-108
-177
-88
-56
-78
-19
-10
129
55
57
29
-24
-21
-34
60
-39
9
9
-78
2
-139
-78
-17
-24
-6
54
6
-115
-18
-31
-42
-81
-11
-22
-9
247
253
165
188
197
248
107
36
86
94
85
-46
-61
-76
-107
-83
61
86
99
103
42
58
66
78
57
85
-60
-41
4
-22
-24
12
54
57
193
225
97
48
60
26
31
108
175
-28
-31
-32
-91
22
-6
44
51
-30
48
100
81
5
-57
14
92
90
105
101
129
185
89
94
34
32
79
189
148
56
99
37
104
-8
13
35
28
-17
-71
-128
-103
-76
-228
-25
0
-23
46
-21
21
51
-49
69
48
-125
-113
-121
-98
-92
-147
-175
-168
-100
-20
-61
-15
-73
-89
-167
-119
-194
-160
-123
-266
-196
-159
-83
-87
-90
-81
-38
-56
89
-14
-30
-164
-99
-41
-141
-54
-59
-49
-76
-6
-27
97
38
41
-40
-113
-1
-23
12
-5
-123
-80
-113
-106
-27
-66
-135
-112
-61
-111
-92
-181
-73
-80
-92
74
1
89
141
132
83
100
111
65
101
63
42
-12
23
-64
2
-43
-114
-10
33
168
-29
-117
-136
-224
-78
100
68
-6
90
77
40
-32
39
13
155
204
68
138
132
239
201
172
95
98
67
0
-22
-41
-1
30
125
131
9
-76
-84
-68
20
23
87
37
-62
-65
30
10
-14
117
10
78
143
149
139
126
142
235
375
90
51
73
-75
4
-9
-70
36
81
154
250
132
177
123
-42
-95
-135
-69
-102
-148
-50
-15
-77
-87
51
11
-62
35
9
-17
-42
-77
-196
-213
-48
-183
-281
-271
-215
-16
-80
-21
-86
-70
5
-43
-22
-245
-259
-237
-233
-260
-171
-94
-43
25
-25
43
-59
-28
-9
-71
-75
-117
-133
-146
-79
-94
88
157
13
39
41
23
97
205
189
143
119
101
-26
-77
-69
-106
-80
-70
-158
-210
-214
-282
-238
-199
-37
-145
-85
12
-22
4
-41
20
-62
4
7
73
100
51
158
67
55
109
70
162
121
58
62
89
132
136
113
191
76
24
84
1
-33
125
171
117
89
26
175
79
76
111
-1
-26
17
-34
37
65
160
52
156
274
207
203
177
118
-6
195
46
192
105
-4
-3
16
91
59
59
-58
-34
-60
-41
-75
-76
-6
7
-26
96
81
54
59
-28
0
-10
45
20
132
215
63
129
71
80
62
37
35
-15
-28
-142
-173
-71
-177
-179
-115
-111
-51
-64
-10
-52
1
20
38
152
238
168
35
14
87
-3
52
75
41
91
105
164
57
32
30
-54
16
-51
-55
-23
-112
-61
-172
-170
-118
-164
-277
-185
-185
-305
-237
-257
-133
-48
-109
-38
27
20
-16
-104
-34
-55
-136
-11
-12
-61
-38
37
147
178
182
180
56
-53
80
53
-103
-52
-81
-116
-96
-38
123
50
-31
-115
-117
-73
-223
-292
-181
-105
-94
-80
-104
-54
-50
107
172
79
103
120
43
82
142
-4
-24
21
119
156
203
127
58
58
29
52
42
52
-48
-74
-25
56
-21
5
73
142
304
216
119
100
-6
-79
-254
-223
-75
-108
-69
10
-14
31
173
191
333
196
50
-37
-69
-144
-101
-127
-271
-215
-245
-152
-207
-96
46
6
-87
23
1
-17
15
46
-41
-140
-33
-46
-19
-81
-25
-13
-9
37
53
25
151
68
-6
34
-25
15
-81
-193
-180
-175
-163
-229
-232
-103
-109
-105
-54
53
-35
-70
15
43
-24
58
-90
-119
-47
-121
-46
-80
-39
-160
-66
-26
17
86
33
53
92
83
2
-27
-39
-40
-126
-65
-83
4
99
57
27
48
140
180
108
-98
5
85
37
103
68
-24
32
7
-46
15
9
0
-55
14
44
42
143
98
107
35
-37
10
72
96
106
132
83
64
51
38
-42
30
118
172
153
24
-27
10
153
11
176
228
-43
197
-154
-84
179
-116
344
-39
92
361
-171
467
57
99
399
-53
335
109
-70
94
-75
101
61
-67
257
-73
