122
43
140
108
428
65
107
-50
268
283
188
288
205
61
103
210
242
300
56
155
72
107
9
-89
-140
-168
15
-108
-62
-80
48
-214
-236
-189
-337
-130
-330
-328
-192
-366
-238
-363
-300
-262
-358
-91
-368
-281
-157
-240
-194
-443
-485
-681
-612
-238
-422
-230
-414
-400
-245
-200
-129
-236
-232
-193
29
33
220
7
83
-161
-3
43
-199
-99
-435
36
-276
-28
277
431
1085
657
-1134
-1677
-1010
-220
478
417
393
444
308
-101
-452
-686
-322
304
606
493
507
398
68
-298
50
-57
34
-120
-108
-212
-151
125
260
-6
-77
-22
-199
-359
-467
-285
-529
-211
-237
57
-21
390
-22
-54
-270
-271
40
-74
354
349
554
323
155
-22
130
284
205
155
38
141
118
188
138
288
339
319
395
380
462
222
98
133
492
485
347
-71
-44
-153
91
217
256
337
313
364
30
-32
-205
94
104
183
192
325
247
71
98
-129
-64
-75
19
-167
-282
-165
-105
50
3
76
79
-46
-103
-246
-207
-162
-282
-339
-237
-168
-184
-108
-64
-213
-241
-50
-278
-169
-266
-369
-190
-182
-17
15
47
-65
-74
-160
-222
-107
-106
-122
-81
-144
-171
-14
24
-55
-52
88
-39
-18
15
-40
6
-112
-15
-165
18
-164
-28
92
-48
83
-363
-39
-259
75
-75
-124
115
0
229
-13
113
-33
111
-78
10
-229
-94
57
-119
91
-79
39
27
66
76
6
143
142
232
192
236
35
63
206
181
303
129
210
-15
235
320
367
226
102
-22
-72
183
158
109
-70
207
243
120
34
39
182
268
380
113
135
19
124
232
123
193
76
280
195
67
124
12
53
-143
-213
-40
-176
-37
-157
-46
-197
-82
-79
-163
-257
-239
-201
-151
-161
-309
-1
-110
38
-29
21
-154
-131
-180
-127
-94
-222
-76
-208
-1
93
124
123
262
109
26
116
-161
-186
-226
-168
-152
-131
-122
-196
-143
204
155
129
-140
-240
-95
-207
140
40
79
75
-62
81
-50
144
145
47
180
262
384
227
25
58
93
-170
-126
-188
-102
-49
-122
-192
-336
-317
-240
-126
-17
62
65
61
-81
58
12
48
-14
-35
222
71
198
102
398
392
368
351
81
109
31
141
201
249
180
131
257
386
100
323
106
212
320
289
-8
-461
-620
-454
-46
151
313
150
259
-270
-413
-860
-776
-406
-72
93
-177
-240
-277
-213
-150
-219
-27
45
-361
64
-224
4
301
264
117
-251
-173
-101
191
473
15
-170
216
-178
37
302
-137
-164
325
-267
-256
307
-371
-93
-72
-392
17
657
228
266
365
-56
278
179
324
-63
232
-79
-325
106
8
-153
-80
-169
-492
-143
67
-81
57
246
-217
-165
57
121
-181
-156
-754
-1103
-371
-90
-130
37
-234
-302
278
532
292
391
66
-507
-503
-604
-122
178
313
34
-100
-112
320
260
266
98
-174
-67
-14
359
279
216
-82
-357
-186
149
240
548
407
123
120
246
467
295
-17
-527
-919
-476
-435
-66
-227
-328
-207
4
102
21
364
-159
-21
-94
-201
85
443
78
-214
-142
-537
-541
126
189
279
328
212
185
389
582
513
277
-260
-583
-416
42
-112
192
204
187
241
461
394
541
274
70
-23
-173
-186
44
275
-233
32
-302
-323
14
325
75
28
-26
-24
439
708
410
-53
-176
-435
-242
-42
25
-103
-171
-160
239
296
266
364
361
117
-117
49
-34
223
413
-156
-445
-207
-709
-445
58
45
190
414
418
337
731
606
365
-151
-122
-487
-283
-226
-315
60
-237
84
77
438
298
306
221
-366
-243
-70
-444
-247
-62
-562
-435
-426
-858
-634
73
-283
-218
-192
-207
114
476
405
-44
-263
-455
-492
-338
-379
-559
-231
-267
40
-21
188
142
189
83
-292
-173
143
-103
242
205
-257
-192
-295
-369
-564
195
-8
116
6
184
351
721
490
226
141
-194
-382
-359
-326
-468
142
201
446
377
233
207
513
497
147
168
415
238
545
630
275
322
175
-302
-144
116
-34
242
249
367
299
564
611
152
223
-123
-235
-215
-379
-348
-164
-122
-162
223
290
373
350
107
24
-53
11
-228
-206
120
-135
-482
-403
-424
-541
9
-66
27
36
98
407
535
527
39
21
-190
-277
-393
-217
-254
-351
-368
-484
-103
79
167
294
182
-150
-266
-161
-11
-54
268
551
321
148
139
-286
-399
10
-91
-137
-41
49
359
505
423
224
-24
-48
-467
-668
-814
-796
-556
-583
-690
-349
-155
31
54
-15
-41
-276
-95
-431
-318
-148
155
78
16
-181
-430
-519
-235
-204
-114
161
148
587
638
684
120
-14
28
205
105
-37
-210
-81
66
128
310
287
683
446
562
221
243
295
248
117
-24
280
161
118
-314
-434
-583
-352
-64
-74
85
225
311
554
488
491
170
72
-319
-489
-772
-559
-518
-629
-256
-365
138
-16
210
19
97
-42
-151
-126
-62
-380
-299
-83
-103
-140
-234
-590
-367
-44
-45
234
19
322
487
742
392
449
29
40
-174
-199
-119
-323
-15
-124
210
163
343
372
258
255
71
-16
147
-68
-120
-50
52
15
-147
-134
-293
23
-46
32
50
127
158
337
458
452
437
410
266
-39
172
-123
-71
-249
-63
-156
33
80
-12
133
-116
196
36
153
71
322
247
290
69
-92
-42
-205
-104
0
-75
-30
71
-50
324
358
584
110
100
-143
-95
-45
-90
-258
-264
-326
-301
-113
-185
-50
-34
46
-65
81
-73
71
-124
24
142
235
-166
-136
-142
-85
76
-89
-171
-21
10
356
545
310
305
145
166
-251
-470
-327
-379
-248
-288
-348
-63
-15
60
-93
148
-19
304
-33
193
-14
-24
19
3
144
-368
-149
-392
96
-140
-47
-277
-143
34
-24
339
186
127
-21
51
-157
-336
-268
-575
-428
-558
-300
-338
-308
-240
-486
-96
-146
223
-164
74
-118
90
335
192
272
73
206
167
153
278
263
-30
346
377
634
606
516
491
376
522
229
-4
188
20
89
15
76
168
175
254
214
451
284
75
56
64
8
136
104
187
95
162
5
64
-24
-121
48
-61
26
152
194
217
165
24
-80
-359
-557
-505
-434
-389
-219
-384
-160
-327
-151
-283
-196
-135
-132
123
-154
-37
-272
10
156
74
74
-47
-49
32
-77
162
78
14
19
6
306
344
99
-79
-119
-95
-37
-114
-93
-178
-227
-167
-81
-104
-94
-184
-141
-145
-148
-175
-127
-26
-18
-125
-180
-365
-294
-334
-377
-240
-205
-35
-274
-395
-293
-218
-114
-96
-236
-293
-270
-192
-149
-308
-388
-291
-138
40
-80
3
-28
184
231
150
145
155
275
371
326
322
222
297
293
155
121
-1
348
173
210
165
119
274
434
524
348
424
368
345
247
-102
158
29
106
24
183
166
158
215
-207
146
204
661
502
376
32
304
415
171
283
63
272
-120
108
-127
38
126
-58
-50
-251
81
115
134
-16
-30
-22
-61
-202
-217
-253
-172
-54
-145
-17
130
-218
41
-128
57
99
-58
88
-215
-82
-161
15
-30
121
-51
55
-139
-30
-193
-187
-194
-183
-45
-204
-123
-343
-47
-205
-150
-481
-319
-215
-189
-348
-544
-468
-434
-228
-214
-305
-139
-108
-148
-210
-379
-68
-179
211
201
231
83
80
200
188
298
147
311
157
211
72
88
-73
-61
44
13
53
-127
152
92
264
203
116
-1
-4
220
93
220
146
308
312
404
144
207
321
291
432
336
414
222
265
208
98
26
141
270
163
65
44
137
137
48
-47
27
-138
-177
20
-145
-39
-85
-138
-70
-115
-125
-10
11
-35
-104
-119
-33
13
48
88
265
122
154
-61
4
248
103
267
134
135
132
173
242
314
176
68
6
106
139
71
47
-263
8
-132
85
18
-185
-253
-179
48
38
102
12
-66
19
-145
19
-111
-162
15
30
132
32
51
-89
-25
-201
-73
-334
-168
-207
-126
-247
-170
-185
-165
3
-208
-226
-304
-232
-256
-242
-444
-250
-135
-59
-22
11
119
166
210
137
-187
-61
-106
148
-153
5
-223
-151
162
-78
81
-111
263
149
330
221
99
79
307
358
-14
184
325
296
332
76
85
41
0
75
269
-19
-46
66
-46
285
-10
36
-66
49
-54
-140
-446
-331
-166
-366
-104
-345
-139
-123
-238
-112
-250
-243
11
145
-46
-71
-313
-300
-233
-216
-33
-124
-61
112
265
-5
284
17
188
79
-30
216
176
265
1
116
-316
-150
-250
-259
-23
-67
222
41
-68
-96
68
52
91
208
72
348
175
491
177
176
266
177
344
226
338
23
145
-4
298
92
5
170
-215
7
55
5
-133
-75
-81
161
167
-134
-132
-468
-182
-79
-93
-217
-250
-206
-1
80
104
25
82
143
-109
-46
-232
-31
146
258
130
171
269
261
315
30
-1
-40
-195
29
-110
-132
-126
200
169
207
-228
-255
-53
-442
104
-283
-158
-307
-463
-268
-685
-239
-274
-290
-186
-300
-2
-18
23
-60
45
21
13
-25
125
145
-40
-3
-389
-19
-174
-64
-63
-136
78
-119
80
-173
173
-2
284
-13
80
-131
-181
106
-526
92
-431
-96
8
-175
-197
-169
-6
-195
-35
-130
-119
-7
-11
-107
65
-349
49
-90
-214
268
-108
630
126
433
326
249
529
366
386
184
227
212
434
26
299
-76
59
280
157
254
225
215
166
-10
220
15
398
304
392
513
-28
545
478
410
507
453
388
577
227
442
418
365
550
107
302
108
186
149
-289
138
-287
-24
-53
-245
-7
-228
-86
-211
-201
-2
-208
-95
-511
-714
-310
-937
-432
-434
-626
-191
-343
-298
-62
-207
-274
-530
-348
-383
-347
-364
-319
-347
-458
-472
-144
-58
-230
25
-308
138
-29
-25
-331
-366
-313
-299
-279
-555
-815
-170
-860
-555
-330
-670
-51
-209
63
101
187
-163
307
-13
175
3
376
34
447
298
-112
257
-205
113
20
33
-14
218
7
168
65
353
100
282
28
-8
381
-91
130
209
77
395
566
162
501
482
285
441
390
103
189
156
14
52
45
-408
13
116
249
410
-28
374
121
173
0
378
189
208
390
94
-66
335
12
-89
408
-73
229
264
43
121
330
-43
185
262
19
-112
-256
-634
-139
-75
-195
57
-103
-190
67
120
35
144
-51
1
-95
-72
-328
-187
-190
-635
-72
-342
-567
86
-469
-260
-166
-353
-108
168
-56
21
140
-191
-147
-134
-479
-370
-183
-336
-115
-340
-375
-243
-196
3
-29
-100
-192
-222
-137
-287
-423
-324
-393
-336
-70
-563
-288
-126
-165
23
423
8
6
69
-59
106
-221
-26
65
123
-15
179
-42
119
88
-56
52
209
189
119
147
248
356
409
239
318
79
87
-24
-113
282
-327
110
243
225
349
337
10
551
551
425
505
246
210
-36
2
30
205
117
297
164
245
166
283
346
438
266
317
415
358
324
120
100
54
8
-82
116
-365
-368
-190
-514
-393
-259
-299
-152
-127
-378
-428
-348
-161
-89
-186
-274
-391
-167
-72
-122
-155
-218
-147
-76
-185
-229
-307
-139
-104
-154
25
-285
-96
-183
-283
-57
-341
-335
-235
-79
-285
-82
-59
-407
175
-186
-49
195
215
196
-66
331
-177
60
-173
-234
-26
88
209
320
419
615
622
536
565
234
641
386
473
265
285
-4
233
-26
54
136
-141
22
9
31
-103
-71
-222
90
-36
17
-104
56
28
200
88
48
-80
-47
30
-209
210
79
-55
198
130
345
85
-160
-72
37
134
129
-44
-133
212
-22
10
-28
14
168
456
354
171
117
277
353
387
372
14
244
-43
-93
-60
-246
-173
-236
-53
-282
-222
-326
-496
-134
-380
-379
-337
-419
-209
-125
-441
-717
-216
-740
-255
78
-632
5
-182
-586
-218
-549
-553
-498
-592
-492
-496
-153
-864
-310
-525
-456
-386
-390
-215
48
-10
-443
317
-734
135
436
-190
427
-170
28
251
110
334
-179
356
530
169
495
234
-304
375
359
-205
422
132
156
585
349
376
407
247
273
647
46
469
667
-149
1048
116
-50
1023
-336
670
375
-393
649
-399
167
94
60
70
160
475
-241
915
35
-93
415
133
271
-15
645
-146
587
345
214
245
-102
696
-777
612
84
-301
776
-52
-254
272
238
-447
487
-144
97
-225
47
573
-1478
1047
-361
-823
1243
-878
-276
88
123
-1177
626
-153
-1532
1336
-1276
-422
577
-943
-94
-206
-174
-517
-65
-533
-557
62
-558
-422
139
-384
-259
195
-736
11
-437
-315
-236
-636
26
-510
-349
94
-431
-427
166
-244
-10
325
-390
-109
503
-616
-131
139
-573
540
168
-91
-196
558
254
-490
1028
-890
20
535
-913
335
125
392
-374
760
23
-1392
1627
-1772
-346
1526
-2671
1298
-231
-792
1359
-657
41
438
270
-481
1208
-477
-452
1163
-1126
490
503
-510
739
351
204
311
509
40
-260
827
-730
472
381
-498
1191
-580
