477
421
365
406
732
307
68
115
99
110
67
157
-195
-364
-90
-270
-281
-594
240
-268
-375
-242
-90
-434
-420
41
-342
-60
-88
60
-63
128
106
265
-79
257
-313
-65
121
-190
-134
-52
-333
98
272
72
18
-321
-10
-77
241
146
237
204
499
101
264
231
528
368
174
680
502
10
63
157
149
317
-219
-52
-219
-460
-337
-137
-372
-567
-957
-496
-852
-943
-429
-656
-742
-775
-638
-173
-226
-784
81
-337
-369
-488
-422
-112
-396
-98
-156
-519
-585
-259
-214
30
-524
-259
59
-300
-261
-281
-212
57
-258
12
365
8
601
651
520
413
230
348
525
348
677
465
356
532
417
638
-67
70
561
-77
-160
283
231
506
103
105
218
106
-542
3
264
-572
290
96
235
-83
-126
468
-468
-356
101
88
266
-25
461
245
-123
-112
32
426
-13
-12
517
-351
-266
167
-246
-180
-334
11
-400
-400
-54
-230
65
111
-126
-23
-137
-96
361
340
-155
426
637
437
263
159
145
227
327
330
375
624
184
-160
633
-3
54
391
183
217
555
255
116
-191
169
81
-1090
-108
156
-545
-440
114
-329
-103
-287
-273
-148
-584
-222
-727
34
105
-637
-220
-35
-581
-14
-129
-503
-330
-267
463
-405
-199
158
-75
9
223
335
-246
-131
-189
72
-150
-230
14
-266
-20
85
74
190
-19
218
579
34
313
159
26
389
-360
117
747
365
48
45
520
59
85
309
569
288
121
375
-236
212
57
-215
96
-276
-96
-421
-182
-316
-772
90
-617
-195
-198
-467
-100
-301
-197
-107
-178
-314
3
-191
-6
-100
-21
756
97
-223
22
48
62
-103
238
428
89
-441
160
-48
159
33
-206
464
-112
-103
358
200
22
152
460
224
-585
414
109
-658
-419
-212
-266
-527
-331
134
-117
-751
-116
-215
-146
-254
-42
-63
-413
-99
-4
91
-146
344
340
-74
52
-49
155
62
-511
-91
-262
-116
118
193
90
-885
58
140
-215
-52
151
190
2
56
156
192
-66
116
316
554
-207
31
43
243
50
158
390
144
406
84
707
63
554
532
31
39
467
551
458
220
751
582
-437
209
153
-184
158
232
-16
75
-236
216
-567
-255
-194
-274
-284
-306
-329
-392
-436
-431
187
-204
-40
-317
-236
-394
-524
-120
-312
-161
-257
121
-157
-22
219
-405
141
-329
372
295
318
321
456
219
-17
-75
135
349
58
252
-51
204
-383
-6
-139
330
-229
46
-287
49
56
-77
120
-117
191
-392
207
64
-206
57
544
-200
-106
-153
190
-361
-364
-76
-632
-761
-810
-590
-648
-861
-472
-483
-79
-518
-288
51
-246
174
-75
249
-433
-81
327
-85
-548
-59
201
-16
-42
535
113
200
250
375
-23
-76
594
335
709
350
436
723
518
343
882
634
557
474
741
432
259
744
732
358
-34
478
211
560
514
47
145
147
292
486
512
-2
575
46
122
177
-172
130
-249
40
83
-212
-286
-14
102
4
-195
61
-304
-309
119
41
-20
21
-126
-30
46
-43
71
58
-129
181
-78
-75
298
-65
115
43
-292
-515
-187
-91
-316
-284
91
-176
-120
94
-255
-112
66
168
161
-318
-55
45
-296
-121
-403
-542
-313
-366
-563
-889
-877
-345
-1088
-678
-558
-592
-159
-534
-560
-496
-436
-262
-181
-211
-221
-259
-330
-399
-50
-150
-97
-315
14
-43
-201
145
80
72
-148
-386
286
31
211
132
-42
82
71
345
99
4
317
737
20
137
189
744
588
305
320
724
750
425
768
659
695
602
616
651
527
528
471
250
491
397
155
166
567
350
-383
127
-111
-177
263
398
363
176
228
78
168
311
486
19
-53
-65
25
-263
-66
-229
-59
458
180
70
-31
207
141
322
-73
-66
-54
65
-292
-307
62
155
-59
-512
29
25
-281
-183
-39
-31
-212
-253
-120
-292
-265
-420
-174
-336
-307
-320
-210
-239
-422
-168
-101
-141
-400
-278
-503
-354
-504
-289
-654
-593
-642
-692
-815
-840
-533
-926
-451
-443
-262
-451
-544
-527
-193
-277
-230
-227
-310
-403
-465
-245
-369
-267
-368
-84
-1
13
-271
53
175
291
225
27
358
376
370
356
660
447
529
433
297
771
440
249
147
292
548
508
394
493
281
296
252
549
735
457
442
352
543
521
727
459
451
439
250
-45
236
133
93
-36
57
-239
-179
-193
-239
-55
-412
80
-60
30
-242
-288
-60
15
-167
-57
259
270
72
110
262
350
43
217
146
249
231
-49
155
87
76
-47
-28
-122
52
-47
-119
48
285
262
240
-39
78
124
-69
129
-72
1
-58
-119
88
-10
-72
-212
-347
-215
-127
-237
-187
-366
-264
-273
-358
-261
-202
-208
-440
-328
-490
-352
-572
-320
-672
-513
-266
-234
-16
-369
-302
-479
-286
-492
-423
-311
-41
-55
72
110
284
58
189
454
480
429
243
430
140
165
8
102
-69
-146
-134
-80
95
111
1
-89
85
205
209
223
232
401
460
370
306
180
-85
80
239
576
424
113
219
110
91
181
-45
-126
46
43
117
88
-70
-168
131
44
-94
-156
-27
-46
-54
-343
-105
-113
-189
-447
-307
-69
-149
-242
-311
3
-101
41
-204
-54
-36
59
228
412
10
98
-55
-67
74
168
129
-218
76
-133
65
-66
-10
128
-112
-309
-116
-349
-213
-118
-33
124
-106
15
-64
-137
-177
4
-115
22
37
-90
-9
106
10
-204
3
95
14
159
-139
-94
-93
-376
-187
-364
-234
-318
-309
-265
-225
-364
-64
-48
-216
-171
-272
13
105
-5
-328
-28
-27
128
-2
69
336
542
656
370
149
422
412
257
353
333
402
489
391
361
590
338
348
183
32
229
574
332
494
253
335
238
229
284
-28
229
218
175
-68
-113
-75
465
10
273
79
-19
35
-217
-131
-154
-305
-282
53
-245
-243
-327
-157
-63
-136
-106
-192
-376
-74
-214
-184
-151
-215
-468
-163
-36
321
146
18
63
-98
223
203
159
-67
-39
-123
-41
46
151
-11
-44
-139
-147
-281
-92
-84
-266
-440
-133
2
-87
-161
-98
-222
-161
-230
-127
-70
-127
102
268
122
-303
-301
-300
-515
-541
-413
-495
-388
-313
-214
-650
-210
-254
-316
-547
-98
52
-27
-249
-142
-195
-190
248
33
-111
-161
306
-291
-50
-258
-165
-164
162
375
239
407
382
697
486
467
521
474
673
758
408
500
384
456
492
652
592
543
499
212
162
-59
318
233
348
306
367
325
430
216
95
251
217
539
311
497
308
295
397
296
-48
55
-41
-320
-17
83
-421
-189
-45
-211
-364
-460
-493
-775
-526
-534
-478
-409
-103
-469
-358
-264
-262
-232
-350
-141
-207
-116
-142
-259
-296
-187
-9
-96
-195
-236
-321
-239
-150
55
204
243
-24
137
79
198
266
259
262
47
-130
-130
-127
-142
-69
-417
-177
-300
-263
-283
-211
112
160
-225
-280
-214
-314
-512
-523
-399
-340
37
-286
-333
-253
-91
-9
-361
-94
-12
-23
-83
-261
-180
-102
124
-235
39
-239
-273
-48
156
321
90
236
238
356
456
332
39
320
569
419
197
216
146
468
526
686
431
498
561
543
661
552
755
416
479
447
691
326
480
412
256
346
455
327
169
401
32
194
-195
66
-122
5
-116
-69
43
-314
-258
-289
-352
-358
-235
-466
-331
-515
-469
-516
-443
-646
-385
-517
-343
-257
-378
-489
-558
-372
-233
-60
-135
-104
-101
-9
-230
-497
-358
-47
-279
13
-362
-184
-310
-83
-181
-328
69
9
-17
-74
322
-21
-60
38
169
321
181
-225
-337
-18
28
-118
152
145
-46
36
-16
-44
-251
-150
-261
-473
-191
-264
-278
-390
-189
69
-84
-192
-353
-441
-353
-123
-120
-340
-311
-157
50
-330
-63
11
281
309
319
395
261
246
181
820
540
697
331
535
336
630
719
776
729
620
704
343
694
489
626
365
517
475
492
417
425
394
359
467
445
500
412
349
302
118
131
424
439
246
97
125
27
-56
139
185
183
117
-218
-372
-327
5
-335
-272
-169
-160
-174
-426
-435
-361
-186
-225
-345
-512
-488
-457
-275
-156
-117
-311
-546
-367
-139
-226
-326
-545
-284
-39
-104
-58
-413
-348
-162
-167
-111
-293
-321
-402
-193
-257
-158
-286
-239
-80
-161
-74
-311
-167
-470
-292
-367
-333
-310
-225
-388
-208
-180
-306
-208
-145
-206
-373
84
22
-29
-362
-302
-257
-227
-54
62
-150
-66
-165
-303
-176
42
-80
-192
-58
32
267
226
371
231
128
154
113
171
402
484
632
605
640
561
616
701
645
651
868
697
491
604
739
904
653
650
610
773
776
714
787
649
419
372
555
558
474
547
270
328
157
67
215
255
67
69
34
-100
-191
-258
98
-100
-160
-173
-29
-429
-235
-75
-165
-109
-48
-178
-164
-269
-150
-49
-293
-120
-472
-504
-283
-112
-238
-68
-205
-41
-112
-251
-131
67
214
7
-104
-34
107
62
-122
-103
-187
-197
17
-14
39
10
-60
-200
-100
-258
-304
-743
-402
-395
-670
-793
-583
-336
-464
-273
-405
-459
-229
-101
-140
-192
-342
-54
-522
-483
-589
-673
-414
-184
-608
-587
-513
-478
-414
-337
-316
-376
-372
-344
-254
-206
-74
-113
-11
-3
331
148
421
249
286
241
297
193
342
473
489
322
370
509
611
413
194
152
371
526
359
403
346
618
723
782
275
713
507
337
342
392
-132
33
258
387
455
366
394
-7
-91
-329
-412
-340
114
-248
-304
-296
-299
-204
-286
-176
43
85
-6
-71
-20
-12
120
-72
130
34
13
36
-24
166
-127
-48
-130
-90
-2
207
124
24
157
37
36
129
-35
67
-225
-226
12
-66
145
166
145
54
150
22
56
-10
285
264
111
147
-171
49
-89
-2
-117
-165
-211
-247
-163
-364
-526
-474
-565
-602
-469
-535
-524
-460
-528
-612
-418
-568
-273
-86
-119
-187
-359
-322
-152
-220
-203
-172
-290
-173
-132
-235
-13
-14
-206
-196
-245
-59
-26
399
264
262
304
604
498
260
460
535
614
266
621
364
343
122
235
230
107
-41
17
107
-25
42
-210
-168
80
183
220
93
130
154
125
81
-133
395
-106
167
-478
262
-278
98
-209
-22
397
-467
72
-120
454
-356
359
-296
-36
-239
89
282
-103
172
81
-62
68
-25
195
250
195
365
398
273
7
154
148
132
145
493
41
228
-176
41
16
-9
-175
72
-224
23
-55
-154
-312
129
102
-487
134
-88
-111
-193
1
-346
-182
-404
-485
-541
-222
-317
85
-374
-576
-178
-261
-272
-319
-255
-233
93
-51
53
-71
-56
106
-25
-173
21
-120
-162
-82
-13
47
112
-11
125
302
254
238
267
36
340
343
125
87
207
270
-176
-138
-28
296
154
162
172
272
598
279
314
234
116
131
-56
382
495
213
230
170
516
464
219
287
336
149
-264
-71
-213
-110
-49
-212
-333
-319
-283
-233
-162
-126
-125
-255
-152
-137
-341
-406
-539
-288
-227
-277
-305
-362
-315
-253
-92
-157
-109
-473
21
-46
55
-141
-99
-22
-48
66
58
135
-6
-78
-25
24
101
76
30
131
-141
297
111
181
289
419
253
481
538
338
102
77
100
-2
-134
-143
-138
-315
-192
6
-132
-411
-199
-319
-135
-261
-274
-143
-87
-287
-83
-24
-184
-129
-347
-437
-271
-31
-142
-105
75
-23
-192
-265
-66
-109
5
10
22
126
41
81
158
68
210
333
239
385
288
414
406
627
517
390
59
396
542
381
291
63
343
123
418
117
166
183
49
20
-3
132
185
105
195
220
199
15
11
74
190
302
-161
-233
-325
-7
-311
-180
-254
-110
-360
-303
-282
-456
-225
-204
-82
-232
-179
-225
62
-218
-24
-110
-140
-17
-124
-48
-326
-140
-188
-162
-98
-155
-125
-108
225
152
132
-74
3
177
-65
85
95
11
92
83
104
-221
-8
-316
-257
-320
-371
-213
-161
-187
-26
51
-191
50
-35
203
-176
69
38
11
86
87
-1
44
30
121
-149
-402
-287
-70
25
-95
-116
-229
-344
-118
-352
-59
64
-220
8
-247
254
173
80
111
189
227
343
220
338
104
73
381
331
144
243
-112
81
580
507
415
440
386
343
299
-34
-82
-6
175
342
198
-89
14
192
408
296
337
197
189
-48
300
232
337
204
-34
-88
110
165
189
97
6
100
-50
102
-190
-166
-150
-26
-114
-178
-97
-122
-218
75
-97
38
129
220
-69
-110
-96
-179
-81
-28
137
-170
-131
-309
-288
-100
-44
-72
-79
44
26
144
-54
33
48
-119
-136
-183
-103
-191
-3
-298
-325
-356
32
-10
-97
-93
-174
-50
-175
-361
-297
-412
-550
-373
-305
-16
-108
-332
-663
-181
-143
-267
-374
-174
-144
-20
-189
-494
-396
-590
-140
-121
-139
-221
-36
-233
-130
-41
-57
-9
-91
150
146
183
-62
340
391
365
287
513
513
318
319
48
-28
71
130
-106
88
50
129
43
83
15
86
101
392
433
