263
264
308
293
301
354
123
-152
-195
-577
-761
-608
-386
-277
-296
-238
-103
-37
6
264
71
-138
-59
0
48
195
220
218
246
-1
-99
-198
-118
17
73
144
192
328
426
559
372
351
263
-341
-485
-314
-345
-356
-436
-453
-286
-60
-75
191
539
336
261
116
-45
21
-175
-536
-274
-10
-26
150
179
354
527
558
437
317
199
-151
-253
-457
-473
-263
-298
-410
-148
-108
-81
72
-1
42
86
89
69
171
169
421
330
191
203
-25
-158
54
-185
-638
-423
-549
-691
-318
-21
160
491
533
287
426
124
-50
58
-192
-239
-202
-96
-125
105
7
58
88
-87
-279
-373
-329
-460
-282
-142
-24
-34
126
215
136
105
96
64
179
162
122
203
64
93
245
208
243
245
37
53
-52
-128
-226
-156
-113
-111
113
44
188
248
281
347
370
127
120
249
89
86
99
-37
3
320
119
68
108
113
130
65
-2
-86
-212
-311
-445
-628
-441
-305
-145
-182
-116
-38
99
284
337
518
587
375
-78
-72
-170
-367
-374
-201
-89
47
28
3
230
399
440
267
166
-49
-46
-96
-256
-440
-366
-207
-233
-11
48
-92
-67
-74
-238
-190
-127
-85
-83
-23
-30
-73
123
14
46
11
27
102
75
37
100
302
94
-2
44
3
18
-76
-387
-352
-562
-770
-672
-595
-533
-214
-4
120
311
282
398
399
263
140
373
98
170
270
23
-186
-453
-446
-497
-417
-248
-81
-21
232
105
239
404
382
303
106
1
-88
-42
-289
-229
-198
-380
-364
-168
-119
-51
163
248
130
102
94
16
181
101
-34
43
-30
-18
-25
-169
-8
153
248
297
221
381
494
427
349
170
200
98
-14
-30
-97
-89
86
81
-84
-47
-51
-96
-162
-234
-257
-30
-218
-212
-198
-312
-328
-139
-16
-11
373
335
300
263
27
150
279
120
-128
-202
-94
-446
-500
-394
-113
-76
-43
120
191
231
99
92
20
102
-251
-192
-126
-150
-130
-48
42
15
277
402
418
322
240
34
58
20
33
223
334
205
68
-43
-204
-173
-48
-246
-385
-310
-423
-480
-504
-331
-277
-145
-202
-147
77
189
155
177
321
450
287
270
307
109
284
286
225
279
314
119
108
33
-157
-37
-74
-189
-32
-98
-119
-134
-246
-403
-538
-336
-277
-137
-26
31
250
364
317
185
135
134
150
81
195
192
27
-58
-113
-8
11
-42
-306
-529
-618
-404
-299
-215
66
52
-116
-2
160
255
529
434
148
154
126
12
23
-51
-19
39
-5
-180
-157
-193
-311
-271
-151
-87
-21
173
160
205
8
-12
-75
-132
-116
-121
-2
-94
28
122
58
14
25
42
-90
-44
80
58
208
301
383
396
372
183
144
102
-5
-7
-33
-68
-325
-358
-336
-338
-405
-242
-44
-13
5
76
51
235
389
296
172
100
231
117
48
35
272
382
416
357
404
542
405
308
156
85
-8
-43
-242
-304
-133
-230
-315
-420
-376
-553
-577
-422
-340
-66
-109
-89
-21
60
65
311
417
349
504
359
-29
1
-29
-43
54
17
80
-47
-26
-38
-97
56
31
-218
-191
-263
-212
-66
-190
-150
-11
-80
-100
1
205
274
247
113
68
-159
-231
-227
-274
-209
-470
-481
-524
-392
-399
-323
-157
-23
-119
-27
187
222
317
156
170
279
284
226
158
101
159
-72
-28
161
135
160
375
300
112
8
-100
-28
-188
-312
-335
-86
-151
-403
-477
-407
-238
-138
-96
-144
90
131
150
248
287
373
210
256
107
41
42
-117
-10
-7
-87
-5
14
-61
-26
131
97
-22
94
-39
-25
-144
-141
-91
-151
-222
-25
192
107
181
104
217
34
-90
-67
-148
-53
-235
-383
-381
-387
-374
-256
-30
70
202
151
215
462
742
725
665
722
547
497
274
123
158
45
-233
-415
-570
-672
-509
-391
-258
20
140
172
162
75
-76
-46
-187
-510
-403
-253
-200
-133
38
120
99
146
201
334
304
297
254
-105
-4
37
-19
40
50
-68
-167
-125
-105
-115
-92
16
3
60
197
278
296
387
264
322
125
-9
-164
-124
-98
-120
66
-9
144
252
226
73
335
212
-36
-30
-105
-241
-202
-175
-382
-440
-284
-154
-17
177
-53
-5
-3
-76
-80
87
249
268
61
-128
-39
-114
-173
-323
-282
-310
-418
-375
-332
-142
163
147
247
436
526
479
399
319
140
-148
-429
-548
-436
-437
-487
-412
-316
-97
-37
235
434
710
636
399
438
223
7
-218
-380
-355
-469
-412
-286
7
75
7
8
155
222
15
-31
-116
-133
-388
-441
-213
-69
1
18
102
241
178
205
60
139
130
78
-31
5
119
-227
82
244
-52
258
390
205
295
77
42
47
-37
-157
-89
33
-162
-317
-136
40
293
411
339
457
314
162
-75
-64
2
-112
-117
-162
-6
55
-30
125
178
202
137
-98
-22
39
-248
-264
4
33
264
382
429
616
236
169
64
-7
-216
-492
-388
-759
-757
-523
-574
-381
-48
-19
63
-5
-210
-255
-170
-58
-78
128
293
124
142
92
43
69
75
116
241
157
99
91
102
87
-153
62
-34
-60
-15
-97
125
232
171
158
84
-41
-162
-12
-28
-24
241
250
93
65
-46
-103
20
62
85
-32
-78
-183
-302
-380
-379
-320
-95
2
13
96
170
101
60
-2
126
30
-7
151
-12
-88
-159
22
-211
-149
61
-316
-278
-261
-348
-414
-244
-45
-19
509
519
488
790
706
552
232
158
46
-285
-198
-115
-86
91
-112
-216
-26
54
-22
-62
72
83
205
174
-31
-69
78
38
-22
103
66
-233
-99
-277
-493
-173
-380
-153
-27
-381
-221
-32
-38
182
142
-20
-163
-122
-79
119
-176
-207
978
165
-344
1042
-368
-69
968
-834
180
320
-448
238
-55
230
-15
-233
205
23
-95
-140
576
-166
-315
553
-588
-207
502
-188
-110
267
235
-131
227
423
-190
258
428
-45
-129
32
30
-76
11
83
-284
-99
117
-353
-126
98
-148
-114
180
35
-274
-5
-56
-485
-383
-401
-361
-240
-293
-77
114
117
233
246
421
236
41
404
165
33
64
87
134
129
137
350
187
-630
393
380
-748
565
200
50
866
-84
267
15
67
418
-541
245
105
-521
78
-13
-381
-255
541
-150
-346
837
-156
-35
548
-62
12
67
61
-317
-320
-11
-226
-129
98
-112
-8
-34
36
-135
48
321
-34
222
407
171
-11
101
-42
-223
-61
-154
-319
31
-93
-187
81
22
184
340
219
124
148
38
-18
-64
-8
11
337
309
23
252
61
-122
37
108
15
13
18
19
-49
-306
-48
352
-14
-27
-114
-130
53
-254
4
-271
-473
-232
-523
-341
-147
-164
-288
-207
-227
-15
57
-707
351
431
-958
-1
185
-439
228
-73
178
230
359
706
-104
816
516
-71
276
5
-144
-97
370
-389
-287
438
-140
108
446
296
132
146
306
-150
76
101
-464
-278
-281
-445
-595
-332
-99
-175
75
-120
-116
155
87
35
215
382
322
258
281
11
52
4
-116
55
-138
-188
-212
-179
-345
-245
-284
-275
-124
-61
-58
-164
-259
-317
-125
-181
-164
-216
-297
-161
-81
-106
67
200
319
312
190
147
281
184
61
139
117
141
15
-25
1
-16
2
97
166
141
40
-31
22
64
-102
-122
14
31
20
-23
-14
118
-108
-233
-56
36
128
112
51
-52
33
7
-9
-79
-72
-73
-186
-115
-97
2
56
87
113
262
378
286
479
573
435
337
425
414
115
410
384
213
90
-31
-9
-129
-58
-18
13
-4
-52
-140
-85
-88
-219
-251
-208
-306
-186
-169
-262
-123
-49
-132
-98
-33
8
202
235
97
436
457
-16
449
359
36
116
143
59
-82
-44
-283
-310
-151
-130
-158
-182
-233
-375
-329
-404
-349
-48
-32
-61
-223
-171
-7
91
142
382
350
288
144
-40
-28
-140
-130
-215
-55
-112
2
198
176
149
249
152
-134
12
52
-67
-122
-255
-174
-76
-174
3
14
35
82
130
216
135
89
30
14
13
109
68
-59
35
29
-278
-253
-175
-236
-164
-80
-34
120
156
221
321
109
99
-4
-69
-44
-92
-197
-130
-50
-261
-96
-30
146
327
151
265
207
241
133
201
261
132
12
-33
-15
-274
-113
81
-59
-45
105
57
71
0
106
138
176
152
144
37
13
-76
-204
-112
-223
-208
-295
-406
-247
-118
-299
-162
-145
-293
-303
-117
-183
-331
-244
-163
-193
13
-7
-78
120
149
279
217
392
502
545
424
466
470
244
329
327
132
-32
-115
-147
4
-81
-147
-197
-73
-20
-4
94
33
-54
-235
-349
-224
-197
-411
-213
-283
-188
-316
-348
-90
-107
125
67
20
64
52
6
-130
-135
-211
-253
-143
-169
-1
-217
-174
-138
-217
-140
-155
-31
8
-18
-14
138
-40
85
15
-88
106
97
55
220
263
202
124
-23
4
-73
-29
-87
-55
122
239
96
128
46
31
-52
-22
75
-166
-113
-346
-285
-319
-213
0
11
129
227
310
236
243
483
552
402
392
223
63
19
-25
-46
-89
-310
-231
-98
-151
-77
35
88
71
63
20
79
66
-9
-12
-49
-51
-142
-130
-87
-61
142
265
307
431
451
424
422
251
173
126
46
-89
-102
-163
-324
-190
-104
75
189
133
247
238
359
177
166
169
10
-81
-250
-347
-590
-464
-592
-487
-272
-324
-356
-285
-249
-144
-28
24
297
296
301
199
162
244
126
150
73
77
17
57
109
73
288
149
19
76
84
44
118
19
88
64
-175
-245
-207
-205
-422
-265
-198
-173
-14
-94
-84
141
65
42
104
6
-10
-53
-49
-81
28
6
106
53
223
191
2
125
86
147
17
92
56
96
-64
-142
-153
-268
-211
-142
-160
-60
53
-70
-20
-23
-53
6
14
32
89
-93
-160
-75
-161
-207
-94
-248
-321
-213
-146
0
219
219
255
311
205
144
117
-12
-34
-146
-338
-313
-218
-36
90
345
251
273
385
330
148
218
226
122
87
-92
-108
-79
-309
-420
-438
-398
-386
-544
-454
-435
-104
-265
-163
87
-71
31
186
339
317
90
-31
-58
-6
-112
-72
145
88
168
151
129
183
251
256
182
35
40
-109
-149
-266
-178
-95
-136
4
22
42
156
210
-9
147
85
63
304
386
249
198
69
-80
16
-17
52
69
-22
-108
-276
-272
-369
-261
-51
-145
62
34
32
7
-87
-75
-85
-123
-6
-51
-95
23
-19
66
15
62
87
138
288
368
194
109
60
57
-146
46
-268
-74
-195
-412
86
-533
183
-39
135
265
263
446
82
258
30
267
-81
-69
-257
-356
-306
-538
-299
-117
25
-42
35
46
43
122
50
90
108
-58
-146
-96
-49
-27
26
-54
-12
-15
28
-12
196
254
197
136
-70
305
-321
229
-242
-3
408
-446
463
-429
56
-12
-178
300
-99
129
-151
95
-5
229
15
-85
175
-227
123
13
-7
144
10
119
274
-289
343
-45
160
597
-219
917
-68
524
164
-135
288
-329
45
-485
-37
-325
-86
-328
-264
82
-178
292
45
-53
-200
-481
-408
-103
-554
-11
-134
-82
283
-235
787
274
742
730
493
537
9
401
-232
75
-306
-260
-227
-414
-71
-316
-220
82
19
29
398
-147
445
72
-57
94
-553
158
-457
-199
-53
-167
27
-139
89
-187
39
-339
-11
-351
-276
-275
-379
-153
-598
-121
-482
75
-483
-121
43
-190
252
-124
167
51
82
27
42
-90
311
224
31
272
78
193
340
-7
114
246
-226
-11
61
-38
89
-260
112
-251
-411
124
-465
53
35
-222
-11
175
101
72
356
76
434
364
229
269
264
-66
9
-64
-219
83
-293
326
-153
-11
450
-12
47
174
43
-25
457
112
27
73
182
-179
74
-43
-352
233
-431
-323
-362
-484
-228
-258
77
-90
206
6
198
85
-43
132
-30
393
-4
409
47
-27
293
-58
216
67
-40
147
-149
1
9
12
296
-56
52
-222
-371
-277
-264
-249
-44
81
57
73
26
-3
-50
255
136
158
203
-208
80
-151
-109
83
-73
389
204
221
263
113
54
275
-173
-57
6
-252
-35
-96
39
-208
123
-207
-22
87
-41
210
-165
111
-253
-261
122
-374
33
-99
-156
103
-142
-211
127
-279
-22
-241
-513
240
-449
384
-355
306
-95
-273
55
-589
61
-332
505
-415
583
118
-110
696
-364
358
37
113
234
480
71
245
348
-59
394
-349
466
-308
55
94
-129
138
-256
144
-614
384
-505
266
177
171
715
-31
600
64
493
-32
149
-140
-348
-30
-314
115
-293
144
117
236
284
216
373
-25
274
-20
-1
-118
-111
-440
-372
-168
-410
111
-309
-114
29
-8
-5
-91
-200
-212
122
-222
138
-58
118
220
-364
-68
-78
144
23
237
269
352
353
50
151
-45
209
-138
60
75
-311
-98
-261
-95
-242
130
226
-146
273
89
170
196
286
-20
-12
35
-656
