-1
24
32
-92
-200
-51
-302
48
-342
-225
156
-161
238
-138
-42
8
48
176
-71
213
-26
226
147
-7
48
41
207
-246
433
-1
3
404
-78
79
-56
47
116
-174
-86
14
-248
-174
-83
-92
-176
8
34
-384
174
-284
-284
250
-523
44
-62
-476
202
-421
-180
343
-548
321
103
-276
406
-107
161
-241
-395
676
-1050
-565
1005
-2076
422
200
-1417
1489
-1731
1048
308
-1514
2058
-1180
34
774
-743
441
-121
-71
239
-314
195
254
-32
40
314
-19
-129
315
-202
87
66
-229
136
-339
267
-224
-314
688
-453
487
97
-360
350
-195
467
121
-98
593
-326
126
510
-466
385
113
-242
416
-196
88
25
-379
211
-59
34
243
-143
51
-142
290
106
-266
492
-285
219
60
196
308
-515
676
-281
-363
408
-801
46
-168
-678
582
-1156
91
131
-1207
642
-558
-380
216
-556
15
-119
-489
647
-478
133
599
-760
732
-153
-326
368
-358
231
122
-180
561
-311
-226
1035
-695
-50
1308
-1004
659
572
-691
1202
-757
576
684
-1103
1427
-311
-131
768
-207
344
-22
315
-30
83
42
152
-263
-2
160
-168
166
20
139
-206
114
190
-140
59
436
-263
154
241
-311
197
-137
-12
59
-382
337
-68
-357
482
-66
-285
85
-176
166
-239
-117
622
-611
216
339
-688
293
177
16
333
-349
726
-93
-344
797
-496
233
215
-270
55
76
-142
-347
327
-223
-375
735
-374
281
183
-359
463
-587
247
-196
-440
131
-164
-46
-408
-78
250
-565
-193
197
-612
-307
282
-606
160
122
-416
642
-364
515
401
-63
407
-253
-6
242
-438
-144
225
-526
-9
343
-435
-40
166
-387
233
-213
-88
21
-13
-43
133
53
197
250
-683
831
-292
-482
924
-741
513
201
-103
644
-535
639
52
126
-41
126
-116
-362
334
-474
464
76
-117
250
-6
145
219
-201
52
-62
87
185
-183
407
122
144
19
5
61
-123
417
255
-12
289
148
-243
624
-244
6
462
-574
481
-21
58
474
-542
472
75
-645
344
44
-692
-375
450
-1301
-134
531
-1249
323
-380
-412
493
-1026
696
-230
-751
802
-167
-200
141
227
-317
-18
-163
-213
-236
-139
-210
-243
-216
-274
-112
-156
-311
49
-89
-335
130
155
-426
-427
668
-516
-701
1140
-883
-456
1121
-1264
647
-68
-606
1159
-1037
323
601
-937
553
254
-570
365
120
-289
204
6
-267
534
-426
-85
537
-708
380
257
-92
561
-84
234
264
-207
312
182
-28
-114
519
-118
-589
790
-304
-411
896
-660
393
269
-633
1259
-651
189
1144
-747
567
403
-552
707
-205
84
759
-1043
512
455
-1331
1301
-124
-841
1193
-974
912
71
-752
1276
-755
84
464
-402
409
-15
-146
549
-212
-328
893
-319
-437
1037
-530
181
473
-488
722
-394
386
721
-453
460
2
47
237
-129
-91
28
-545
345
-17
-750
808
-609
-33
487
-755
515
-150
-273
565
-637
-36
-10
-348
75
-137
-149
-57
-118
-343
113
54
-729
386
-230
-626
652
-1044
338
-265
-580
893
-812
350
-79
-357
298
-723
317
-313
-657
600
-507
-192
321
-358
184
135
-167
109
-133
-33
153
-25
3
-271
-112
-156
-455
-59
-384
-280
222
-488
-168
169
-368
213
272
-225
285
-84
-97
156
-28
95
13
337
-275
205
106
-16
151
-355
639
-237
-57
581
-432
260
300
-165
550
-380
201
120
-478
332
-215
73
-25
-122
303
-7
-112
857
-487
182
608
-680
889
40
139
832
-381
846
81
-49
608
-410
260
-80
-314
240
-131
-315
300
185
-194
293
146
-277
789
-292
741
196
-125
1064
-444
369
441
-176
244
157
67
644
-296
-46
836
-701
177
953
-969
1134
83
-469
903
-600
366
400
-477
530
-64
-129
254
-467
278
-718
-35
326
-753
121
-101
-768
238
-504
-304
-101
-507
168
-323
-118
-36
-171
-428
123
-236
-155
6
-287
17
-469
-125
51
-642
22
-413
-769
-110
-153
-473
-161
-148
-541
-234
-267
-179
-671
-208
-55
-718
-337
492
-1040
99
348
-741
430
-162
0
144
-125
432
100
-110
439
-69
-48
-98
36
-50
224
-299
479
363
-428
1229
-313
256
933
-521
671
176
-33
414
201
34
-81
522
-187
131
376
51
112
-329
554
-136
-391
974
-512
151
378
-234
471
-446
351
279
-169
269
111
-24
30
121
225
243
-189
426
272
-301
763
300
-124
658
28
158
-103
253
495
-571
508
43
-456
191
-235
422
-750
-289
876
-1251
575
449
-588
687
-319
502
-127
-282
731
-417
128
459
-163
-37
-50
-12
-353
8
-93
-44
111
-166
210
-576
258
-307
-503
282
-550
-70
-189
-366
-306
-191
-364
-688
-417
-364
-223
-999
-75
-82
-1322
718
-431
-477
533
-481
333
-509
-230
251
-839
177
22
-502
11
-251
-70
-272
165
11
-160
318
93
-253
137
500
-388
378
335
-56
228
179
435
125
327
267
-31
104
340
-230
-508
989
-433
-592
1021
-580
-48
510
79
305
47
340
136
-302
228
177
-76
-26
116
-3
-28
2
-104
418
-143
1
779
-38
24
498
273
303
426
645
450
115
542
375
-276
272
687
-48
-425
837
135
-619
475
189
-70
208
448
132
-27
212
297
-230
-332
236
-54
-354
163
-58
-502
115
-527
-268
248
-825
-222
205
-589
-107
226
-67
-111
-66
266
-232
-379
273
23
-615
-57
279
-833
-658
489
-434
-728
270
-222
-333
-55
227
-3
-203
238
30
-142
-147
122
38
-199
205
127
-51
178
-345
402
158
-425
416
42
-373
-111
257
-57
-253
119
-8
-499
-77
116
-171
-525
-64
277
-550
-392
522
-83
-340
358
152
-138
-71
246
119
-249
-19
186
-128
-136
6
10
-426
-302
287
-51
-348
385
514
-93
153
429
450
77
189
559
102
188
451
240
-38
160
56
-418
-189
506
71
-499
330
232
-254
-50
336
225
-134
20
347
-69
-175
66
32
-115
-128
186
-207
160
9
-181
-33
-283
-190
-273
-255
-25
-245
-100
-72
-66
47
54
165
-263
63
-311
-203
-65
-171
-424
101
483
-232
-118
272
7
-300
-53
26
87
-268
143
165
80
140
4
111
68
52
-164
-134
105
169
-67
52
404
-18
139
-19
260
80
-108
124
28
85
-82
200
-200
-123
22
-245
22
154
-393
-563
346
289
-896
-166
226
97
-416
-292
198
-91
-164
-103
-278
-249
-131
-367
-308
-256
-170
-554
-292
21
-60
-153
-28
-57
1
7
35
3
134
123
130
-30
131
110
41
-140
115
121
-146
363
225
-80
-140
728
214
-364
-4
413
370
-186
-95
567
234
339
344
324
270
205
94
-43
74
38
77
-16
292
136
190
-224
31
51
96
-84
-45
83
191
214
62
164
204
287
6
309
10
21
59
308
-49
-275
263
374
-208
-354
76
233
29
-380
222
81
172
32
0
-65
-169
-18
-248
-284
-246
-62
-78
-217
-75
134
-309
-238
-92
202
-355
-132
-63
-48
-91
-55
41
-347
-69
-190
-254
-352
-266
-274
-52
-31
-245
-480
172
7
-249
-443
-97
210
26
-37
269
129
-6
65
-86
61
-240
-105
-248
-118
-180
196
-14
11
204
197
-75
18
224
102
-99
-229
238
88
119
121
181
84
318
363
-61
92
326
221
139
123
307
-249
144
628
258
23
70
472
370
120
98
348
76
135
36
151
-9
103
143
75
68
178
318
-40
27
251
-19
-308
-56
184
90
-308
54
-15
-91
-194
-48
-160
-191
96
117
-145
-68
160
37
123
-5
55
-144
16
324
37
-152
-229
196
87
-132
43
-155
32
-113
-67
-162
-130
-142
-45
-137
-273
-193
-44
-36
-108
43
-194
-99
-57
162
-136
-406
-119
91
-139
-328
-201
-311
-311
-384
-248
-363
-340
-334
-435
-185
-149
23
-232
-315
38
75
-68
-200
-88
61
40
171
151
24
121
156
156
-113
-225
31
34
202
-111
-83
79
-181
56
118
95
87
324
350
106
-11
254
341
218
115
156
147
109
265
330
207
-186
82
125
157
298
270
75
-216
334
516
213
-90
-101
223
409
142
110
-137
-45
-59
-76
-17
-150
-5
6
-115
-290
-226
-107
-7
-136
34
-66
3
-126
196
-186
-309
12
-51
-377
-321
40
-104
-180
-241
-21
-13
34
-81
-51
-108
41
-71
-202
-457
-134
121
174
-57
-210
129
285
208
180
133
25
210
138
255
-180
-152
-65
70
-94
-151
63
-80
-65
-4
-76
-212
-83
112
170
2
110
-36
133
113
118
92
-43
-76
-38
-24
-75
-155
-212
-186
-209
10
-20
17
-262
-116
-89
-45
-197
-431
-160
-77
-23
-65
-121
-252
-46
-37
86
-22
-98
-66
5
136
5
41
-143
15
185
61
1
-188
34
8
-56
-95
-22
-1
37
135
143
54
-65
307
241
391
48
183
135
173
177
202
125
-160
-33
345
529
26
36
9
238
214
113
-63
-22
6
246
184
33
-119
-98
7
182
162
163
73
173
352
-84
-44
-140
-62
-80
-129
-182
-203
-190
-11
47
-17
-41
-105
-119
87
9
125
-89
-24
75
41
405
-28
30
103
339
319
25
-48
-136
116
27
190
-62
-60
-8
-2
197
-71
-128
-141
82
-53
104
-79
-157
-71
62
-23
-136
-259
-229
-9
-177
-112
-121
-98
96
236
118
54
-78
164
100
157
57
-84
-45
30
217
330
118
-424
-309
-80
86
-70
-314
-341
-190
35
38
-110
-343
-160
-153
-125
-115
-317
-269
-274
-49
-30
-11
-199
-128
253
133
147
-149
-162
22
35
-42
-163
-241
-320
-40
-64
-230
-440
-374
-213
-93
-12
-256
-130
-272
31
182
215
90
-192
144
271
311
62
-14
108
343
401
482
98
161
130
305
444
70
-10
110
234
263
317
227
190
198
416
226
153
-66
120
192
367
154
175
282
377
484
211
277
-99
-130
-61
132
-11
-235
-239
-27
25
144
146
-26
-111
-153
143
84
-151
-393
-165
152
111
27
-305
-258
-141
85
265
-173
-406
-582
-226
-264
-166
-217
-336
-231
-104
241
26
-222
-334
-284
-261
-154
-388
-227
-184
-55
18
-136
-212
-192
-128
-15
15
-68
-166
-92
3
-65
51
85
-6
-137
-124
19
69
-15
-236
-98
139
27
134
-92
135
-74
-11
158
31
-161
-230
-184
51
101
69
47
-52
-3
-53
92
-167
-188
-63
126
162
186
69
183
227
417
357
370
196
294
327
369
498
321
143
189
260
133
225
-66
-56
-160
-6
-117
-41
79
74
-96
-122
95
188
311
317
379
214
90
297
373
337
214
18
154
199
62
5
-34
-93
-10
-55
-22
-241
-252
-104
-81
15
-227
-50
47
144
170
-21
-42
-298
-248
-139
-14
-327
-320
-307
-221
-176
-287
-303
-350
-181
-96
24
-311
-245
-243
-53
-102
-13
-305
-268
-191
-63
251
127
214
-152
58
109
234
48
-78
-113
38
16
-114
-145
-143
-36
-35
100
-55
-5
-100
117
116
43
-88
22
36
60
137
146
301
116
159
6
92
-47
31
-14
75
-14
-26
-29
-32
43
20
91
152
57
-69
60
8
211
-36
111
96
81
21
117
46
168
10
143
66
149
199
108
279
47
203
-31
157
41
96
18
90
-36
-59
-160
-92
-96
-150
-47
-100
-74
-82
156
1
19
37
68
54
-100
-96
-103
-161
-177
-204
-29
8
21
-186
-128
-81
-151
42
78
73
-45
152
25
9
88
71
171
5
118
-51
24
112
189
161
43
200
-84
-23
8
-4
-59
-27
29
59
67
-84
-106
-250
-239
-141
-142
-153
-229
-57
-224
-214
-66
-148
-95
-164
34
-207
36
-72
3
9
-154
-145
32
41
-141
113
4
114
-153
49
-46
-14
-83
-55
71
112
0
-124
-55
-47
-146
-34
-54
-177
-90
-309
-35
-38
60
-135
-37
-31
45
51
-25
40
-144
2
-85
-18
22
44
177
69
7
15
152
57
30
-32
7
-81
-187
-51
-192
-16
-35
36
-78
70
212
176
285
188
219
136
305
239
291
174
4
141
165
65
-87
180
16
-56
-106
55
25
-23
164
43
38
120
-52
123
11
7
249
121
185
35
155
-111
18
-8
41
-71
16
41
-48
-113
-166
-40
-191
-36
-147
32
-15
-1
-9
55
-14
98
49
125
98
-144
80
-24
133
-57
-121
-92
-171
-93
-338
-307
22
-48
-36
-12
33
21
-69
0
29
116
-21
21
-63
-40
-6
51
-63
-236
-106
-109
-98
-146
-87
15
-54
-74
-61
-80
24
-44
23
-1
15
-70
-43
-14
-117
-31
-78
15
-17
-177
-33
-55
122
55
-130
-116
-257
-130
-220
-212
-251
-104
-167
50
69
121
228
265
142
28
88
59
219
142
202
-90
106
67
62
-9
29
10
39
169
114
405
332
226
128
255
239
306
114
114
174
115
133
252
218
97
171
160
88
74
146
-18
81
116
255
41
96
57
138
70
180
