32767
31726
32767
30379
32767
5249
-32768
-31716
-32767
-32768
-31744
-32753
7902
-81
-22004
-16694
-32768
-31971
-32767
-32768
-23069
13656
30574
32767
32767
32291
32767
31818
32767
31226
32767
29996
32767
9282
-32768
-32282
-32643
-32768
-32150
-28908
17715
4935
-18167
-12092
-32768
-32155
-32713
-32768
-21448
16765
31028
32767
32474
32767
32767
32561
32767
32090
32767
30981
32767
-4830
-32767
-30138
-32768
-31079
-32768
-20701
15519
-13302
-13869
-16995
-32768
-31052
-32768
-32337
-2734
31481
31387
32767
31544
32767
31624
32767
31501
32767
30897
32767
20218
-29668
-32768
-32042
-32768
-32089
-29190
11090
-5580
-25717
-18659
-32768
-32648
-32250
-32768
-18816
24749
32617
32767
32475
32767
32456
32767
32403
32767
32323
32767
30263
-19837
-32768
-29862
-32768
-29806
-32768
2528
4950
-26547
-16720
-29602
-32768
-31145
-32768
-23797
24260
32767
31820
32767
32295
32767
32724
32528
32767
31488
32767
18980
-32767
-31938
-32768
-32500
-32372
-10318
22018
2815
-12730
-27464
-32578
-32768
-31293
-32768
-16431
29042
32767
32504
32767
32609
32767
32767
32385
32767
31082
32767
4800
-32768
-29527
-32767
-31069
-26462
11209
28279
-12439
-27272
-31698
-32756
-32767
-31449
-32768
4852
32767
30892
32767
32089
32767
32729
32516
32767
31715
32767
23619
-28668
-32768
-31661
-32768
-19402
9522
32767
9540
-4578
-21824
-32768
-32767
-31167
-32768
-12109
31271
32767
32422
32767
31967
32767
31535
32767
30809
32767
22223
-28662
-32768
-31177
-32768
-20898
8054
32767
23905
1916
-20971
-32406
-32768
-30980
-32768
-17403
28850
32767
31936
32767
31660
32767
31231
32767
30203
32767
13629
-32768
-32228
-32768
-32692
-13774
15832
32767
20802
-2062
-24185
-32768
-32768
-31603
-32767
-3200
32767
30971
32767
31863
32767
32345
32767
32767
31362
27756
-17673
-32767
-30598
-32767
-24833
9640
32767
32261
29578
-2380
-29162
-32768
-32344
-32768
-31315
14646
32767
30332
32767
31044
32767
31164
32767
29486
32767
16904
-30385
-32767
-32329
-32767
-19976
12055
32767
31062
13261
-19819
-32253
-32768
-30810
-32768
-9490
32767
31570
32767
32209
32767
32541
32767
32767
27463
21371
-21106
-32768
-30766
-32768
-26814
1378
30937
32336
30228
-5679
-32494
-32768
-32263
-32767
-26148
23357
32767
31466
32767
31581
32767
31255
32767
29923
31196
2011
-32768
-31729
-32768
-32768
-12716
15098
32294
30770
7970
-26028
-32768
-32768
-31212
-32768
-53
32767
30398
32767
31285
32767
31398
32767
30892
32767
15075
-30836
-32768
-31979
-32768
-12209
13985
30764
32014
7961
-25901
-32768
-32768
-31061
-32768
-11835
32767
31200
32767
31818
32767
31986
32767
31936
32707
15811
-27889
-32768
-31287
-32768
-19952
15482
32597
32516
23265
-16236
-32768
-32740
-32153
-32768
-21649
28227
32767
32747
32715
32767
32682
32767
32733
32267
22205
-21648
-32768
-30180
-32768
-14724
24790
32767
32730
23996
-14728
-32768
-31624
-32768
-31851
-32162
14784
32767
31492
32767
32255
32767
32471
32767
32253
26488
-14860
-32768
-29863
-32768
-21249
19500
32767
30857
25726
7708
-29660
-32768
-32688
-32551
-32354
4099
32767
31578
32767
32167
32767
32235
32767
29339
16987
-15860
-32768
-29444
-32768
-19478
26959
32767
32337
24823
13779
-23830
-32768
-31775
-32768
-32768
3005
32767
31100
32767
31990
32767
32421
32767
32431
22545
-13058
-32768
-30359
-32768
-24798
19717
32767
30207
23270
21712
-22657
-32768
-31620
-32768
-32767
-4811
32767
31371
32767
31884
32767
32152
32767
32050
25405
-7783
-32768
-31051
-32768
-27279
17890
32767
31359
22285
26444
-15540
-32768
-30856
-32768
-32768
-15458
28270
32338
32767
32299
32767
32488
32767
32124
15546
-15460
-32768
-31857
-32768
-26399
23023
32767
32767
31173
32767
-2764
-32768
-30042
-32768
-32130
-25279
17162
32767
32745
32652
32767
32589
32767
32197
13214
-18432
-32768
-32768
-32072
-31899
16369
32767
32767
30225
32767
12859
-32768
-30699
-32768
-32077
-29155
10730
32698
32767
32676
32767
32720
32666
32767
21681
-14483
-31672
-32768
-31304
-32768
-15862
30123
32767
32622
31193
29997
-21432
-32768
-31606
-32768
-32242
-5741
31388
31611
32767
31419
32767
31130
32767
25461
-944
-25780
-32362
-32768
-31004
-32768
8040
32767
32630
30853
32767
10012
-32768
-30623
-32768
-31705
-30567
10209
32767
32153
32767
32256
32767
31916
32767
26592
5428
-21677
-32767
-32178
-32768
-29000
14198
32767
32767
24790
23057
-12367
-32768
-30568
-32768
-32369
-24451
20876
32767
32429
32767
32355
32767
31782
32767
26398
13899
-9862
-32768
-31715
-32768
-28110
15695
32767
32767
30795
24619
-10706
-32767
-31380
-32768
-32768
-27094
16054
32767
31349
32767
31358
32767
30867
32767
27362
25385
10388
-29811
-32768
-31515
-32768
2211
30585
32767
31542
32596
3521
-32768
-32046
-32768
-32251
-32752
-2940
31864
32373
32767
32638
32699
32767
32177
32767
31008
32767
3250
-32768
-31125
-32768
-27716
6555
29570
32767
31200
16175
-18326
-32767
-31960
-32768
-32767
-28461
11161
32767
32541
32767
32767
32476
32767
32009
32767
30903
32767
10106
-32768
-31164
-32768
-30292
-1069
25642
32147
32767
15577
-19860
-32768
-31952
-32768
-32258
-31900
5715
32435
32244
32767
32358
32767
32282
32368
32180
32767
31461
32767
-10764
-32768
-29808
-32768
-26546
-1500
20987
32767
30813
-3213
-31544
-32393
-32768
-31923
-32768
-25724
12757
30550
32461
32767
32000
32767
31545
32767
31456
32767
30467
32767
16369
-31611
-32768
-32065
-32768
-23402
-396
24702
32767
17008
-20419
-32768
-31842
-32768
-31619
-32768
-8503
25827
32396
32767
32509
32767
32623
32767
32685
32767
32685
32767
32664
31406
-18594
-32768
-30395
-32768
-30953
-29647
8327
30955
32767
2790
-32768
-31266
-32767
-32155
-32767
-28234
19469
32767
31698
32767
32217
32767
32288
32767
32138
32767
31672
32767
30251
32767
1578
-32768
-29969
-32768
-31650
-32768
-29820
19848
32767
32767
-494
-32768
-28581
-32768
-29373
-32768
-9096
31495
32628
32767
32407
32767
21244
8826
20439
31996
32704
32767
32254
32767
31212
32767
-8185
-32768
-28819
-32768
-29099
-32768
-11377
32410
32767
32247
31896
-19102
-32768
-31462
-32768
-32204
-30444
18854
32767
32639
31933
32767
2547
-32768
-32768
-9861
21300
29877
32767
32018
32767
32767
31301
32767
-7242
-32768
-28974
-32768
-29656
-32768
-11770
32767
31877
32767
31730
-11192
-32768
-29361
-32768
-29564
-32768
-21394
29671
32767
31527
32767
29483
-17913
-32768
-28813
-32767
-6093
31725
32767
31978
32767
31534
32767
30482
32767
-11469
-32768
-29246
-32768
-29438
-32768
-6617
32767
31798
32767
28580
-22400
-32768
-32395
-32494
-32768
-25553
29844
32767
32767
32527
32767
29145
-24994
-32768
-31725
-32768
-32606
-22634
20908
32767
32767
32330
32767
31973
32767
31682
32767
31189
32767
26033
-27996
-32768
-30815
-32768
-29086
-32768
483
32767
29511
32767
-9890
-32768
-30810
-32767
-30543
-32768
-6964
29334
30383
32767
30808
32767
24868
-29434
-32768
-32610
-32560
-32702
4016
32767
31080
32767
32627
25927
-20189
-26555
-18233
-14348
28371
32137
32767
30392
32767
17752
-32768
-32133
-32642
-32768
-30923
-32768
1772
32767
27505
32767
10179
-4599
-13999
-32768
-32027
-32768
-13961
11486
32421
32767
30499
32767
13245
-32768
-30951
-32768
-32207
-32768
-31098
24012
32767
31239
32767
31195
32767
-16088
-32768
-32121
-18239
23977
30726
32767
30855
32767
30583
32767
25032
-29233
-32768
-30942
-32768
-27411
-32767
-1725
32767
27904
32767
16405
-31694
-32768
-32768
-32303
-32768
-15760
26479
31560
32767
31378
32767
29368
-23803
-32768
-30060
-32767
-29527
-32768
-10625
32767
30175
32767
30371
32767
-1905
-32768
-31483
-32768
-28103
-31094
21168
32767
32131
32767
32767
32112
32767
30621
32767
5898
-32768
-30737
-32768
-32768
-19349
6720
25111
32767
30186
32767
-12579
-32768
-30976
-32768
-30413
-32768
12536
32767
30110
32767
30678
32767
21121
-32541
-32022
-32768
-32073
-32768
-27621
23817
32767
32605
26953
28527
-4778
-32768
-29809
-32768
-22450
16186
13432
24318
32767
30875
32767
22052
10691
29462
24985
5556
15138
12476
29037
32767
32767
31964
32767
-9971
-32767
-30397
-32768
-31666
-32768
-13485
22282
32767
32003
27391
-3713
-20586
-32767
-31181
-32767
-26821
2255
18318
31082
32767
31725
32767
9639
-28674
-32156
-31132
-32768
-29460
-3860
29239
26011
7016
22866
21367
3367
-8250
-23188
-10205
-4823
-22215
-22868
2661
13274
11136
7959
9917
19825
10139
-3317
-4512
-8583
-1398
11254
14258
22750
32767
32585
27467
18450
13767
9685
-8098
-15142
-25749
-32768
-28463
-17698
-8453
8158
9528
12293
22534
8510
-9456
-24260
-32767
-28866
-27429
-31368
-1746
21314
23614
31071
28852
15421
8738
-9588
-25909
-20557
-16845
-19155
-6967
810
-18096
-6447
5584
5108
14461
2497
-3536
-1319
-10739
-12949
-14148
-11571
-218
7386
13138
28064
32767
23511
19296
19570
6523
-3682
-432
-7520
5325
23195
22799
27487
32767
24814
5720
-7112
-17627
-20334
-24930
-28815
-14438
-20414
-27634
-2919
2917
3668
8874
-3643
-6790
1912
-8079
-19097
-13856
-7037
1162
4924
1637
10773
15651
3472
-574
-4221
-7667
-7906
-12418
-14801
-3041
-5881
-22584
-11941
6734
13638
13926
4246
771
10183
4143
-11741
-15528
-7951
405
1715
2791
14988
23552
19030
10338
2449
-598
-3057
-6560
-11187
-3196
13969
14707
18061
28089
20610
18148
16256
-431
-6637
-9296
-11573
-10688
-7792
7988
15186
11258
11958
9539
-860
-18089
-27855
-31964
-31332
-21501
-15110
-8904
2375
10710
6852
2448
2830
-4495
-11279
-10301
-8195
-1448
4298
8106
13012
15249
368
-16509
-14049
-13723
-7536
1286
2825
5932
3852
-5977
-11980
-13119
-9046
-333
1199
6664
16819
13691
4435
5944
11443
14332
14142
11143
10926
17227
14139
7085
11721
11852
6634
10322
11879
6344
939
-10720
-10805
-11002
-17225
-15968
-13904
-4615
326
-3533
-779
6112
6346
-8607
-15826
-11491
-11442
-11841
-11089
-3251
8048
13221
10224
6481
3238
-1597
-11051
-17087
-14879
-9724
-13140
-12161
-12736
-21474
-7533
-115
-1323
9576
7273
5382
9201
7855
5898
5833
10611
16306
25471
26068
20396
15661
5499
-2904
-6886
-11809
-14867
-3946
5489
5023
14232
9543
1386
6215
-4217
-14134
-7725
-644
1445
7248
6847
10862
17947
10231
9186
5494
-5915
-7066
-13059
-21990
-21975
-21871
-20703
-11610
-8630
-12073
-8532
-7678
-8208
-6651
-10786
-14743
-12878
-4452
4093
6914
13479
21375
25127
27209
22947
13980
8265
4896
-2510
-9771
-4475
2568
2314
124
-2387
-2081
-1819
-1751
709
4109
4228
-328
715
3661
5416
3420
-1336
4317
12813
10728
4583
7116
10735
10764
1632
-11947
-12632
-7897
-11419
-18005
-18620
-13485
-11012
-11867
-13475
-11031
-6050
-9353
-11411
-9811
-7993
-6261
-5463
-1114
6476
10584
6661
6576
12087
13149
9995
6950
8334
15569
18722
15262
12247
7181
6480
5967
2435
-1175
-2641
-1296
-2251
-5020
-8969
-4689
378
-3617
-1279
1756
-3110
-1873
2324
1694
1370
2150
760
1778
-1059
-6469
-6610
-8930
-8236
-4628
-8055
-4365
2744
909
-975
-419
-2700
-6240
-7284
-7770
-3467
-292
-2578
-3085
152
219
-924
-4995
-5458
4628
5616
3777
9276
14366
16421
8059
2291
6240
6821
3910
9
427
6624
10036
9047
8954
8846
5419
-499
-4780
-6349
-5156
-9179
-10324
-678
2961
-269
-3380
-5160
597
1075
-7934
-8821
-7763
-6258
-7042
-11837
-8222
-1124
-3494
-7162
-4078
-1116
-2736
-3517
-3518
736
5425
-960
-3421
279
-731
-4696
-5792
-1522
7735
11197
10634
14397
17048
10347
4604
5344
6146
5485
2827
2877
9201
7916
497
1405
3788
2190
-4058
-8095
-8706
-4821
-6771
-8200
-1685
2984
5432
2420
-1521
2443
1235
-8782
-9522
-5644
-4295
-3195
-4155
-3835
-1081
-1811
-6878
-10960
-7891
-6377
-9764
-7386
-1494
581
-184
-2390
198
4230
1917
-1018
1631
7288
9502
10692
8263
9263
14836
10397
4322
5070
4786
5655
5357
596
2606
5501
2131
622
1780
-2166
-6761
-9963
-10799
-5746
-4141
-3845
1306
3551
5880
3069
-2728
-2596
-3480
-4666
-6596
-4438
-356
-2900
-2179
2168
136
-292
-3123
-6298
-3637
-3753
-5438
-3232
-1291
2138
1420
-3825
-3801
-1429
174
2025
5137
4077
6456
9371
6970
6074
7881
7105
5099
3881
4083
3252
757
-26
-1552
-2490
-1972
-2828
-3672
-1442
-654
-2500
-3916
-1733
62
-608
166
1995
-476
-3170
-3272
-5641
-4696
1954
4105
4692
8267
6998
2814
341
-2861
-7195
-9284
-8791
-5590
-2357
593
1770
594
1690
2654
-1546
-6195
-5152
-2923
-2156
-179
1834
5449
8024
7650
6294
3523
1435
-876
-5224
-3993
1042
-1136
1123
5422
3075
2453
-20
-3400
-2762
-4441
-7080
-6192
-4330
3007
5435
-494
2488
6650
153
-3333
-2064
-2306
1367
2786
114
1567
4583
1211
-2585
-3850
-3875
-2514
-2491
-1183
3136
4300
3063
2569
604
-1469
-2701
-5111
-5063
-282
1153
371
2618
5098
3550
1785
-587
-3014
-1418
-1894
-2408
405
2729
3262
2786
3359
3492
1919
-1921
-4121
-2456
-3190
-5413
-4341
-1454
2077
3734
2345
-657
-197
-672
-4277
-3690
-1686
-1605
-27
3169
4104
3664
244
-1784
637
3025
2001
-244
382
3194
1783
-2581
-1591
1237
-510
-1279
1565
3890
4725
2559
318
1823
1735
-2063
-3945
-2843
70
2431
605
1108
4084
2761
2071
893
-2136
-4311
-5647
-7325
-5437
-1222
806
3125
4100
4253
3572
-873
-4557
-5532
-6187
-6063
-4670
-2934
-404
3248
3291
1021
761
-225
-2157
-2420
-1110
1481
2747
3418
6141
6733
4862
1677
-2295
-1895
-1490
-2927
-3521
-918
5015
6237
3334
620
-1388
-1285
-3070
-6362
-5326
-2039
1499
2129
792
2248
1673
-2275
-3251
-4279
-4021
-2274
-2094
-346
2196
3988
5029
3822
1550
335
-1570
-1363
-1516
-1830
-828
1458
3355
2774
1929
777
-1649
-2198
-2988
-3760
-2290
-730
2029
2448
2906
3750
897
-619
379
-1253
-1991
-2292
-2371
-529
1354
1673
2089
1632
1102
459
-834
291
1724
1513
995
1615
551
917
1380
-477
-830
895
-340
-177
1895
1156
563
-192
-1300
-2779
-4696
-3914
-630
592
1664
850
-259
779
-10
-3230
-4974
-3414
-1902
-1610
-1282
1180
5411
4966
4177
4459
939
-153
-1313
-5804
-5961
-3246
-2798
-1104
1027
3324
4413
3646
2018
-409
-2358
-2755
-4291
-3903
-615
2151
4410
5778
5645
4944
5408
3230
-362
-2624
-3130
-4050
-3609
-1928
-77
730
-219
-366
73
-872
-2364
-3058
-2870
-1610
-1658
-2063
-210
2613
3781
3600
3200
3629
2804
1154
206
596
187
-1486
-2925
-2671
-758
-657
-1710
-520
1699
210
-3054
-3936
-2792
-2650
-3737
-3499
-684
1790
3469
4594
4965
5549
3111
-1720
-3596
-2798
-2498
-2294
-927
926
2696
2138
-350
-1489
-1273
-1549
-3130
-4367
-2244
953
1008
1867
3295
2969
2258
1500
1777
2557
2817
1564
2252
3971
2779
1538
580
621
-288
-3716
-6598
-5760
-3962
-3268
-2218
-1128
30
-271
-2080
-3296
-2358
-1543
-1360
-726
1786
4073
4625
4116
3361
2790
918
-802
-2505
-2891
-1464
-714
-1011
-937
313
150
-270
296
758
1122
405
220
-6
-593
-279
1502
3876
4967
4971
4754
3561
2027
-609
-2215
-1675
-2260
-3535
-2731
-940
-641
-42
210
467
104
-1523
-2764
-1413
-1516
-3183
-2279
56
1125
1544
3106
3565
2793
884
-430
64
-1362
-3940
-4464
-2807
-834
-1396
-1187
710
3402
2947
345
-1545
-2421
-2341
-2717
-1457
689
2469
3964
5716
5438
4512
2464
-551
-2461
-2768
-2373
-2115
-998
657
2417
2270
1035
184
-625
-1351
-2667
-3945
-2875
-1157
-239
1672
3426
