-32768
2305
6501
-27364
-4982
30150
32744
32767
-16378
-32768
-30745
-27243
27473
24291
10654
24305
32767
28515
969
-32768
-30797
-32768
8185
28054
2639
-10431
-32768
-29073
-18206
-29248
-7068
32767
27642
32767
26634
20255
23794
32767
4672
-32760
-32768
-23042
27810
32767
21587
-8880
-27840
-32768
21931
-22845
-32768
-32768
9188
32767
32767
11797
-32768
-26450
-32768
-10446
-20542
-32767
2447
32767
29358
32767
-15767
-32768
-30191
-31978
21134
25948
18779
32767
29629
32767
-4256
-32767
-31594
-24417
23530
32767
27224
14702
26422
12638
-18040
-32768
-31048
-32768
-14862
32767
29497
32385
20448
32767
27093
32767
1577
-26759
25492
32767
29068
-25815
-32768
-32768
11764
32767
22703
-29307
-30220
-9556
31882
6302
-32767
-32768
-303
32767
30986
23739
-32768
-27929
-32768
-14873
-6516
-32768
-16003
32767
30904
32767
-5804
-32768
-28747
-32767
21029
32767
977
17373
32767
32426
6785
-32768
-25296
-32768
-11766
29681
32767
20106
30411
32340
32767
30727
22753
31310
32767
32767
31488
32767
-21716
-32768
-32768
2542
32767
31661
-13202
7930
6427
-5732
-2537
-32768
-32768
2167
32767
29853
32694
-25095
-32768
-30297
-32768
-29047
-32768
-11493
32767
30140
32767
-2044
-32768
-27069
-32768
-7982
30404
9832
16216
32767
15291
-32577
-30840
-32768
-4018
32767
28935
32767
29787
32767
29439
32767
27564
32767
-10214
-32767
-32767
-12017
32767
32767
9429
-17289
-4151
-19505
-32768
-30321
-32768
-13098
32767
29642
32767
-10789
-32768
-28387
-32768
-29355
-32768
-25014
28886
32767
32767
5611
-32768
-29143
-32768
-32768
-11909
32767
30448
32767
32767
-15436
-32768
-32768
-7515
32767
31225
32263
32767
28097
32767
-10372
-13080
-29866
-19384
32767
32767
26651
-6854
-24133
-32767
-32767
-30344
-32768
-15760
32767
30474
32767
-679
-32768
-27120
-32768
-28070
-32767
-19335
31641
32616
32767
-18408
-32768
-32768
-19259
32767
28887
32767
29531
32767
13487
-32768
-30378
14589
32767
24730
32767
-5205
-17576
-21147
-32768
28224
32767
31847
30679
31525
32767
-20240
-32768
-31200
-31539
29588
31208
32767
16415
-32768
-32342
-32129
-32768
-29701
-32768
6481
32767
32247
26588
-30944
-32767
-31689
15432
32767
29051
32767
29243
32767
28822
32767
27472
32767
4128
-32767
-31249
-32221
25436
32767
32767
17545
-32768
-29449
-32768
-31481
-32768
-30754
26385
32667
32767
17028
-32768
-32245
-32061
-32768
-29497
-32768
13099
32767
32767
21721
-32755
-32426
-32768
2823
32767
28727
32767
28648
32767
27535
32767
5964
-32768
21456
-31394
15436
32767
30625
29865
-30291
-27352
-32768
-32768
-31519
-32768
5658
32767
27799
32767
-21227
-32768
-31955
-32768
-32768
-29444
28568
32268
32767
15501
-32768
-28244
-32767
19134
32767
32383
32552
32767
31586
32767
19894
-31275
32767
-32768
10266
32767
32767
22805
-14072
-1639
-32768
-29239
-32768
-32767
6962
32767
26253
32767
-15550
-32768
-32129
-32355
-32767
-21772
32767
29298
32767
3649
-32768
-28134
-32768
25725
32294
32767
30450
32767
28874
32767
10494
-26988
32123
-32768
17966
32665
32767
8323
-17426
-10019
-32768
-27439
-32768
-31465
14270
32767
28164
32767
-28585
-31781
-32768
-30387
-32768
-15952
32767
28793
32767
-10693
-32768
-31913
-23688
32767
28007
32767
27718
32767
25612
32767
-3721
-10258
32206
-32767
26389
30060
32767
-3798
-5065
-12363
-32768
-26138
-32768
-25595
23281
32767
30622
29283
-32768
-29954
-32768
-29212
-32768
-7900
32767
29000
32767
-22945
-32768
-32768
-1699
32767
26684
32767
26656
32767
23892
32767
-19544
14326
-1357
-31034
32767
30719
32767
-8930
11422
-29982
-32768
-29210
-32767
-15732
32767
31489
32767
13695
-32767
-26867
-32768
-26845
-32768
-2910
32767
32466
26836
-32768
-30243
-32768
14276
32767
31172
32767
32468
32524
32767
25040
-15759
32767
-30772
5461
32767
32767
16378
-6710
22985
-32768
-29740
-32768
-32768
3644
32767
28101
32767
-15674
-32768
-28505
-32768
-27319
-32768
17053
32152
32767
2428
-32768
-32768
-13755
32767
27877
32767
28267
32767
26181
32767
-7798
14328
21070
-32768
28322
31427
32767
23178
32767
-5273
-32767
-27605
-32768
-24056
27376
32767
31114
30640
-30425
-31786
-32768
-31287
-32768
-24086
32767
29896
32767
-16459
-32768
-32768
1014
32767
29489
32767
31164
32767
31939
31076
-22798
28183
-27034
-17656
32767
28661
32767
30498
32767
-24273
-32768
-30278
-32768
-9315
32767
28721
32767
20901
-32378
-32158
-32768
-31274
-32768
-16771
32767
28623
32767
18534
-29382
-32768
11542
26231
32767
31741
32767
30198
32767
20363
-13544
32767
-32768
-8882
32767
29642
32767
30809
32767
-20372
-32767
-28783
-32767
-1827
32767
30906
32767
32767
-6982
-32768
-31921
-32162
-32768
-13851
32767
29105
32767
24953
-29458
-26340
5041
15269
32767
28838
32767
27629
32767
9955
-20708
21046
-32767
-4480
32767
32117
32767
32767
30905
-22578
-32768
-28511
-32768
-1093
32767
29838
32767
30599
32767
-10125
-32768
-27474
-32768
-16636
31820
32767
30357
32767
-10915
11517
-4539
-14628
32767
27708
32767
26184
32767
-7362
-5640
9691
-32768
4223
32767
32767
32022
32767
32767
-14792
-32768
-26908
-32768
432
32767
30368
32767
30350
32767
-147
-32768
-27413
-32768
-22558
26821
32767
29062
32767
27773
32767
-2110
-13611
32767
29758
32767
28696
32767
-7722
-16426
-6476
-32768
-371
32767
32767
31939
32767
32767
-13798
-32767
-28816
-32768
-23692
23937
32767
32306
31763
32767
2401
-32768
-28456
-32768
-30619
15082
32767
27386
32767
27216
32767
8615
5643
32767
31311
32767
31484
32767
-12554
-32768
-27191
-32768
-2602
32767
29494
32767
28881
32767
-4420
-32768
-32141
-31290
-32768
6114
32767
31251
32071
32767
2541
-32768
-29581
-32768
-32768
-22985
31511
31714
32767
31923
32767
32171
32767
32302
32767
32297
32767
30147
-24657
-32768
-29683
-32768
150
32767
27865
32767
27455
32767
-434
-32768
-32768
-30480
-32767
-1898
32767
31093
32517
32767
11206
-32768
-28509
-32768
-28710
-32768
3591
32767
30741
32767
32124
32767
32767
32245
32767
30787
32767
14693
-32768
-30978
-32768
-32768
11236
32767
26741
32767
27409
32767
-2042
-32768
-32459
-31203
-32768
1836
32767
29035
32767
30470
32767
-23724
-32767
-32768
-30923
-32767
-2984
32767
29833
32767
31416
32767
32362
32658
32767
30869
32767
8067
-32768
-29781
-32768
-32262
14795
32767
28110
32767
27975
32767
10437
-32768
-32477
-31748
-32768
-15850
23286
27172
32767
29092
32767
2896
-32768
-28972
-32767
-29509
-32768
-3420
32767
31816
32767
32193
32767
31880
32767
30487
32767
-2803
-32768
-28430
-32768
-24983
27399
32767
20810
32767
29112
32767
16893
-32768
-32768
-31356
-32768
-21355
-12144
17726
32767
29716
32767
25605
-28747
-32768
-31924
-32768
-32045
-32166
20344
32767
31408
32767
32387
32712
32767
31032
32767
-104
-32768
-28561
-32768
-29225
20895
32767
29493
32767
30754
32767
32384
-14623
-32767
-27710
-32768
-27890
-32768
3178
32767
31418
32767
31546
32767
-18262
-32768
-31900
-32178
-32767
-181
32767
30009
32767
31859
32767
32767
31474
32767
-18350
-32767
-31599
-32768
-32768
-26675
21379
32767
30673
32767
30054
32767
21416
-30774
-32768
-31715
-32768
-31352
-32767
-20915
27830
32767
32767
30894
32767
11551
-32768
-31013
-32768
-32768
-10663
28030
32767
32225
32767
31543
32767
25354
-29992
-32767
-32026
-32768
-32107
-32768
-32768
-23458
29262
31695
32767
30556
32767
21921
-31028
-32768
-32055
-32768
-31542
-32768
-30229
-32768
1216
32767
29778
32767
30955
32767
25436
17786
29770
32761
32539
32699
32767
31906
32767
-15023
-32768
-30401
-32768
-31447
-32768
-31949
-32768
-32768
-12698
26596
31722
32767
30558
32767
5484
-32768
-31729
-32768
-22811
-27046
-32767
-31937
-32768
-29115
2319
27646
30830
32767
28602
24462
31958
29745
32555
32767
32744
32747
32767
32547
20814
-10828
-32768
-32209
-32768
-32629
-32768
-32768
-32578
-32768
-32200
-32768
-17507
21609
19541
1668
-5528
-8812
3785
16451
9121
-13408
-28878
-32768
-30449
-20720
-1767
15078
12597
17534
20813
12219
19733
27498
32402
32767
32767
32767
32762
32765
32676
23788
9939
5113
3616
7435
-5532
-27939
-32768
-32459
-32768
-32474
-32768
-31785
-26930
-19164
-11387
-14829
-26412
-32768
-32440
-32768
-29858
-13060
6815
11559
11368
24615
27634
27394
32767
32669
32767
32756
32756
32767
32737
32767
32747
32767
32619
25455
16084
12994
-3226
-27290
-32768
-32459
-32767
-32582
-32768
-32586
-32768
-31765
-24596
-23511
-29520
-32768
-32736
-32767
-32171
-18327
8172
20509
20901
26538
22853
26793
32767
32100
32574
27607
29148
32767
32644
32767
32707
32767
32688
32767
32693
31923
14696
-4062
-18983
-32604
-32577
-32768
-32648
-32768
-32712
-32768
-32765
-32744
-32768
-32680
-32768
-32558
-32768
-23665
-4472
7057
15005
21488
13496
16302
22300
22829
25261
18913
18383
27518
26454
25532
32767
32520
32767
32565
32767
32479
32767
29350
8993
-13641
-27723
-32045
-32767
-32333
-32768
-30488
-30758
-32768
-32484
-32768
-32550
-32768
-32425
-32768
-24455
-12818
188
10199
5973
10377
15087
18181
17273
7139
6469
18058
19310
16555
15898
15231
28914
32767
32441
32767
32687
32720
32767
25799
9401
-10928
-23324
-25419
-23011
-8520
-9338
-22289
-31509
-32768
-32630
-32768
-32708
-32762
-32768
-27239
-5348
630
-650
5107
1437
2084
757
-5501
-705
10106
13245
17788
14027
9396
18447
27005
32767
32174
32767
32184
32767
31916
32767
25935
7247
1317
2001
11464
4049
-4943
-11571
-22818
-29843
-32767
-32674
-32768
-32728
-32759
-32768
-29520
-15608
-786
3029
2027
-4986
-14777
-12300
-10416
-10111
-2611
-597
7315
24387
31615
31835
31542
30514
32767
26782
21276
23821
24757
31136
32767
32563
32767
31956
23462
13844
-2008
-17498
-28992
-32768
-32366
-32767
-32507
-32767
-32484
-32768
-30635
-26637
-19630
-15841
-12129
-4862
-5349
-10992
-17276
-24164
-14380
2556
14715
22309
29623
32676
32767
26579
14074
7842
442
7076
20191
31502
32767
32418
32767
32201
32767
18068
-3418
-17998
-25946
-31405
-32768
-32384
-31586
-29927
-32768
-32507
-32767
-32391
-32768
-26895
-16140
-13162
-12541
-13433
-10573
-8643
-8733
-6852
2395
18443
29300
27645
23817
14189
4295
2793
5040
14314
24197
31020
32767
32715
32767
32745
32767
29852
15688
-4363
-10880
-16305
-18054
-16309
-25485
-32121
-32768
-32545
-32768
-32578
-32768
-32584
-32768
-31545
-21994
-17976
-10869
-1305
2512
11271
12208
6157
7397
3876
-555
3571
3915
9323
15825
19054
28259
32546
32767
32767
32756
32767
32745
32767
32616
26998
16165
5761
-7482
-17771
-23677
-29850
-31763
-28222
-29396
-32768
-32529
-32768
-32626
-32768
-31743
-21298
-7566
6919
11201
6993
2736
-9117
-13769
-8094
-3690
2520
6112
11610
22853
27760
25604
20816
19696
24231
28961
32196
32767
32699
32757
32767
30594
15984
-2878
-13018
-15797
-13475
-11468
-22501
-32503
-32768
-32738
-32768
-32701
-32768
-31863
-21110
-12241
-5690
-1430
-4533
-4752
-5644
-11258
-12750
-10214
-1210
14203
21182
17543
11758
12484
19309
20475
18209
19000
25192
32767
32410
32767
32414
28692
20432
18061
20416
8748
-7231
-18332
-18276
-22769
-30617
-32768
-32612
-32768
-32358
-30736
-29803
-29419
-28619
-16624
-8509
-8630
-8328
-9772
-4041
6668
9531
3444
-728
2752
6801
10397
13136
16697
23231
27404
27487
25266
17183
19746
29336
32767
31940
32767
26654
14692
8608
-6792
-18248
-28653
-28741
-22712
-19112
-22231
-29384
-32768
-32768
-32367
-27194
-23979
-21762
-11831
1467
15128
7886
-4979
-8070
-9528
-11298
-5315
-2294
4982
19279
20718
22565
18174
12376
16194
26547
32309
32767
31968
32767
31110
32767
7722
-32768
-31341
-32768
-31574
-32767
-23577
-26218
-32768
-32469
-32416
-28846
-15461
925
3025
18039
15021
11717
-11144
-25712
-29082
-32265
-22227
-11575
1675
15016
18715
16372
16737
16835
30532
32767
32767
32536
32767
31911
32767
-12214
-32768
-29818
-32768
-30463
-32768
-28173
-30641
-31843
-26704
15665
32767
32495
32268
32767
4946
-32768
-31732
-32768
-32017
-32768
-32128
-32768
-32519
-27683
22667
32767
32442
32738
32767
32452
32767
32313
32767
32039
32767
26808
-30156
-32630
-32768
-31782
-32768
-30954
-32768
-29223
-32768
-5666
32767
32599
31361
32767
17891
-32768
-32555
-32360
-32768
-31615
-32768
-31133
-32768
-27627
24404
32767
30503
32767
31225
32767
31970
32767
32767
31201
32767
-8543
-32768
-30119
-32768
-32350
-32376
-32768
-30460
-32768
-17118
31749
32767
29817
32767
12114
-32768
-32654
-31992
-32768
-30876
-32768
-29529
-32768
-15205
32767
32061
32767
32767
31648
30222
32767
31719
32767
30989
32767
22700
-31225
-32768
-31883
-32768
-31308
-32768
-30411
-32768
-19844
30384
32767
32228
32767
32220
-9485
-32768
-29153
-32768
-29854
-32768
-29766
-32768
-23351
27858
32767
31007
32767
31159
32767
31188
32767
31104
32767
30679
32767
24661
-29162
-32768
-31185
-32768
-30666
-32768
-29222
-32768
-9658
32767
32767
31088
32767
2242
-32768
-30475
-32768
-32303
-32607
-32768
-31029
-32768
12260
32767
30668
32767
32146
32767
32767
32362
32767
31707
32767
30436
32767
15775
-32767
-31192
-32768
-32325
-32767
-32768
-31487
-32768
5198
32767
27148
32767
17507
-31275
-17762
-6469
-14628
-32768
-32768
-30082
-32768
-4265
32767
30883
32767
32175
32767
32680
32695
32668
13560
27941
32767
30325
32767
-11525
-32768
-29199
-32768
-29276
-32768
-29358
-32767
-16209
32767
32767
31347
32767
9789
11983
32767
-8435
-32768
-30991
-32768
-31149
-32768
2428
7615
13355
32767
31578
32767
32451
32767
32767
32421
32767
31862
32767
26849
-28559
-32768
-31513
-32768
-31137
-32768
-30088
-32768
16061
32767
32054
32481
32767
30627
32767
10880
-32768
-31105
-32767
-32331
-32768
-32768
-27506
12386
32767
31787
32767
31799
32767
31637
32767
31246
32767
29940
32767
4270
-32768
-28944
-32768
-29889
-32768
-29152
-32767
-10843
32767
31672
32767
32439
32767
32484
32102
-19180
-32768
-30731
-32768
-31786
-32768
-32768
-5990
29495
31354
32767
31556
32767
31884
32767
32211
32767
32585
32757
32114
-22151
-32768
-30896
-32768
-31515
-32767
-31679
-32167
20275
32767
32130
32767
32767
31644
32767
11442
-32768
-31240
-32767
-31670
-32768
-31761
-32768
771
30922
32467
32767
32204
32767
31935
32767
31403
32767
29928
32767
-3124
-32768
-29616
-32768
-31032
-32768
-31241
-32768
-13306
25662
32767
32440
32767
32767
32465
31440
-12183
-32767
-30715
-32768
-31355
-32768
-31366
-32455
-7123
31207
32767
32081
32767
31650
32767
31027
32767
29652
32767
14091
-32768
-32127
-32540
-32768
-31337
-32768
-29695
-32768
-7517
32767
32353
32180
32767
30221
32767
8631
-32768
-31291
-32767
-32768
-32107
-32768
-27108
-18551
13159
32767
30238
32767
31294
32767
31738
32767
32064
32767
31005
-22924
-32768
-30938
-32768
-31794
-32768
-32458
-32643
-32768
15822
32767
30414
32767
31803
32767
32767
-6583
-32768
-29147
-32768
-29854
-32767
-29261
-32768
-3919
32767
32068
32767
32767
32387
32767
31996
32767
31277
32767
22583
-31910
-32490
-32768
-32553
-32768
-32471
-32768
-31909
-32768
-883
32767
30084
32767
30268
32767
25316
4216
-21361
-32768
-32768
-31960
-32768
-30636
-32767
-3827
32767
31497
32767
32466
32767
32767
32314
32767
31586
32767
22928
-29811
-32768
-32384
-32768
-32219
-32768
-31963
-32768
-31606
-32768
15237
32767
32011
31739
22819
32767
28210
-4864
-24747
-32768
-32138
-32768
-31936
-32768
-9960
27186
32421
32767
32239
32767
32113
32767
31790
32767
30842
32767
-6035
-32768
-30046
-32768
-31158
-32768
-31451
-32768
-31362
-32768
-27331
-2314
26674
16582
9087
26910
32077
29085
3822
-24442
-11694
-12352
-26480
-20033
-22460
5539
12730
22860
32767
30323
32767
31319
32767
31996
32767
32767
17456
-11062
-25712
-23431
-32768
-32568
-32768
-32668
-32768
-32659
-32767
-32768
-29895
-13915
-2521
2114
27658
21915
14313
-3247
-17232
11184
1571
-8012
841
-21093
315
13397
17163
12140
14215
20412
32013
32767
12765
22028
18727
31014
32528
14307
1635
2043
-13802
-29194
-32768
