7055
2749
8530
16175
22929
31431
14409
-5383
690
2203
-936
-5649
-16425
-23192
-25538
-13880
911
-5255
-6623
-384
3889
14331
19891
17103
7855
-519
3322
4697
-2362
-5496
-12558
-16159
-10645
-4044
279
-1282
-1418
4469
7725
11400
13120
5952
930
-1188
-477
-1336
-6777
-10092
-13027
-12288
-4631
-686
-1336
-448
1685
5257
6906
8886
8224
2471
407
1216
-837
-1703
-2519
-3845
-4639
-4494
-1296
1545
1569
1987
2007
1787
3764
3656
1676
369
-300
-184
1536
3838
7582
2481
-4904
-9903
-8057
-130
-1088
-4658
-8658
-9706
-2463
4292
6718
4149
-1284
-492
2202
5025
6012
777
-4978
-5705
-3558
1312
964
-1519
-3806
-4295
2377
7388
6208
2653
-907
-1019
1972
2379
1340
-3393
-6237
-5077
-2107
704
928
-755
-1674
430
3645
5576
3448
1354
-249
-485
1358
1977
547
-2124
-2673
-1227
1687
2470
1769
-950
-1794
-554
336
72
-1302
-3035
-4135
-2426
-187
1551
1014
379
776
2587
3962
5531
3976
923
-439
-280
-335
-1013
-2266
-3725
-3704
-1964
761
1872
1469
1631
2135
3188
4354
3278
1735
-703
-1381
-1779
-1854
-2643
-3503
-4192
-3309
-1616
-541
595
1212
1911
1983
2574
2732
2611
1056
-37
-1598
-2062
-1959
-2051
-2549
-2827
-2497
-1484
-185
535
833
1043
1158
1312
1726
1421
539
-396
-829
-844
-658
-1229
-966
-1208
-509
500
1025
1008
1071
1105
1133
693
735
94
-763
-947
-722
-1134
-1877
-1768
-1483
-954
-1010
-813
-266
686
1145
991
615
804
988
992
593
161
-729
-539
-633
-367
-719
-1085
-610
-227
388
1217
1230
999
826
1157
1722
1490
561
-502
-724
-635
-363
-1230
-1200
-994
-289
227
546
655
1108
1284
1410
1466
1125
307
-146
275
555
91
-1214
-1702
-1183
-304
-590
-962
-1158
-117
280
302
249
-100
-88
-47
213
283
-32
-574
-371
-170
190
356
-244
26
61
152
1314
1291
1100
642
850
849
-9
-843
-994
-798
-534
-707
-1150
-1069
-998
-85
536
251
107
26
683
1190
1024
347
-152
-504
-407
-132
-1068
-1135
-1214
-482
322
657
557
655
1041
1506
1204
1041
780
387
-105
62
-277
-1003
-1118
-970
-705
-963
-300
-202
615
806
1219
1476
813
762
1214
1311
848
83
-257
-550
-460
-590
-579
-1375
-1350
-894
-297
34
-266
-464
-691
-98
-247
-3
-899
-689
-706
-260
-338
-914
-901
-727
38
495
1016
872
881
687
1215
1479
927
242
-495
-609
-559
-322
-864
-1563
-1313
-657
397
244
330
556
1264
1492
1182
691
371
165
-416
-584
-1142
-1308
-1308
-1362
-1418
-1062
-483
224
110
727
1464
1519
1594
1859
1740
1160
179
-247
-345
-683
-784
-725
-895
-514
-108
188
659
537
652
514
824
632
424
-42
-466
-1101
-768
-833
-641
-847
-953
-658
-384
577
520
728
473
744
255
-90
-751
-912
-1289
-1271
-738
-854
-707
-103
732
1220
1331
1114
1572
1399
1272
802
467
-73
-427
-960
-1135
-1396
-1323
-821
-585
78
268
530
457
585
433
321
332
-56
-102
-676
-1111
-1150
-866
-427
-880
-344
-401
97
601
1040
1233
765
672
444
559
95
-13
-227
-327
-644
-520
-118
-228
-149
32
623
827
1090
1359
997
734
9
145
-248
-617
-809
-1451
-1436
-1180
-404
13
56
225
534
682
1243
1144
741
135
51
117
-288
-363
-532
-496
-551
-707
-700
-369
-303
-167
442
498
469
430
44
344
211
-49
-225
-226
-410
-532
-717
-217
-130
-262
167
-338
-122
-140
217
55
-32
-127
275
229
172
-36
-351
26
27
230
-175
-255
-256
80
333
685
532
724
734
648
1306
1278
854
856
371
207
108
70
-277
-962
-1111
-1209
-1007
-941
-446
-324
222
170
676
906
1010
1002
670
503
-12
-110
-753
-1008
-1145
-935
-693
-276
28
225
325
578
732
894
824
773
341
149
-402
-664
-752
-967
-733
-755
-167
-182
411
357
502
645
720
688
242
112
31
-3
-510
-822
-932
-901
-661
-507
-325
-171
103
250
519
643
394
616
493
574
466
344
93
-334
-658
-415
-184
-601
-566
-538
59
53
123
276
239
511
351
587
120
48
-194
-17
-84
-270
-143
-511
-132
-123
260
63
50
135
209
483
160
-250
-593
-481
-361
-179
-604
-643
-346
-41
472
443
499
267
611
832
898
335
-249
-412
-672
-172
-390
-359
-507
-402
-196
-62
131
-76
44
-13
276
279
100
-99
-524
-339
189
37
-21
134
170
630
483
524
251
670
482
241
-211
-605
-687
-981
-745
-1199
-786
-1107
-337
-152
264
432
791
588
548
599
490
254
-166
-498
-550
-747
-156
-836
-210
-4966
-17603
931
9778
-3950
-8000
1329
13089
5499
4732
1507
6203
14191
2713
-77
3034
6149
1342
-1770
2508
-1509
-6298
-11159
-4611
-2921
-8510
-9034
-7415
654
623
-655
0
4559
8549
4037
3420
4031
4810
2880
-2131
-2582
-3131
-2152
-5275
-7320
-4205
-2952
-1890
-2612
256
2733
3823
4371
3710
5336
5121
3344
1275
55
350
-1796
-3648
-4505
-3756
-3345
-3628
-3201
-2180
520
1141
1377
1792
3770
4476
3316
2986
1820
1535
464
-1335
-2379
-3065
-2974
-3516
-3128
-2736
-1348
-345
-63
1508
2177
2975
2802
3239
3641
3206
1975
818
54
-621
-1652
-3176
-3395
-3366
-2920
-2967
-2280
-644
603
1341
1917
2957
3220
3454
2659
2823
2275
679
-296
-930
-935
-2318
-3226
-3255
-2487
-1835
-1816
-1555
-23
911
1838
2080
2586
2554
2310
1925
1480
962
-143
-680
-968
-976
-1906
-2408
-2307
-1192
-931
-623
-440
602
1262
1833
1491
1299
1768
1430
935
302
-208
-511
-861
-1336
-1442
-1359
-1140
-1205
-169
147
696
373
425
1191
1325
884
559
491
550
169
-437
-684
-595
-733
-849
-602
-789
-360
-333
225
272
813
738
531
306
537
407
-147
-447
-212
12
-222
70
-278
469
-277
296
-548
511
-692
403
-6874
-6792
1024
-6356
-5158
-5243
-787
-107
1800
2519
1318
9640
2908
4533
12973
2694
3909
4676
6491
2332
627
961
-205
8118
4917
3833
5613
12240
-24397
-2115
13608
-22750
-17929
-14664
-4683
-16938
-8932
-12793
-7763
16555
-3864
-1878
14056
18488
8276
5191
14092
4774
9412
-941
-10777
-968
-3348
-12804
-17510
-4137
-6118
-9004
-3979
-3538
5687
7001
4532
5007
13023
13545
2915
6664
5882
3920
63
-6046
-5488
-5115
-5015
-12269
-8428
-2721
-4872
-3266
-1249
3362
5548
6684
5080
6634
10693
6050
2619
2983
3174
-1088
-4023
-4470
-6376
-3955
-6328
-7663
-4672
-1819
-1682
-1609
2581
3865
5313
5714
4328
6096
5429
2850
1224
1011
-304
-3475
-3387
-4707
-4051
-4371
-4830
-3936
-1447
-120
-445
1616
3081
3247
3888
4697
3537
3687
2255
1348
-6646
-8263
-4420
-11877
-11785
-13877
-8112
-4519
-4989
-6745
4999
16213
4678
9290
19762
20966
15155
14486
15479
14610
12345
8557
2386
14181
8854
14783
-32087
-13819
27033
-32058
-31831
-32768
-988
-21243
-22897
-21247
-12398
32767
-11437
-5463
32767
32767
17181
3604
27319
14498
20164
-9548
-26918
10472
-9706
-28809
-32453
-5691
-10909
-21596
-12629
-9473
19410
9908
-1123
13689
31939
21991
1503
16272
15326
10774
-504
-15186
-2690
-2085
-16335
-28285
-10133
-4561
-15994
-11159
-5957
6910
7771
3527
5463
18779
20927
4319
8142
11942
9474
780
-6785
-2477
-5458
-7052
-17367
-11110
-3607
-9474
-9675
-4530
3683
3230
-880
-4820
6905
7583
-4947
-5259
1261
3367
-4348
-2766
-3409
3593
11845
-5788
5742
16402
11372
7313
15762
15485
10154
16403
13260
9953
24328
14157
22527
-10135
-32768
32767
-19638
-31814
-32768
-13841
-12232
-32768
-20597
-31525
32767
-3428
-23248
30463
32767
29741
7839
31125
25838
29696
9696
-25347
20247
-1815
-32446
-32767
-13878
-14426
-32768
-21918
-24723
8894
4418
-14505
12293
32369
25796
6481
25438
28184
20114
13831
-6552
6537
5895
-16518
-28376
-12507
-9959
-28729
-21179
-15877
-4091
-1393
-7426
2333
18285
20952
4626
16317
13806
10008
7354
-9930
-391
-11235
-14606
-18656
-15584
-9042
-16106
-5138
632
7205
12134
13185
26564
28894
27664
26406
27588
32767
21883
27074
21224
32767
-23387
-22043
30689
-30991
-31336
-32768
-18360
-27542
-32768
-32296
-20369
32767
-14529
-12198
32767
30709
31365
19763
32767
29475
32767
-5422
-28801
28460
-13391
-32768
-32151
-22344
-24137
-32767
-30573
-27379
21403
-1109
-15598
26455
32767
27113
17090
32747
32209
31943
11968
-11719
14547
2317
-28740
-32768
-17214
-18971
-32768
-30448
-32768
-4256
-8229
-25302
-795
19495
17880
2938
23810
27592
26988
21885
10775
26289
17081
3856
-509
12124
8417
-3828
10125
13648
31855
16906
32767
-14572
-21364
32767
-27092
-30508
-32768
-15726
-24927
-32768
-30621
-28713
31603
-19361
-22091
32767
30668
26422
13188
32767
30165
32767
8055
-9216
32767
-4399
-32768
-28173
-11043
-22588
-32768
-30175
-29190
2501
-12003
-26277
18973
30014
15165
11473
31626
31572
24267
20212
3656
21090
10135
-20772
-19994
-8325
-25707
-32768
-29101
-30535
-23330
-27091
-21279
-3862
11996
3334
8540
32767
29310
27349
32767
28958
32767
23754
18544
15463
27514
21754
6138
28059
32767
4438
-32768
24180
4704
-32768
-30612
-30112
-8536
-32768
-29322
-32768
24869
16582
-32768
18042
32767
32767
19978
23285
32767
32612
21798
-32768
20016
24396
-31264
-32767
-29211
-11366
-32768
-31372
-32768
3575
12893
-32768
-349
32767
30687
10299
18343
32767
31010
26181
-8525
10635
30714
-17136
-32767
-15516
-13800
-32768
-32191
-31474
-14037
-10857
-28052
-7776
32224
28866
9480
27351
32767
32767
29271
29298
32462
32112
8950
9636
30479
32273
18532
28603
-3232
-32768
32480
-11889
-32768
-27884
-31116
-19538
-32768
-29256
-32768
30366
-3286
-32768
32767
29361
32767
30731
32767
30347
32767
20290
-24326
31234
5042
-32768
-25490
-26639
-29150
-32768
-28536
-32768
-3061
-6594
-32768
16850
32767
17590
22734
31578
32767
27385
32322
2295
4284
19908
-32660
-30930
-27231
-29837
-32768
-30927
-24839
-21696
-7973
-7960
14161
32767
27629
32238
31160
32767
31219
32767
31507
32767
29471
9196
26322
32767
30726
8659
-31015
-23343
32767
-32768
-16177
-26628
-13423
-2561
-32768
-14426
-25297
32767
-26869
-7394
32767
26142
32767
27172
32767
25751
30600
7076
-19172
32767
-13785
-32768
-25009
-24696
-26597
-32768
-23932
-22224
-329
-21760
-24738
32767
30356
7989
18593
32767
30825
7383
15434
8237
24805
-4562
-32768
-11021
-14193
-29328
-32768
-12246
1677
-22006
-9714
4775
32767
29268
23654
30782
32767
31776
22469
30408
32767
32492
15146
16299
32767
29869
3143
-32768
-2894
29894
-32768
14
-32767
3971
-11102
-28970
-1117
-20778
32767
-32768
11127
32767
29376
32767
19750
32767
24284
27752
179
-9684
32767
-24934
-30905
-20227
-31204
-24142
-32768
-23476
-19448
-12655
-32768
-20468
32767
10674
3425
14115
30773
29719
-19393
23630
14380
29877
-12476
-32768
11412
-15168
-26400
-32768
9515
12009
-30967
-4740
9076
32767
15058
17144
32767
32139
32400
18458
31793
32485
31636
3710
22149
32767
21440
2922
-32768
-6445
31305
-32768
7563
-23719
-6147
1091
-32768
20388
-31213
32767
-29389
3602
32767
3465
32767
4528
32767
21363
25562
17594
-11907
32767
-21232
-28072
8748
-32768
-23442
-32768
-9121
-20355
-28906
-24646
-31617
32767
-3999
-17020
32767
30941
30985
-13171
26096
24601
29099
-2858
-32767
32767
-6646
-31944
-32768
8745
13021
-32768
-963
9003
32767
13429
1907
32767
31449
30623
18532
32767
29944
30591
10215
21742
32767
20350
15291
-24485
-30995
32767
-22327
-24075
12977
-32768
21080
-32768
10696
-13619
1705
17267
-32768
32767
-15443
20045
17798
17287
32767
5502
32767
-163
24995
19248
-32768
20465
-11017
-29677
-27026
-28710
7442
-32768
-19059
-32768
10227
19098
-32768
13753
15563
32767
-8542
9314
32767
22420
32548
-30710
20846
27559
-12091
-22911
-15362
32767
-28489
-13948
-2034
12724
26630
-25443
22189
32767
32767
7346
14613
32767
29256
23145
6683
32767
23633
21874
19781
-32768
-9010
32767
-32767
4736
-5620
-28007
7684
-32767
20757
-32182
18838
-11452
-19036
32767
-29676
30776
9326
27137
29458
8926
32767
6150
32767
-2544
-27520
32767
-24210
-11063
-32768
-13182
-1427
-32768
-18759
-32768
17231
-9555
-32768
-12156
6467
31788
-25351
21247
29531
27264
27702
-8290
32767
26312
12122
4593
16466
32111
-21371
2144
-1475
12664
7409
-29774
13059
17281
13407
-14721
19618
32767
23235
8778
13077
32767
15354
31473
-1108
-32768
32767
-13752
-28299
22101
-32768
16675
-32768
-5851
-8215
-21293
22553
-32768
32767
-15855
1253
15923
-9075
32767
-4308
31235
19158
23864
32767
-32768
31981
11005
14686
-243
-31624
28463
-32768
-12648
-32768
-10015
13918
-32768
-16306
-32768
2889
-26037
-21899
8108
-2518
31287
-25326
14306
32767
13868
24726
18475
32767
14806
22120
25089
20665
32767
-12818
8527
16419
8225
-8321
-20560
20687
-6952
245
-11950
15068
24730
-154
25112
10646
32767
-18714
-12799
32767
-32768
17057
-12793
-19421
18649
-32768
8964
-32768
17297
-14565
-23807
29903
-32768
30747
-27480
13453
19369
1421
32767
-17711
32767
5247
4927
32767
1341
32767
-15173
14503
9954
-2726
20949
-32768
18071
-17265
-23475
-24130
-27894
-3911
-32768
-12498
-32767
-9760
-2121
-31557
1260
-1223
15204
3683
15626
31397
15760
32767
14768
28506
27044
12323
18085
5104
10623
-4100
-1735
-3759
-10986
172
-14242
4181
-4776
6906
12425
3840
26179
12265
26115
23046
19280
-3140
19574
18482
-32768
1856
-22215
-24225
-19844
-32768
-22883
-32768
-17576
-32768
-21064
-5094
-26600
-6877
-15544
-613
4157
-5698
7072
1363
19599
8907
5209
20831
13434
19406
10413
13724
16534
14993
9605
2876
13710
4837
1388
-2664
-1165
-1106
-7203
-5130
-10138
-4291
-6518
-13070
-3375
-6082
-4095
-4424
-6353
493
-3423
-1680
-4803
-3683
-273
-4050
-5095
-1333
560
1559
2955
6027
11431
12103
13917
16399
19905
18453
15889
19720
18423
13221
16010
11344
10937
10570
6494
3691
3818
2942
-8707
-5383
-11814
-14884
-19022
-23700
-23447
-24412
-21935
-29831
-19488
-21662
-19059
-16659
-14678
-6552
-10214
-3814
-3693
222
4224
786
5281
8204
8081
5743
6520
13932
8138
8867
7564
13092
14374
7820
10113
12407
14515
9391
8784
8766
7179
5244
-1282
-4918
-1885
-10046
-11682
-16306
-13587
-14790
-20046
-13186
-17109
-8615
-8379
-9163
-1354
3746
5785
3495
11274
15227
10345
14391
14833
14034
17650
13576
10926
13260
15698
5619
8524
11539
5118
7775
3187
4314
1968
2507
-2739
-4262
767
-10673
-9644
-8770
-11661
-12915
-15341
-13776
-14487
-9277
-13851
-16950
-6922
-11955
-14101
-13247
-9551
-9884
-9940
-8759
-6992
1120
-1285
-599
4473
9768
9125
9716
12846
14874
14276
15316
9670
13645
13393
6527
6844
3245
5386
-2839
-2349
-4977
-6208
-3367
-10061
-8729
-5796
-6963
-8785
-7973
-3764
-4162
-7591
-1102
-2639
1131
2247
-1876
7071
6568
5750
5256
11275
9107
6862
9315
6797
8667
