22825
17856
12970
32767
32767
30271
32767
-10539
-25704
-5868
-16699
-27175
-32767
-28374
-32768
-14109
-19040
-12981
10835
10061
32293
32767
19935
18969
18212
6558
20578
17038
31710
32767
-7894
-29429
-3327
-5356
-21236
-32768
-28269
-32768
-8849
-13514
-15989
11835
1070
26999
32767
20853
13758
21540
-320
15864
25025
32662
32767
-11107
-32264
-4502
13323
-22957
-32768
-28645
-32768
-6177
-5671
-25456
-5430
14395
31815
32767
24418
10975
11959
13096
13966
20464
32767
32767
-9547
-31727
-2647
10583
-14988
-32768
-27943
-32768
-12317
-2316
-16807
-6540
6514
27955
32767
28791
11194
2415
6512
18855
20369
29831
32767
-4584
-28799
4087
18260
-13374
-32768
-28335
-32768
-19649
-15
-23364
-19954
6660
29691
32767
30168
20573
5348
17879
20394
21039
30357
32767
4647
-32768
-11283
11705
-7689
-32768
-28991
-32768
-26420
10512
-7212
-21904
3100
26796
32767
31208
21777
-2222
10400
20141
14542
26739
32767
13172
-30509
-21554
11134
2417
-32768
-31539
-32328
-32768
4724
5954
-24844
-3967
22543
30516
28103
32767
9190
4099
17590
13637
23949
32767
26430
-20956
-32386
6792
13817
-30215
-32768
-29582
-32768
-9369
16000
-20150
-19852
8966
32767
31932
32767
12698
-12641
14840
22088
23925
31660
32767
-9841
-32768
4393
26951
-17468
-32768
-29332
-32768
-24753
13537
-12147
-32294
4921
20182
26614
30896
29923
-7028
5731
23756
20281
27443
32767
13970
-31169
-16950
26807
-1899
-32767
-29969
-32768
-32768
-5152
6283
-32226
-12402
5663
20983
27692
32767
13635
-5319
15325
24494
28969
32767
30948
-17268
-32768
12576
21396
-28484
-32768
-31358
-32768
-22964
14770
-15562
-27282
2946
12584
27206
32767
30473
-4920
5478
20955
28645
28506
32767
15492
-31134
-15373
24824
-3166
-32768
-29983
-32768
-32768
-11008
5262
-28148
-12654
747
17952
29233
32767
21287
-8214
8154
22893
27913
31943
32767
-2965
-32768
47
23305
-8518
-29302
-31028
-32768
-32007
-5082
-4721
-23185
-7976
-3083
14887
31438
32767
9896
-4581
10529
20396
28274
32476
32767
1370
-17324
9853
17930
-10205
-27381
-32026
-32768
-32674
-19235
-13828
-22195
-11917
-11163
11775
31022
32767
17602
4530
9751
19119
31555
32267
32767
4789
-16949
731
14732
-5183
-23573
-32288
-32768
-32348
-19669
-10633
-15400
-10944
-10630
5359
27500
32767
21988
8364
2288
11260
26622
32767
32767
19722
-7501
-4006
14344
3935
-15036
-30166
-32768
-32282
-29565
-15737
-14431
-17195
-15897
-9188
17175
32767
30393
14342
1984
6073
24801
32767
32767
25351
13
-9059
12403
13668
-3601
-23044
-32768
-32050
-31356
-19408
-12563
-20410
-16639
-16829
261
26615
32767
17074
2143
-715
12208
32767
32751
32767
20655
-3553
6308
25521
10435
-8672
-30603
-32768
-31859
-28216
-17110
-21701
-26650
-16449
-10702
6458
25720
25074
3946
319
7458
22679
32767
31970
32767
16484
6698
23220
24054
3403
-7235
-32385
-32768
-32365
-29326
-25148
-30662
-20499
-15822
-20834
1017
25804
20352
4670
6410
10283
22048
31039
32767
32767
21296
11281
19169
21075
8050
-4027
-31916
-32629
-32768
-31029
-29190
-27510
-22590
-19682
-15674
6240
23230
20860
11704
8331
6891
11622
29819
32385
32767
20857
9385
12157
27465
13774
-1173
-23189
-32768
-30854
-32768
-26086
-23949
-20962
-18630
-13195
-4401
12162
21421
16996
999
3
5157
19365
27477
32767
30431
18975
11310
19892
26208
8473
-3398
-30009
-32767
-32114
-29102
-26155
-22814
-17935
-18525
-14354
5403
21136
18656
9598
942
-1330
6522
24942
24902
31602
27426
13718
8316
21701
25241
8649
-5882
-28241
-32768
-31857
-23143
-18586
-22266
-20191
-19123
-16124
3956
20748
19362
4634
-4569
-2138
8595
21823
24586
32219
22701
8117
7870
24423
26506
9362
-6276
-27054
-32768
-28994
-16054
-16723
-23818
-21256
-20658
-11884
4819
19208
12389
-2072
-5995
-527
8246
16522
11539
21557
29188
14163
10868
21964
28267
16116
4444
-13827
-29466
-30662
-22300
-21064
-26509
-24547
-21711
-20523
-3832
14040
17572
7996
-2048
-6825
-1011
12654
13460
22653
31539
16412
5805
19396
30315
25399
11306
-12088
-31332
-32752
-22732
-20968
-30748
-30978
-28020
-22813
-550
16752
15900
3607
-2275
-3290
2213
9709
9359
16351
30029
28849
15076
19383
31293
27576
14582
-4354
-30126
-32768
-28553
-24801
-29617
-32768
-26074
-25934
-13162
14740
25910
13046
-2247
-1555
2978
12158
14146
17512
27104
32767
19211
10981
26850
31760
13009
-9624
-28308
-32768
-31096
-27254
-28520
-32768
-31282
-19146
-6483
11340
22122
12468
3838
12713
13554
9242
10875
12217
26164
32767
26903
1223
7108
31232
24056
-420
-25468
-32768
-32767
-26503
-24920
-31146
-32768
-17895
-6814
10024
24188
17303
10326
17433
21795
2910
6289
10422
24803
32767
32464
3267
-9808
24243
30862
5466
-28405
-30013
-32768
-28965
-18362
-28644
-32768
-28985
5747
15974
26609
20353
12578
20603
31449
11263
-4884
2487
21328
32767
32767
17703
-21732
11306
32767
15622
-32517
-32768
-31060
-32768
-24292
-30022
-30568
-32768
12245
25969
13047
11264
20242
31708
32767
14011
-19301
-3433
24656
32367
32767
32260
-19939
-5658
32767
26907
-17966
-32768
-27809
-32767
-28873
-31520
-30723
-31255
7877
32767
3753
5705
24853
32767
25218
7264
-21521
-5779
21903
29022
18517
32767
17453
-19669
21666
32767
7017
-32768
-32355
-32089
-32767
-30955
-32768
-30504
-15498
25906
14863
-5411
18990
32767
26928
8297
-8275
-15498
12061
20587
18708
21926
32767
3534
-14377
32767
32767
-5787
-32768
-29753
-32768
-32097
-32672
-32768
-30108
-3688
28533
1404
4864
29858
32767
19596
3949
-8963
-3009
19839
16042
15786
29899
32767
-16162
-4512
32767
24452
-20438
-32768
-29100
-32250
-30835
-32768
-32768
-19270
22222
23661
-12044
14334
32767
32529
6484
-5244
-4472
9708
12152
3376
19520
32767
27060
-25062
8269
32767
16658
-26398
-32768
-26971
-27580
-30205
-32768
-31894
-3201
29965
-433
-12605
26601
32767
24506
-10502
-6970
5436
12874
-6530
3791
27705
32767
16766
-27969
19468
32767
8511
-30502
-32768
-17078
-12520
-32360
-32768
-26586
15473
27026
-16605
-11471
32706
32767
9434
-17866
-858
13580
7518
-28062
4535
31600
32767
20224
-28548
17622
32767
10728
-28668
-32768
-9127
-125
-32767
-32768
-15586
22416
4299
-25932
-9619
32767
30716
1312
-16618
1068
13457
2323
-31809
4127
32767
32656
28486
-27168
11386
32767
16521
-24841
-32768
-9596
7628
-31499
-32768
-9765
15679
-6157
-22744
-8448
30275
32767
-8021
-6290
3923
2739
3311
-32768
-7364
32767
28405
32767
-9810
-5372
32767
29477
-12298
-32768
-21725
7579
-19592
-32768
-15314
4641
-13287
-22582
-9699
17782
32767
2288
-6305
-396
-5516
5112
-11668
-30005
19326
29828
32767
18254
-17535
26202
32767
8317
-27539
-30631
-1882
1548
-32768
-30260
-2150
-2771
-19037
-27363
-6734
32767
15344
-14791
-4871
-5550
7688
-12452
-32424
2576
32767
27415
32767
5693
-219
32767
32767
2089
-28312
-22696
8825
-9303
-32768
-18205
-9443
-12024
-20526
-30491
15007
31114
-25145
-4407
-4728
-9219
4569
-26941
-7702
21367
22697
30385
32767
8086
12440
32767
30324
1995
-28668
-17881
14279
-19718
-32768
-18553
-16346
-11201
-24068
-29396
15782
16713
-21048
-4483
-16238
149
8961
-23094
-3379
19996
20185
27683
32767
21410
13414
30051
32767
13730
-12405
-19992
7864
-12125
-32768
-25282
-20196
-13686
-22004
-32768
-6943
11944
-10691
-20386
-16945
1429
6335
-16516
-10286
15129
25045
20999
31021
32767
15696
15555
32767
25294
12691
-7376
-13937
8887
-27452
-32768
-21530
-26592
-19977
-21494
-31473
-7196
-679
-17493
-12615
-7762
870
6797
-9136
-3787
13360
11151
20116
24617
32767
20433
9697
32767
31666
19601
2863
-13585
4686
-10684
-29135
-24645
-26489
-16707
-19006
-31029
-17275
726
-9217
-12551
-11466
-3533
11022
-7953
-17457
10667
12322
13354
15578
26514
32767
10664
19009
32767
23986
15601
-6070
-8632
8399
-16203
-28139
-30399
-20126
-17806
-30963
-29946
-3805
5099
-17536
-12350
-429
7702
1013
-12951
-3933
14429
6980
9378
17744
28004
32180
3429
14648
32767
23845
9401
-12608
-11888
9053
-17750
-31791
-23805
-15382
-12357
-19096
-25334
1652
14214
-15296
-11267
1439
8141
4791
-15431
-5491
14259
5009
-1689
7969
12037
32427
21444
-8245
25230
32767
16231
6061
-11431
2709
8070
-28747
-27567
-10998
-13708
-11377
-19063
-15414
14664
3026
-10729
2113
-1437
3447
-4070
-18303
-4210
1312
-4038
-1199
-1013
8076
22508
16201
-2188
16950
32767
23837
10721
-1058
5899
11252
-16970
-24626
-8644
-7822
-7558
-16351
-12916
8834
3253
-13325
-7313
-4661
-2222
-8729
-22534
-8312
1188
-10051
-9540
-4990
7012
11226
10589
20370
15130
22285
32767
23101
15456
10190
2458
1693
-11825
-19965
-9322
-11034
-12684
-9512
-10303
-2741
-717
-12002
-8168
-6356
-12888
-9732
-15677
-10339
-2518
-8207
-5361
761
1417
13256
13740
16984
23515
12866
20350
30825
21508
13579
7779
-3483
2764
-6297
-18692
-11401
-11639
-11726
-7403
-13443
-7618
-360
-11696
-13440
-11749
-8214
-4065
-10944
-13219
-3067
2151
1016
-3224
395
13180
13724
9590
19815
21876
21710
24758
14124
17894
16253
1553
-2859
-8735
-13499
-10653
-16087
-16373
-10552
-14477
-10793
-5953
-9903
-8056
-7025
-9843
-6612
-7431
-3647
-2612
-3090
1481
5042
6320
7215
5482
8227
13919
15946
16740
12988
12181
18465
17199
7329
1708
-3081
-1321
-5303
-16231
-17129
-9809
-10456
-11981
-14609
-8722
-963
-4945
-8768
-5709
306
-1228
-5304
-7155
2943
5519
-1560
2410
7167
8305
8109
2886
4226
12409
9771
7709
10309
3040
8285
11356
3042
1370
-2536
-6208
-4398
-9668
-15041
-9142
-11041
-11243
-7282
-6196
-1718
1284
-2617
16
4975
2336
3635
2223
1910
4869
4067
975
2245
1595
-491
-1239
-5348
-5336
-1834
-2425
-3913
-395
1163
3318
87
755
9438
6864
5175
5242
2642
5974
3580
-1455
-18
1924
1179
-278
-1907
-330
1857
-2226
-4735
-5593
-5294
-5965
-8437
-8528
-6775
-5312
-7779
-9179
-7474
-3947
-2396
-3882
-1639
2984
5682
6522
7658
11784
13515
13857
14603
13016
12570
13452
11431
7951
3214
-1931
-1084
-3812
-10513
-13336
-11616
-11837
-13024
-14429
-12412
-7467
-6891
-8205
-6669
-1677
1547
1463
958
6092
7516
5502
5726
8121
7647
7581
5271
4284
5896
3190
2488
-918
-1332
-1318
-4725
-4927
-2932
-1868
-2899
-846
1388
856
1443
3022
4768
1164
700
673
-1317
24
-1169
-1993
-3
-625
-731
822
-189
115
78
-2177
-1979
-3675
-4024
-986
-2005
-3132
-2240
-1633
-2062
-606
-1290
-1806
-464
-1326
-3830
-693
-67
2567
3318
486
4887
7562
7891
7024
5855
4837
6566
3176
540
219
467
-595
-2884
-4272
-2627
-1086
-2823
-2754
-3745
-2257
-2765
-5500
-5898
-3433
-3274
-4190
-3410
-1145
1002
706
-467
-816
486
1101
599
328
1746
3462
4543
4331
3678
3391
3333
3201
1570
-596
-33
545
-1553
-2133
-515
604
392
-945
-1252
857
97
-1376
-2536
-3907
-2200
-3052
-4096
-2835
-1808
-1083
465
-69
820
3258
4006
3335
887
928
2959
2020
8
1671
3211
4164
4629
3797
5845
6536
2119
-1310
-2380
-1818
-3124
-6436
-6025
-3310
-3392
-4399
-4804
-2866
-505
-1320
-3850
-2687
-537
-186
-758
-960
325
2091
2313
1417
1512
1453
2012
813
-1491
-1481
569
37
-311
-587
1266
2626
1026
-324
587
2045
708
-1685
-1629
148
1031
215
-1035
1395
3279
2719
1588
1603
2219
1275
-1758
-2847
-2698
-2543
-2765
-3266
-1847
-574
-853
-1430
-992
426
1145
181
-963
188
1691
2020
1609
1902
3463
4279
3466
2840
3409
3203
1362
-1270
-1669
-1599
-2075
-3500
-4483
-4075
-3479
-3621
-3462
-2519
-1923
-1816
-1989
-780
181
495
1374
1785
2029
3650
4526
4401
4161
3927
4217
2965
1070
1087
926
151
-298
-898
-340
233
-1162
-2810
-3179
-3610
-3746
-3588
-3667
-3453
-2419
-873
598
705
1327
2759
2906
2671
1980
1703
1287
623
152
292
631
489
-357
-1100
-830
-593
-1788
-2938
-2918
-2559
-1944
-1652
-1044
-297
398
931
1144
1860
1956
1735
1473
1539
953
-4
114
185
-133
-649
-145
294
136
98
-17
-234
-587
-895
-1289
-1700
-1577
-1210
-666
-195
720
853
1356
1864
1641
2026
1395
65
-225
-240
-126
-777
-1415
-302
-164
-485
-218
-118
725
1112
-24
-133
176
925
873
69
409
1008
505
538
1021
476
654
561
-86
47
-662
-957
-820
-1564
-1539
-2001
-2409
-1736
-2101
-2139
-620
-969
-1186
-402
779
2193
2083
1560
2453
3090
3423
3019
1940
2177
1907
589
132
350
-753
-1151
-1877
-3120
-3672
-3649
-3355
-3143
-3356
-2338
-1445
-1745
-1021
-131
922
1195
728
1232
3135
3437
3390
3352
3400
3956
3057
1716
1614
769
-443
-1130
-2166
-2545
-3584
-4311
-4211
-4109
-3693
-2786
-2135
-931
-274
-75
1076
1395
1933
2244
2783
3545
3657
3114
2995
2954
2198
2143
1365
404
-161
-876
-1588
-2319
-2975
-2803
-3046
-3161
-2873
-2303
-1394
-875
-927
-400
771
1499
1298
2070
3284
3230
3094
1952
2101
2956
2068
753
-120
-79
-18
-1182
-1934
-1867
-1792
-2019
-1838
-1759
-1306
-988
-1624
-1682
-1328
-864
-250
-224
497
1459
1471
2175
2102
1570
2030
1929
775
-184
260
494
-138
-1525
-1776
-1090
-854
-1261
-1776
-1394
-187
-273
-1481
-429
16
-470
-499
-255
570
1038
265
319
437
1344
1521
392
82
653
895
529
297
118
605
521
407
808
814
912
1148
382
307
-11
-989
-815
-733
-1302
-1269
-1018
-698
-392
-134
-361
-208
-456
-398
-374
-1037
-999
-701
-1082
-648
-480
-414
750
470
373
499
409
1152
747
21
831
206
220
271
283
690
108
-301
-49
50
-116
-143
-458
-717
-560
-265
67
172
96
678
585
308
268
452
1083
333
71
789
437
499
90
-527
-145
-750
-1391
-1174
-1352
-1187
-1976
-1550
-542
-695
-333
-332
104
843
804
1067
1232
1185
1489
1455
1536
1370
1229
1050
802
796
160
-34
-272
-748
-405
-715
-1404
-1479
-1234
-1556
-1158
-1775
-2016
-1371
-1150
-595
-82
-215
1054
1376
1081
1806
1121
2078
1778
1391
-2229
-3424
611
1879
1694
2604
3847
3557
2187
995
2394
965
-1580
-1871
-2394
-2207
-2290
-3299
-2383
-1178
-2461
-2264
-1420
-767
-461
-892
-805
257
342
51
193
252
978
-1
57
453
441
676
-305
-198
379
-126
1028
331
209
1225
882
438
185
309
56
11
97
27
-187
293
-239
295
283
-586
74
-394
-804
57
-932
-720
-369
-614
-84
-159
-161
283
532
892
956
249
613
1063
364
467
111
-772
65
-146
-287
-376
-263
168
-344
-386
-125
25
43
-537
-23
315
-646
-405
129
66
468
-399
352
229
-243
369
-118
264
517
-48
-72
410
-208
596
-179
-363
213
8
-322
-196
-1675
-746
582
-1982
-2513
-33
1559
-15
520
2798
4264
2421
522
247
1502
-9
-2165
-1446
-193
468
-722
-573
1278
831
-99
-491
-923
-55
-1469
-2059
-1706
-1040
-548
-1522
-1239
200
-751
-1151
-350
-197
19
-667
-325
1006
850
698
814
1259
2230
1459
533
1222
1983
1406
619
299
1346
864
-645
-461
222
-178
-984
-1479
-773
165
-601
-1519
-953
-903
-588
-543
-581
43
45
