-1180
1088
-1177
-3936
-2124
-1539
-442
-831
416
1711
1038
651
2832
2125
2303
-9
886
-34
-2159
-1732
-3172
184
-1067
-1942
-1157
1441
2096
-152
257
1428
-23
-726
-1305
-1661
-1866
-950
-1186
-2440
655
929
1449
1520
1212
1291
902
922
422
-184
-753
-1928
-1301
-946
-579
466
530
-840
299
208
-321
1514
-1284
-1429
-979
755
496
-723
152
585
1235
49
324
845
2519
2544
1533
1362
2817
3464
817
1647
552
-2103
-4422
-6598
-4927
-4562
-5060
-3563
-1431
-251
-553
-2106
-679
321
-1229
-316
467
2802
6477
5754
7163
10905
12905
13946
10081
8738
7645
922
-4995
-10141
-14991
-17838
-22137
-22771
-20666
-18458
-13541
-8668
-2477
2130
5070
8380
9500
10363
14583
14120
15066
16763
17108
22451
24726
25447
24010
15812
3273
-8458
-22579
-32275
-32767
-32740
-32767
-31901
-22756
-9649
503
7467
11052
15782
14991
8645
3268
235
-1452
1017
5028
9196
19320
29491
32767
32213
32767
27425
10874
-5745
-25095
-32768
-32097
-32768
-32106
-32768
-22789
-3330
11910
24537
28523
26090
20064
8482
-2048
-14325
-23076
-21042
-14492
1929
10742
25527
32767
32699
32514
32767
28789
12032
-8757
-30838
-32768
-32291
-32768
-31971
-32768
-20459
3759
22402
32767
32302
32767
20454
3548
-6455
-23629
-32768
-31563
-24336
-1308
14144
27583
32767
32602
32612
32767
29844
12228
-12280
-32768
-32432
-32768
-32610
-32768
-32499
-18514
11924
28459
32767
32487
32767
22405
-4876
-15878
-28501
-32768
-32304
-29398
-4137
20047
30492
32767
32618
32767
32767
32317
14311
-12129
-31847
-32768
-32334
-32768
-31993
-32768
-20642
8174
28663
32767
32767
32105
25103
0
-21097
-28609
-32768
-32768
-30985
-14948
14436
31442
32767
32437
32767
32015
32767
25713
-3203
-25881
-32767
-32105
-32768
-32352
-32768
-28025
-4842
21550
32767
32201
32767
27552
14504
-11461
-32599
-32486
-32767
-32742
-25896
-6188
24924
32767
32454
32767
32767
32140
32767
20724
-11228
-29002
-32768
-31942
-32768
-32070
-32768
-21259
1539
25069
32767
32066
32767
22969
9093
-15771
-32768
-32206
-32768
-31957
-22263
-2393
26844
32767
32610
32676
32767
32087
32767
20651
-10886
-26996
-32767
-31895
-32768
-32143
-32768
-21719
-3129
18454
32326
32683
32248
21813
8826
-11947
-27624
-32514
-32767
-31915
-20775
-4414
19785
32700
32767
32548
32767
32208
32767
26789
-4186
-24052
-32768
-32614
-32768
-32585
-32768
-23850
-9121
7393
26178
31647
32361
20819
12170
2540
-18181
-29975
-29120
-30871
-22196
-12516
5117
28390
32767
32672
32686
32767
32290
32767
10572
-11278
-25748
-32768
-32041
-32768
-32569
-31746
-21216
-3940
16860
27797
32767
28255
19692
11643
-7322
-17337
-24719
-31544
-25380
-18722
-6649
12940
27045
32767
32067
32767
31928
32767
27097
1975
-17136
-31179
-32768
-32660
-32768
-32768
-30266
-16187
1226
20207
30713
32767
28459
22113
11888
-5377
-20016
-26599
-29116
-28025
-21823
-8438
12718
27015
32767
32250
32767
31752
32767
22157
-132
-15194
-31788
-32755
-32768
-32768
-32768
-31097
-16468
4829
20031
30611
32767
29557
25852
12094
-5977
-16072
-25327
-30230
-28499
-25212
-7788
10067
22222
32317
32638
32767
32321
32767
22501
3647
-14033
-31608
-32768
-32689
-32768
-32518
-32767
-19295
1816
19451
31902
32767
32710
29278
13675
1040
-11218
-24376
-28595
-31247
-26129
-10084
3923
18362
31353
32767
32731
32704
32767
24482
6508
-9111
-27458
-32768
-32368
-32768
-32343
-32768
-23724
-6682
9598
22210
27825
30407
28291
19740
6922
-4274
-12905
-20364
-24930
-22899
-13114
-1373
7798
15818
24932
31221
32767
29316
20173
13262
5749
-4538
-14190
-21784
-24579
-24339
-23588
-20222
-14157
-6346
683
4703
7640
9119
8071
5045
1701
-2781
-6857
-9618
-11170
-10351
-7460
-3347
764
5559
10103
13855
15594
15921
15447
13141
9753
5543
2391
181
-2057
-3496
-4334
-4702
-4254
-4305
-4165
-3693
-3690
-4139
-5625
-6878
-6912
-7496
-9332
-10215
-9571
-7634
-5544
-3308
96
4076
7775
10167
11740
13059
13147
11844
9829
7436
5310
3963
2799
1972
1512
1610
1970
1171
399
-347
-2547
-4546
-6715
-8951
-10795
-12559
-12745
-12047
-11259
-9701
-7018
-3949
-806
1741
4165
6489
7925
8409
8058
7186
6107
5676
5646
5414
5405
6886
8413
8242
8207
7710
5765
3175
-54
-3423
-6877
-10143
-11957
-12036
-11994
-10888
-8527
-6222
-4040
-2168
-894
-269
184
-379
-1426
-2132
-1933
-771
778
2643
5368
8333
10644
12439
13170
12975
11193
7972
4299
712
-3072
-6344
-8558
-9303
-8769
-7280
-4594
-2016
25
1713
2578
1875
71
-2542
-5583
-8382
-10613
-10987
-9168
-6844
-3258
1602
6550
10300
12522
13341
12916
10577
6751
2894
-1409
-3833
-5186
-5767
-4787
-3282
-1068
1178
3110
4451
4929
3967
2424
412
-3124
-5917
-7933
-9173
-9263
-8014
-5671
-2828
471
3622
5740
6697
7063
6110
3821
693
-1887
-3376
-4393
-4564
-3464
-1644
662
2256
3505
5172
5925
5117
3939
2699
754
-1678
-3527
-4537
-5273
-5009
-4098
-2811
-1086
369
1880
2638
2573
2636
1920
-125
-2172
-3327
-4007
-4071
-4238
-3224
-892
510
1684
3116
4429
5193
4226
3206
2209
421
-1244
-2365
-2756
-2510
-1975
-952
658
1837
2937
2930
2073
1000
-249
-1835
-3407
-4497
-4420
-3652
-3566
-2594
-1331
-165
679
1363
2344
2925
2531
1963
1678
850
-16
-666
-604
328
734
1181
2110
2668
3448
3367
1957
487
-589
-1960
-3585
-4777
-5003
-4054
-3275
-2359
-1341
-543
401
1011
1413
1482
1146
765
566
265
-245
-569
-24
991
1889
2369
3064
3563
3757
3314
2050
994
138
-697
-1888
-2289
-2294
-1913
-1544
-1112
-1133
-1386
-932
-865
-1114
-1270
-1222
-773
-418
-126
-132
96
1018
1718
1970
1697
1626
1848
2107
1646
1007
802
1164
724
-350
-702
-576
-624
-874
-903
-691
-887
-933
-1239
-651
-1422
-4378
-4167
-2301
-716
927
1782
1104
1022
2222
2976
1652
488
303
310
682
1427
1863
2383
1620
-123
-442
18
100
-262
-200
-290
57
-199
-80
-53
426
137
-853
-1322
-1368
-1273
-1090
-510
-776
-327
-111
624
1365
1198
1005
1109
961
737
424
56
-335
-523
-530
-704
-541
-339
102
314
485
824
1130
977
652
90
-329
-364
-453
-382
-429
-718
-61
333
825
1189
979
1064
531
361
-214
-1043
-1699
-1887
-1784
-1515
-1545
-1463
-172
581
516
826
1672
1864
1560
585
-404
-420
-497
-626
-333
-540
-268
334
71
535
1271
1613
834
166
-570
-1565
-2568
-2678
-2438
-4384
-3851
-1422
-465
747
1527
1637
2204
3500
3111
1080
398
-350
-1261
-1426
-864
-614
-453
157
1206
1832
2204
1934
1044
363
-598
-1240
-1565
-1785
-1835
-1817
-1392
-806
-241
675
848
426
38
607
677
1023
864
758
528
587
1241
1336
1307
1086
1031
504
125
-811
-1401
-2135
-3041
-4123
-4713
-4685
-3428
-2354
-1577
-794
69
1510
2116
2055
1696
1833
1862
2190
2734
3480
4415
5322
5482
5360
4844
4140
3239
1429
-900
-3429
-5565
-7383
-8956
-10236
-10410
-10227
-9647
-8040
-6164
-4035
-1905
103
2624
5002
6624
8000
9867
11797
12782
14329
15923
16316
15993
14062
10070
5299
-520
-6938
-12657
-18133
-22164
-24060
-24351
-23792
-21882
-18300
-14752
-11231
-6449
-1785
2401
6793
10558
13629
16977
20003
22279
24840
26953
27976
25966
22024
17718
10789
2525
-5153
-13257
-19641
-23221
-26209
-27824
-26928
-24361
-21361
-18100
-14341
-10983
-8048
-5134
-3537
-2573
-944
906
5015
10636
14840
19848
25957
31106
32767
32671
32753
29462
23657
15188
3608
-6993
-17216
-25286
-31278
-32767
-32629
-32278
-26926
-21932
-18007
-13296
-9279
-5998
-2941
-1917
-1333
-140
1436
5541
10274
15394
21619
28790
32657
32767
32679
32767
29696
22844
11986
-856
-11509
-22972
-30444
-32768
-32722
-32768
-32487
-26187
-20499
-16296
-11728
-7450
-4072
-1800
-1212
-1350
-467
890
3728
9034
14558
19579
26878
32023
32767
32496
32767
30379
23705
14533
3036
-8639
-18865
-28535
-32366
-32768
-32357
-32584
-28881
-22119
-18096
-12806
-8854
-4202
-1161
832
32
714
1272
4035
7678
13236
17478
23508
29480
32388
32767
32498
31112
24424
17059
5364
-5865
-17271
-26317
-31923
-32768
-32479
-32768
-29439
-22533
-17496
-12819
-7802
-3590
-26
1737
1604
562
537
1846
5363
9925
14259
19975
27134
32204
32767
32700
32409
27029
20010
9421
-2478
-13247
-23954
-30561
-32768
-32445
-32768
-30352
-23508
-18040
-13399
-9176
-5006
-1756
521
307
-122
-112
1058
4009
8325
13525
18627
25415
30980
32767
32523
32767
28457
21464
12698
899
-9278
-20379
-27892
-32182
-32695
-32751
-30958
-25107
-19465
-15387
-11490
-7471
-4153
-761
211
-280
-15
1098
3650
8206
12698
17127
22696
28703
32766
32653
32767
29802
23475
16358
4878
-5578
-16093
-24720
-30150
-32395
-32682
-32378
-27769
-21924
-17365
-13314
-9384
-5328
-1714
29
-474
-318
659
2296
6056
10991
15497
20852
27761
32377
32767
32767
31891
25987
19711
9267
-1864
-12468
-22690
-29147
-32768
-32465
-32767
-30588
-24280
-18714
-14838
-10699
-6676
-2861
-216
-826
-1254
-635
1321
4498
9413
14097
19591
26645
31932
32767
32470
32767
28658
22749
13176
1577
-9291
-20555
-27929
-32584
-32554
-32768
-32285
-26223
-20272
-16082
-12390
-8694
-4581
-1327
-878
-1638
-1502
-359
2959
7823
13160
18365
26453
32005
32767
32474
32767
31808
25739
16339
3529
-7801
-20065
-28925
-32768
-32767
-32641
-32768
-28610
-22218
-17385
-13487
-9512
-5866
-2405
-820
-1573
-2104
-1096
2456
7220
12638
18158
26331
32220
32767
32728
32767
32722
27406
18180
4942
-7421
-20460
-29618
-32581
-32768
-32419
-32768
-28982
-22221
-16856
-13108
-10094
-7345
-4216
-2348
-3121
-3357
-2589
1062
6784
13309
18439
26328
32513
32717
32767
32629
32767
27742
18548
5714
-6668
-19644
-29850
-32517
-32768
-32431
-32767
-29383
-22035
-16125
-12368
-9961
-7660
-5089
-3667
-4296
-4739
-4391
-710
5636
13067
18350
25599
32346
32723
32767
32597
32767
27792
19820
8313
-4991
-17193
-28481
-32123
-32768
-32461
-32768
-30157
-23158
-17563
-13401
-11084
-8971
-7229
-4428
-4053
-4414
-3961
-997
5082
12616
18412
24543
31766
32767
32767
32592
32767
27886
20481
10414
-2065
-13666
-25313
-31077
-32768
-32537
-32676
-30678
-24995
-19061
-14688
-12029
-9907
-8150
-5418
-3756
-3822
-3276
-1067
4338
11649
17412
22358
29926
32767
32767
32538
32767
29859
22424
13710
1961
-9609
-21929
-29686
-32709
-32560
-32591
-31825
-27160
-21277
-16029
-12288
-10461
-9025
-6531
-3561
-2844
-2585
-1398
2759
9706
16313
20660
27551
32534
32767
32601
32767
31339
24668
16491
5518
-5802
-18497
-28095
-32233
-32618
-32609
-32491
-29042
-23478
-17841
-13471
-11138
-9868
-7968
-4952
-3243
-2555
-1836
1264
7584
15051
20324
26938
32253
32767
32693
32767
32457
25975
18034
7903
-3140
-15721
-26525
-32137
-32768
-32438
-32654
-30112
-25590
-19604
-14485
-11696
-10351
-8914
-6011
-3230
-2445
-1890
117
5843
13610
19528
25791
31571
32767
32624
32767
32567
26734
18341
9028
-1154
-13381
-24632
-31306
-32538
-31506
-31441
-29542
-26370
-21427
-16191
-12644
-11473
-10241
-7901
-4387
-1748
-819
976
5805
13860
20253
26453
31755
32767
32666
32767
32304
25381
16187
7960
-1729
-14190
-24718
-30992
-31822
-29081
-29083
-27038
-23299
-18310
-12086
-10013
-11099
-12199
-11980
-8490
-5810
-4584
-1388
4449
14000
21473
28397
32625
32767
32687
32767
30444
20719
11621
3999
-3520
-15528
-24559
-29482
-29062
-23221
-23025
-21483
-18787
-15020
-9568
-7725
-10942
-12462
-14473
-10517
-7389
-6197
-3175
3883
10945
14038
30073
32767
32620
32767
32767
30979
17055
1441
-12505
-20109
-31128
-32754
-32768
-27967
-14150
-8394
-3928
-985
482
-791
-5313
-15978
-25044
-26165
-21526
-16157
-8652
-882
16856
31254
32767
32528
32767
32749
32668
32241
7060
-12055
-25048
-26572
-27653
-32768
-31165
-22698
-7023
1567
835
-4424
-2079
-5294
-10271
-17249
-25386
-23819
-14901
-11873
-3792
455
10954
28261
32767
32767
32167
32767
31402
32767
12272
-10237
-25232
-31389
-28942
-32768
-32370
-26610
-10780
1352
7305
-1201
1302
-3857
-8227
-12302
-25237
-23095
-16599
-11471
-3408
773
9928
28108
32767
32767
32216
32767
31444
32767
10801
-13034
-27221
-32733
-29340
-32768
-32379
-24237
-9293
2807
7736
-1634
-874
-5027
-8001
-16538
-22359
-23395
-13688
-7070
-448
3630
11014
28047
32767
32767
32544
32767
32237
32767
6668
-15040
-29707
-32768
-30443
-30821
-31048
-19906
-7123
6009
8884
-48
-2406
-7152
-11057
-17911
-22683
-23875
-11586
-5711
4005
6418
16107
29337
32767
32238
32767
32057
32767
26660
-1964
-20103
-32628
-32768
-30608
-28898
-27089
-13457
-3838
8403
6879
-673
-5102
-9915
-12992
-20455
-23732
-21094
-9483
-1638
7186
10414
21473
31497
32767
31974
32767
31456
32767
18150
-9327
-25471
-32768
-32519
-29599
-26810
-22991
-9458
-425
12317
5724
-676
-8527
-11606
-16923
-22685
-23538
-18864
-7541
1846
10657
15193
26938
32767
32742
32652
32767
32474
31886
4986
-16641
-30144
-32768
-32768
-28787
-25747
-16139
-4048
5517
12585
4234
-910
-10810
-13789
-21561
-23840
-24262
-14421
-4771
6258
12066
19948
30783
32767
32159
32767
31879
32767
24566
-5025
-22713
-32768
-32707
-32042
-26204
-24052
-10564
-1697
11039
11231
3794
-4776
-12191
-18232
-22987
-24082
-22315
-10597
-928
11027
16647
27951
32767
32767
32612
32767
32383
32325
7162
-16727
-30680
-32768
-32768
-29782
-25717
-16522
-4228
5912
14489
7860
780
-9682
-15483
-24134
-25723
-27129
-16354
-6213
6938
15354
25629
32767
32767
32530
32767
32017
32767
19045
-10822
-26984
-32768
-32402
-32700
-27322
-21327
-5971
2042
13932
12670
4878
-5325
-13654
-23032
-27205
-28018
-22705
-10252
974
13322
23531
32539
32767
32650
32767
32358
32767
27015
-4272
-25154
-32768
-32478
-32767
-29381
-24633
-10721
1677
13442
16899
8743
-730
-11183
-20128
-29194
-30496
-27831
-15827
-3184
9810
22018
32122
32767
32532
32767
32466
32767
29177
-501
-25277
-32768
-32601
-32768
-30957
-25531
-11768
2184
14245
20670
13211
2689
-9287
-19325
-29665
-32345
-31389
-20909
-7744
6600
20862
31472
32767
32495
32767
32670
32767
31604
4072
-23730
-32536
-32700
-32768
-31818
-28137
-15914
-115
12834
23168
18092
8318
-5082
-16057
-30030
-32330
-31988
-25048
-10973
1293
18309
30916
32767
32251
32767
32452
32767
31624
4505
-24302
-32357
-32768
-32669
-32768
-30437
-16473
-806
13590
24663
20538
11314
-1879
-14049
-27098
-32767
-32396
-27584
-14767
-243
17500
30896
32767
32263
32767
32340
32767
30769
2142
-26782
-32767
-32767
-32768
-32635
-32340
-17267
-524
15951
26914
24056
14292
838
-13020
-25744
-31580
-32591
-28923
-17251
-667
18136
31900
32767
32366
32767
32205
32767
28283
-4779
-30178
-32752
-32768
-32768
-32488
-32768
-16742
2380
19040
28458
24492
16767
2332
-12139
-27009
-31794
-32454
-27813
-15524
1033
21397
32767
32741
32489
32767
31840
32767
21772
-14153
-32427
-32346
-32768
-32086
-32768
-30716
-15227
6823
25030
29902
24460
15350
1112
-14149
-25837
-32168
-32254
-26190
-13010
5606
26811
32767
32234
32767
32645
32620
32767
11415
-22843
-32768
-32716
-32768
-32499
-32768
-29905
-12606
13295
29305
30928
24418
13110
-725
-13702
-25167
-32421
-32110
-24050
-8155
14461
31783
32767
32490
32767
32145
32767
25847
-6561
-31054
-32768
-32768
-32645
-32768
-32768
-26405
-1310
24048
32467
31851
24116
8577
-4824
-16901
-28838
-32767
-31708
-19747
1977
26332
32767
