2415
-1969
-3576
468
1921
321
-4655
-7442
-6961
-674
3561
4172
1426
-998
-3105
-1173
2664
2250
593
-2485
-2439
-1610
-902
-2235
-1759
-803
919
1447
536
1057
2250
2076
2234
1218
-982
-1389
-1537
-546
-804
-685
-1592
-1916
-1071
-623
-172
310
321
-130
-505
-94
744
433
-39
-531
-493
-257
420
243
-177
-387
-551
-232
-214
-602
-714
-392
-402
-206
-625
-631
-1289
-1781
-1702
-1492
-815
-375
-57
-652
-688
-157
141
50
-371
-298
35
352
1007
1676
1876
1620
1520
1352
1835
2530
2683
2125
2400
2710
3262
4540
4620
3883
2472
1511
957
780
637
-889
-3304
-6063
-8584
-10050
-10010
-8231
-6362
-4681
-3512
-3354
-2873
-1996
-1676
-1077
-828
-1824
-2675
-2401
-1329
1307
3692
5235
6085
7395
9354
12654
15485
17631
18862
19654
19497
21206
18691
3601
-13523
-29321
-32768
-32007
-21601
-8566
-1747
3354
2157
3143
6736
10297
9295
4996
-4168
-13328
-17320
-15444
-9750
-2889
2099
2895
3523
5459
8241
11350
13053
10679
5686
-624
-5366
-5975
-4635
-3455
-2227
-2292
-2665
-1012
894
2778
4108
3500
1097
-2007
-4092
-4724
-3937
-2866
-2353
-2215
-1181
689
3785
6198
7311
6567
4804
2730
576
18
-493
-767
-1507
-2225
-2809
-2137
-1111
-117
952
1345
640
-840
-2211
-2652
-3529
-3667
-2053
-1435
-299
850
1198
2025
3320
2903
2528
2091
722
-77
-338
-519
-178
192
309
245
-4
63
-86
-310
-777
-1124
-1829
-2535
-2691
-3110
-2963
-2206
-1245
-781
-218
518
583
174
347
593
210
805
615
102
542
1076
1509
2408
2960
3023
3441
3688
5263
7682
9454
12024
12641
12856
12224
11439
3354
-9974
-20110
-29798
-29314
-20414
-8278
2118
8812
8920
5162
1559
-1008
-1258
-2735
-4888
-8371
-10622
-10407
-6398
-1802
2108
5093
5320
4569
3697
3127
3845
4556
3673
1972
-689
-2313
-2110
-655
1234
1967
2093
1964
1762
2210
3581
3903
2818
1152
-1346
-3644
-4254
-3243
-2292
-187
986
1364
1607
1802
2205
2174
1519
-1105
-3462
-5321
-5534
-4635
-2094
-568
357
925
634
328
189
373
536
1183
1300
1397
1827
3287
5343
8047
10623
13864
15326
18284
18668
19306
11994
-5414
-22868
-32767
-32768
-27274
-9031
5690
13273
11626
4660
-2259
-5851
-3486
-1935
-2337
-5913
-11769
-15303
-12574
-6438
2223
8549
8760
6259
2661
522
2203
4663
6048
5346
961
-3357
-5110
-5098
-1977
1554
3588
4151
3171
1669
1831
2627
2888
2542
-703
-4134
-5778
-5667
-2508
1083
3909
6075
5243
3829
2734
1161
811
548
-880
-2069
-3202
-3580
-1826
-243
662
492
-1541
-3463
-4037
-3239
-1257
-162
-735
-1752
-2971
-3191
-1262
1482
3627
4758
4076
3242
2313
2396
3305
4221
5127
6655
8004
9716
11276
12721
14748
15106
12825
811
-13443
-26295
-32373
-27077
-15579
-1637
6853
8772
4844
-1471
-5949
-4942
-2116
-12
-589
-4759
-9286
-10897
-8994
-3267
3662
6936
7727
5037
2465
2756
4342
6428
6446
3316
-341
-3645
-5387
-3467
-355
2215
4024
3831
3102
2926
2740
3141
2442
151
-2079
-4087
-4837
-3817
-2015
475
2792
3816
3649
1909
1
-1278
-2711
-3440
-3817
-3619
-3165
-3074
-2088
-1328
-630
-771
-1593
-2160
-2400
-1590
-161
834
737
904
713
1150
2215
3907
5455
6682
7915
9064
10288
12649
14205
16263
16911
16680
12771
-2366
-18322
-30698
-32768
-26880
-12475
3298
9220
8298
2019
-5575
-8826
-5692
-2485
-960
-3436
-9478
-12865
-12946
-7592
199
5703
7945
5912
2300
2020
4834
8635
10719
7871
2239
-3576
-6971
-5847
-2128
1745
4285
4034
2573
715
547
1642
1749
1427
-1023
-3587
-4385
-3393
-14
3098
5620
6676
5505
4397
3320
2315
1314
-135
-2308
-4311
-4929
-4134
-2812
-1558
-967
-2597
-4321
-4921
-5446
-4385
-3378
-2924
-2714
-2807
-2558
-1646
-409
1613
2840
3316
4001
4777
6667
9619
11161
11594
10686
9743
10589
11712
15675
17683
20423
14682
-4522
-24196
-32768
-32566
-24759
-6674
5818
5876
443
-5997
-10776
-7772
-1131
2135
649
-6229
-12241
-12835
-8379
368
7102
7961
4192
289
103
4746
10681
13730
11535
3347
-4052
-7180
-5490
-694
2294
1691
-1143
-3580
-2439
1562
5565
7853
5598
-11
-4809
-6844
-4540
130
4030
6060
6758
6736
7896
8719
7893
4805
-1002
-6696
-10701
-11075
-8224
-4222
-1843
-2020
-4139
-6497
-7534
-6327
-4282
-3223
-3514
-4796
-5484
-4474
-2447
-374
1367
2470
3736
4817
6892
9269
11713
13406
13524
13669
14234
16467
19392
21233
23047
23253
10998
-17076
-32687
-32600
-32268
-17440
3604
9418
611
-8613
-13584
-12183
-3368
3721
2229
-5441
-13752
-15853
-10878
-3229
4945
5884
2375
369
2610
7846
13256
14867
10788
3273
-4206
-5455
-3013
-247
739
-2681
-6141
-6085
-1743
4373
8000
7424
3628
-1109
-4303
-3047
-965
1468
2299
1845
3355
6482
11873
16241
16092
11215
4047
-3516
-8015
-9822
-8990
-6858
-6003
-5588
-6124
-6669
-6506
-6832
-6545
-6377
-6361
-5613
-5005
-4567
-4309
-3823
-3411
-912
1717
5041
7119
7924
9147
10700
12987
14911
15478
15770
15748
16940
20533
22966
24395
23294
4462
-25981
-32768
-32768
-27038
-6143
7305
3260
-11284
-15820
-10980
-3087
4726
2779
-7962
-14265
-13760
-6293
1210
1405
-1656
-4895
-3766
5325
13740
15837
11568
3596
-637
426
2198
3381
1662
-4195
-7703
-9310
-6963
-649
3261
4118
3294
1824
2332
2519
616
-1260
-3325
-3155
1230
6404
11348
15150
15222
14707
12878
8886
4127
-4284
-11851
-15457
-14941
-9952
-5185
-3358
-3915
-6715
-9233
-8371
-7599
-6259
-5741
-6858
-7000
-6865
-5715
-3838
-1643
-118
2775
5074
8800
11637
12479
13694
14236
15221
16787
17338
18238
20557
21996
23206
26362
14899
-21561
-32768
-32768
-28612
-6938
4107
453
-15334
-18149
-6030
2081
2055
-2569
-13670
-14875
-5182
880
1738
-5455
-11085
-6562
2706
11478
16230
9874
4391
4793
6734
8709
4613
-4276
-8313
-7034
-3269
470
-1927
-5159
-3425
1094
6178
7781
3012
-881
-1819
-1545
1210
583
-884
1989
6000
13317
18598
19998
18653
11015
4349
-2945
-9095
-13523
-15046
-12677
-9154
-5310
-3482
-4549
-7219
-7780
-8000
-6362
-5288
-4883
-4964
-4657
-3825
-3006
-1878
-2199
-603
3442
7350
10295
12248
11872
12535
15318
17251
18353
16520
16895
18616
22785
22242
25422
4829
-30737
-32048
-32768
-21176
-4113
-4006
-11277
-18091
-7975
5034
1930
-9484
-13141
-13754
-3525
5079
-151
-10302
-13683
-8005
4771
11440
7553
5188
4954
9569
15755
11867
2603
-4213
-6962
-1721
1616
-1783
-4974
-7550
-3708
6180
7736
3578
278
-105
3427
5221
881
-3639
-4455
915
11217
15346
16242
17300
16589
15060
9435
-3478
-16423
-21978
-19749
-12014
-7095
-6032
-5059
-4327
-3002
-4310
-9110
-11540
-10240
-7689
-5043
-6189
-6913
-5749
-2806
992
4249
5814
8252
12043
15115
17271
15984
15538
15348
16636
18933
21591
21393
23094
24234
26826
-4433
-32768
-31853
-32768
-14081
-6483
-13026
-19431
-14606
618
7214
-5364
-15132
-11413
-5743
5249
2986
-8820
-13540
-7001
1347
7732
4580
1693
6511
10350
13789
11746
3967
225
-1479
-2301
-982
-4081
-7185
-5706
-2825
-510
1067
-171
901
4699
6758
6087
1883
-3083
-2419
495
4511
9689
13107
17269
18761
17398
13737
6565
-2787
-11655
-18903
-19771
-15657
-10837
-7050
-5089
-3750
-3743
-4724
-6498
-8609
-9779
-8629
-7302
-6617
-5392
-4093
-2131
-322
2126
4771
8532
11912
14359
15400
17153
19418
20610
21073
19924
19886
21121
23474
22978
22997
-10155
-32768
-32299
-31607
-14633
-12934
-18201
-17793
-8697
2132
3377
-11488
-15646
-6951
-2300
1078
-3849
-11959
-9928
-1480
1517
3394
-357
1891
10634
11602
10006
10427
5803
3462
491
-5447
-4408
-4638
-6558
-5564
-6031
-1896
4385
3570
1504
1778
1219
1731
1650
-1219
-786
631
4041
9757
14555
15984
17819
17571
14670
11509
2505
-9979
-18680
-20271
-16459
-11233
-11110
-9772
-6492
-4093
-2579
-5956
-12515
-12201
-8093
-5525
-4528
-6673
-6942
-3775
-1146
743
2763
6134
12480
16490
15790
16875
19919
21689
24563
22331
20295
20945
24764
23630
26351
-1083
-32739
-31962
-32768
-19843
-16660
-20554
-16712
-6840
1205
2685
-10060
-15518
-3892
-2540
-2455
-6317
-12718
-9629
-1063
-1630
511
703
3015
13070
14180
9312
9478
9781
8089
4471
-5476
-7272
-4065
-4463
-4825
-6448
-6169
2460
6243
2850
2158
1541
4142
4814
-432
-2877
-1393
1164
6306
9864
12780
17480
19994
19018
13511
5405
-1417
-7926
-13808
-17164
-16861
-14459
-10895
-7606
-6110
-6454
-8087
-8462
-9258
-8822
-7828
-6279
-6383
-5897
-5073
-3766
-878
2175
5679
7955
9555
13214
17026
19633
20697
20922
18453
19598
22637
24426
24693
22372
20181
-14237
-32768
-32595
-30499
-18576
-18720
-20012
-15704
-3962
2414
-348
-13594
-10557
-959
-1489
-3427
-9115
-12000
-5017
1033
-2213
-1042
104
7426
11931
8058
9361
12539
10444
6998
-218
-6350
-2651
-2355
-7377
-10484
-7466
1229
7090
3513
-11
1881
4962
7299
2410
-5220
-3244
1898
6421
7755
8001
13240
18638
20399
14847
7342
300
-4142
-9207
-15637
-17193
-14204
-10662
-7130
-6956
-8337
-6911
-7225
-7768
-8205
-7623
-5609
-3616
-4890
-6095
-4556
-2649
847
2477
4786
8958
13127
16784
19483
20848
20623
20965
20435
20806
20934
20755
20523
22348
910
-26574
-32721
-32400
-21547
-18234
-21296
-18793
-9963
-1183
661
-9647
-13088
-4412
-3106
-3242
-7202
-11308
-6959
-1062
-1480
-970
-2036
365
9718
13450
12090
11767
9568
6862
4840
-929
-3699
-4450
-5464
-4019
-3622
-2532
1332
2107
1619
4084
5528
4494
2748
-1415
-3545
-1167
2297
7230
9711
10976
14885
15669
11849
6956
1436
-3811
-7108
-9724
-11856
-11847
-9743
-7601
-7789
-8036
-8178
-8693
-9694
-8918
-7239
-7134
-6658
-5191
-3643
-2552
-1313
-489
462
3113
7473
10741
13350
15406
18496
18584
18306
18417
17950
16943
18239
17957
17214
18538
735
-15140
-23251
-24277
-19922
-22074
-22831
-19822
-13039
-5731
-2725
-10102
-8939
-2693
-2821
-4223
-8242
-11663
-8517
-4414
-1851
-500
-3107
2041
9046
9673
10107
9699
7059
7406
5894
1414
-723
-2704
-2147
-745
-1732
148
3530
3678
5369
4010
1868
4994
4951
4128
3173
1283
3525
7147
9743
10187
7334
6756
5886
1216
-1309
-3998
-6345
-8612
-9007
-8667
-8097
-5154
-4636
-6870
-10029
-10670
-9432
-7855
-8303
-7835
-6528
-3419
-631
-1939
-2388
-870
2467
5514
6155
6705
9725
13391
16348
14513
10495
10152
11333
11276
11385
8949
9166
13288
12225
8639
-1022
-9079
-9649
-11358
-12557
-15562
-17796
-13423
-9488
-9400
-9083
-9214
-7703
-3422
-4157
-6136
-6794
-6200
-3179
-3943
-5725
-3671
-37
2544
3659
2786
3249
5173
5818
4644
2139
2035
5239
5564
1961
631
1993
4630
6290
3972
1757
2809
5925
7657
4660
2663
4747
7255
7339
5445
2164
1329
3738
3179
-415
-2277
-937
-478
-3768
-7533
-8851
-10150
-8927
-7043
-7916
-9053
-9052
-7526
-6399
-4940
-4266
-5667
-6148
-3337
-471
-577
-901
281
2679
5986
7916
7633
6389
5904
6693
6107
5601
5379
3937
3871
6506
7280
5488
3545
3055
3212
569
-1115
-859
527
3215
4127
1796
795
390
-2176
-7136
-12058
-11135
-7216
-3985
-3435
-5882
-5776
-1931
60
-1463
-3964
-3943
-1336
593
-682
-3272
-3390
-1789
-382
-677
-2267
-1364
1212
2719
2531
2258
4149
5851
6017
5211
3752
2709
4109
4518
2608
1979
2095
2817
2935
1753
1396
1872
1774
1343
-73
-1181
49
177
516
-414
-2518
-3057
-4683
-4084
-2880
-2344
-2152
-3415
-3170
-2778
-2344
-2159
-2890
-3408
-2708
-645
-471
-1317
-1671
-188
844
596
-554
-2299
-1360
-162
1345
2669
2842
4189
5645
3910
1949
1371
1450
2551
1523
674
1109
1631
2058
327
-1620
-1500
-660
631
2530
1840
1250
2247
3305
2260
-1912
-5190
-5460
-2450
-286
-394
-3032
-3966
-2334
-737
223
-882
-1434
-160
1349
1976
505
-2532
-1923
-404
1141
478
-2036
-2345
-797
1745
1875
528
-271
730
1342
1041
285
1197
2807
3211
1752
-1173
-621
916
1164
511
-503
-651
492
1503
555
131
1928
4047
3211
287
-1943
-3028
-2576
-1327
-1332
-753
1194
1247
-626
-2075
-2172
-1682
-2552
-4252
-4718
-3005
1260
1954
-757
-1813
439
3417
3643
1583
-753
-772
1430
2702
198
-1765
-1157
757
2011
805
-1307
-1387
353
2187
1920
130
-375
-197
932
1210
384
873
764
-65
746
1022
566
272
-154
-345
-306
131
-6
-1445
-1836
-380
104
280
-1282
-2624
-1785
-796
578
-105
-1407
-1487
86
997
-84
-642
-366
-123
189
-33
-1066
-1471
-500
268
409
1406
1617
1461
1209
1220
726
-105
101
-305
-733
-435
22
649
840
-60
-1123
-1011
432
758
52
-507
310
1936
999
-1069
-3191
-3353
-37
1666
1529
676
3
1095
589
-857
-2646
-3579
-699
1468
1362
885
-388
892
2215
832
-777
-1184
-525
-24
-318
-840
-1037
-1052
856
722
671
2015
1484
551
-1074
-1973
-1991
-1303
-29
235
546
1900
1948
649
-240
-196
756
787
-456
-518
94
1113
919
-570
-935
-432
746
1341
543
-175
-302
-464
237
-275
-1053
-1015
-239
1197
1409
872
228
212
670
760
-160
-474
-724
-561
-23
-458
-1573
-2290
-1404
-664
-365
-356
-222
85
692
906
-30
-1074
-580
648
1000
-1
-956
-343
419
1382
1487
1484
1472
904
776
207
-112
570
1415
902
-337
-775
-692
-279
-1262
-2335
-2034
-1302
-502
-664
-1382
-1264
-683
108
844
297
203
326
467
477
228
385
583
1203
1248
578
570
1373
2028
1466
151
-415
-498
-460
-640
-870
-559
-239
-269
-397
-527
-295
-18
102
-440
-944
-692
-414
180
117
-173
-673
-415
82
-59
137
726
969
921
1050
532
307
162
119
-677
-1133
-577
-318
-135
-158
248
1101
767
-40
-637
-1454
-1394
-727
-259
-522
-492
9
260
570
731
397
8
330
803
550
207
401
646
147
-450
-306
-729
-644
-145
238
945
736
682
-199
-598
-211
46
510
731
623
540
1349
1155
528
260
1108
1071
105
-215
-440
113
229
40
-405
-1232
-980
-681
-1355
-1284
-933
-353
-247
-176
102
-127
-94
85
30
-377
-324
156
469
699
1277
1154
1214
1207
861
395
83
-97
-278
-732
-1011
-623
-545
18
80
-169
-761
-930
-536
-363
-479
-491
-714
-955
-954
-927
-1090
-1390
-914
-200
237
268
419
469
656
666
514
165
45
114
94
227
548
662
378
216
-118
-112
67
113
113
430
638
209
-756
-1588
-1140
-83
500
768
795
589
743
509
-296
-843
-755
-376
-436
-528
-480
-338
-145
14
76
-291
-816
-1056
-633
-237
53
-161
-455
-352
-28
217
145
483
271
-98
-122
431
646
704
493
663
987
950
905
137
-50
60
178
-74
-514
-1031
-875
-255
