-13615
-7158
-10196
-5037
13698
16969
9994
-2308
-13634
-10148
-8735
-13686
-13507
-8230
3240
9583
970
-2730
-2098
-754
641
-3950
-5247
4247
15762
28761
32767
32130
32767
31564
32767
-4440
-32768
-29907
-32768
-13231
3430
-8609
2524
15757
18819
10631
-18542
-29267
-21081
-16434
-9189
-10201
-7574
9838
16771
13791
3604
-10703
-11389
-10548
-13650
-12723
-10055
-1027
8518
5630
3097
1683
-343
2048
-1936
-5083
-829
8532
22070
32767
31899
32767
31377
32767
19318
-29083
-32768
-32768
-27753
202
-5899
-4263
11581
15433
19409
-2285
-25196
-26045
-23455
-12973
-5870
-8993
1181
11692
13710
11494
-2970
-12057
-12476
-13259
-10973
-8391
-4574
5865
10238
7628
5642
612
-2408
-1137
-5129
-5335
-2415
7249
21947
32433
32318
32767
31984
32767
25107
-23155
-32768
-31589
-31691
-4129
-3147
-5851
7996
11136
18177
4518
-19985
-22825
-22429
-14916
-6597
-11455
-5698
6157
10083
10907
149
-9116
-8861
-9236
-7983
-6140
-4874
2233
5357
4116
1771
-782
-384
1004
-1074
-1421
-1072
3909
13432
24565
32449
32615
32767
32232
32767
-3864
-32768
-30531
-32768
-20641
-8151
-12241
-672
9513
18242
15935
-5151
-16830
-20996
-19773
-10966
-11093
-11025
-860
5960
10221
7280
-2195
-6409
-6855
-6284
-5367
-6597
-4396
953
3859
4860
2572
-921
-720
365
-338
-1808
-969
8063
18650
29669
32591
32767
32196
32767
24252
-19454
-32768
-31356
-32768
-14374
-8466
-9293
1589
8756
18661
12127
-6834
-15654
-19359
-14762
-8065
-11011
-9075
-2762
1416
9056
6466
-457
-3375
-5982
-4527
-3456
-4451
-1327
159
2621
5367
3387
2029
710
-181
208
454
1798
7996
14625
24807
32470
32767
32272
32767
21864
-16216
-32767
-32087
-32768
-18714
-12777
-8316
866
8292
20195
13847
-1654
-12303
-19962
-17025
-12031
-12849
-9375
-5159
968
9358
9114
5685
1437
-3985
-4641
-4648
-5714
-3940
-2106
2499
7711
7774
6104
1614
-909
-191
-863
-170
3346
8889
20041
31032
32767
32397
32767
27625
-7132
-32768
-31462
-32768
-21774
-7385
-6169
648
5264
13924
15764
2533
-10235
-20199
-21114
-12413
-9499
-6959
-3127
-318
7723
9930
5322
-677
-7321
-7814
-4796
-4060
-1088
689
3221
7144
7018
5469
2731
-911
-2450
-3074
-2597
963
5987
13697
22963
30537
32609
32767
31588
15157
-18344
-32768
-32257
-32515
-15993
-5398
40
6099
9112
16471
10780
-1830
-13132
-22686
-20287
-12000
-8104
-1858
199
2645
7790
6470
4153
-777
-5919
-5237
-2992
-591
2967
3118
5280
5749
3888
1950
-2158
-4981
-3918
-2577
776
5809
10759
18438
25563
30629
32475
32431
21908
-6262
-30543
-32586
-32768
-20243
-3694
767
5135
4518
10054
11056
2739
-7351
-18099
-21060
-13471
-7152
-1123
2046
1585
5110
7207
6011
2167
-3127
-6134
-5291
-2093
1506
1827
2118
2747
3740
3574
915
-1612
-3064
-2075
396
3484
8373
14926
21460
28129
29381
29784
23340
2709
-23244
-32760
-32767
-27704
-10576
206
7708
8434
9953
9665
3392
-4426
-14521
-19680
-16217
-9592
-1564
3035
3892
6063
6356
5102
1119
-5155
-8743
-8724
-5855
-1281
767
2461
4700
5428
5126
2284
-1142
-2030
-2113
1149
7382
13672
20110
25839
27736
30195
25479
4085
-23797
-32768
-32768
-26698
-6529
4597
10389
7715
7681
8543
2661
-4265
-15378
-20625
-15377
-7660
646
4739
2394
2565
1669
1923
877
-4773
-8735
-8666
-5454
-422
2454
3183
4212
4406
4333
1633
-680
-2993
-3569
-716
4212
9455
14603
17323
22473
28200
30559
28453
10449
-19660
-32768
-32768
-29855
-9264
5230
12721
12312
9413
9207
2513
-4812
-14612
-22440
-19821
-11845
-3414
4919
6241
6286
5136
2655
250
-3979
-9071
-11508
-9805
-4110
2323
5750
5557
5005
4134
1753
644
-904
-2276
-1282
1785
6537
13655
19500
26467
31038
32339
28322
7150
-23052
-32768
-32768
-28146
-6063
8026
16085
13495
8319
5482
-1472
-8152
-17662
-23136
-19021
-9815
608
7428
7889
6497
1720
-941
-3372
-7292
-9619
-10070
-6638
-781
4296
7816
7276
5724
2782
-289
-909
-1632
-1570
41
4017
11453
18221
23592
28771
28672
28965
21210
-4152
-29224
-32610
-32768
-21701
2910
15788
19816
11594
5786
-1033
-7723
-13760
-21052
-21958
-14807
-3594
7409
11281
8796
3644
-2896
-4875
-7145
-9182
-9107
-7475
-2921
3879
7417
8218
5058
1389
-27
-412
-1015
-2672
-1617
2598
8732
14929
18446
20894
25811
27704
29256
21554
-7205
-31854
-32185
-32768
-19624
9200
22230
22908
9757
1120
-5473
-10398
-14944
-21093
-20741
-12259
47
10937
13320
7109
-1316
-7406
-7737
-7497
-7198
-7437
-6000
-1028
5222
8517
8353
4982
1841
-534
-928
-819
-531
1150
4764
9933
13491
16515
18667
22256
27114
28645
20655
-9530
-32768
-31874
-32768
-14808
14269
25202
23115
8758
-1389
-8441
-13016
-16213
-19747
-17108
-7972
3779
12327
11574
3849
-4398
-9222
-8746
-7625
-5655
-4167
-1835
3184
7070
8455
6908
3213
-34
-1589
-1834
58
1506
2353
4947
7870
11394
14779
16485
20027
24771
27391
24622
-1229
-30860
-32176
-32768
-20315
10413
23793
24550
10865
-235
-8141
-14827
-17278
-20849
-17958
-7924
3537
13270
13245
5861
-3203
-10557
-10423
-8436
-4961
-2079
-12
4218
7483
8648
6685
1467
-1830
-3676
-2908
-101
1477
3386
4628
6824
10601
13648
15833
19502
24398
29026
30147
6891
-28661
-32682
-32768
-24877
10632
28873
28930
12910
-2996
-10730
-15341
-15646
-18699
-17502
-8160
4659
14696
14809
5748
-4669
-12772
-13028
-9678
-4615
37
2315
5743
7948
7582
4674
-554
-3697
-4933
-5006
-2267
-92
3612
5826
8575
10744
9887
8402
7988
12722
22689
29230
29532
6805
-28601
-32618
-32768
-21840
12518
25895
23133
8276
-4595
-8815
-12511
-13968
-17049
-15427
-5860
5176
12102
10641
2079
-5605
-10233
-9410
-6413
-3489
83
1304
3552
4969
3310
-1123
-3146
-3695
-1589
849
2565
2820
5598
8363
13224
21095
30740
32767
31600
32767
-7887
-32768
-28329
-32768
-547
32767
30935
32767
4496
-9178
-7911
-22204
-29714
-32768
-25139
6956
29226
32767
20177
-5120
-14550
-18244
-12459
-9961
-11194
-4710
3771
13122
17796
10167
1217
-5077
-7489
-5624
-6851
-6732
-4931
-223
6168
8895
8118
4697
443
-1048
-2902
-2816
901
4433
7119
8157
5748
4089
2278
2250
3872
3835
3920
2784
1360
986
-914
-3730
-6339
-8859
-8468
-6476
-4814
-4143
-4249
-4585
-3142
-2904
-1198
-1352
-1634
-1654
-1458
-692
888
2164
3724
5348
8770
15049
21233
30206
32488
32767
31380
32767
-9553
-32768
-28478
-32768
6165
32767
30015
31267
2719
-13956
-8754
-30554
-32641
-32768
-16640
24920
32767
25789
7821
-11472
-12952
-12430
-18541
-17753
-13580
2397
15746
13666
9495
4106
1751
4367
-865
-9967
-14279
-12164
-2754
2830
2528
3445
6236
10343
13362
7119
187
-1749
2888
10775
16164
18728
21234
26050
26718
12434
-22898
-32768
-32768
-23566
8487
21311
17224
10857
6390
-2764
-14296
-25234
-24444
-11791
2942
7673
3987
-2288
-5274
-5417
-9685
-15053
-11932
-2115
5715
8900
3087
2605
5746
16840
28672
32767
30862
32767
29752
32767
201
-32768
-28689
-32768
3473
32767
29150
26029
22106
5325
-4406
-29397
-32768
-32581
-5429
30722
32767
20437
6200
6295
-3262
-14824
-32768
-29819
-10065
13463
19612
11824
4335
7587
6606
770
-10081
-20357
-14146
-4795
1952
2943
1343
4546
11362
6816
1704
-3238
-5511
-1672
331
1258
3864
4365
6025
5480
327
1065
2552
4295
6389
3818
3394
4536
5472
8155
9682
10169
12104
11561
10405
3768
-17127
-31714
-32768
-24801
-5413
6360
8137
9285
5218
-1342
-10190
-17339
-14930
-6881
-700
5456
5589
5918
5769
702
-3728
-8227
-5947
432
3288
3425
5737
4256
9782
13075
18226
27323
32767
29848
32767
5567
-32768
-29287
-32768
-4357
32767
25193
15621
32767
27511
-10238
-32528
-32767
-29677
1062
13691
12558
18045
24717
29074
-1517
-27472
-32768
-20137
-2708
4157
1100
5041
16232
20668
7175
-9989
-12173
-8319
-1714
-1490
-3476
-453
6030
6490
6853
1563
1814
7063
5404
1292
-1020
1804
3663
6076
6879
10124
13708
15207
11515
7714
1655
-7517
-14329
-21742
-25122
-18840
-10738
-4700
2265
3418
732
-2199
-7643
-10499
-8654
-3700
1403
6286
7534
9967
10224
11190
12535
16900
27384
32767
32767
31973
32767
-15564
-32768
-29549
-32767
14349
32767
9979
18417
32767
10409
-29876
-32768
-32768
-21005
1718
-12945
11781
32630
32767
23793
-19169
-32767
-26523
-12281
-15762
-13033
1362
25677
32767
23316
-754
-6977
-5862
-15374
-19254
-16892
-5363
6010
9367
5029
10552
5995
4653
-1045
-7263
-7321
-2341
-475
1544
4073
6118
9307
5304
2879
259
-381
-1242
-116
-814
283
852
3072
1959
-901
-3363
-3087
-5378
-5683
-2942
-4019
-1047
3344
4019
3741
4806
2457
1820
1738
2747
4971
6559
5882
10798
16084
17317
19501
16947
-8045
-32184
-30605
-20499
-5912
5745
1489
4736
14393
4465
-5478
-11696
-15195
-11984
-7898
-7586
-1217
5789
6923
3631
-2370
-5391
-4913
-4241
-6795
-7482
-4841
-173
3417
4648
4588
4640
3611
1669
-3306
-4669
-129
4276
6072
7682
5213
3715
7029
9413
14337
18847
19177
22635
131
-31202
-28843
-17986
-8070
-854
-2469
5581
21718
14136
-2359
-10363
-9161
-9152
-12209
-13770
-6911
5292
7851
1571
-5195
-5520
-5934
-9579
-14875
-13976
-10554
-4199
4922
10181
9966
17033
21905
26883
31802
32767
30576
32767
3158
-32768
-28663
-32768
-12578
10266
3555
13026
32767
20999
-24613
-32768
-26277
-24474
-29618
-32768
-12561
32268
32767
25157
-1042
2844
-262
-15419
-32024
-31005
-5597
15613
17216
13768
20031
19531
15427
-17698
-28446
-19128
-7335
-11744
-8862
2441
22394
24981
10929
3012
-1743
-1157
-12370
-17130
-15210
-991
6803
10527
7607
10384
11799
3750
-4821
-10694
-8927
-5792
-1858
807
5499
6768
5488
1904
-2064
-5351
-4433
-4970
-5157
-314
3240
3617
2811
1930
1062
2335
868
-2419
-3921
-2761
-2383
-1174
-238
1351
2683
2933
89
-1408
1337
-1376
-2703
-4120
-4387
-2136
1238
1618
2820
4167
3014
1187
-1495
-2533
-1384
-729
-57
1852
2132
2047
-1249
-3790
-6264
-9477
-5881
1310
3453
5781
10967
19582
27640
32767
30235
32767
16151
-32768
-32232
-32705
-32768
-19657
-13243
10413
32767
32767
1287
-15987
-2724
-16927
-32705
-32712
-30252
13847
32767
18662
17577
28837
24464
-6296
-28891
-32767
-19562
-9020
-6950
1327
24675
32756
25806
6946
-9205
-8772
-12431
-25113
-27303
-9625
7909
15303
11703
16019
18013
11271
-5313
-14565
-13914
-8859
-6631
-7905
-284
9538
13820
8136
4317
2292
867
-5053
-9265
-7859
-2120
1965
2344
4631
6608
5127
1090
-836
-2776
-1982
-83
-3665
-5343
204
2522
1214
1410
2745
2381
3954
-286
-718
5281
8580
11130
18528
24385
25110
20378
-16925
-29771
-20374
-25286
-22381
-16852
-7465
11945
20679
8797
6556
6075
470
-12223
-18690
-16846
-10581
-4172
-2535
2357
8368
11884
4803
-2078
-7596
-10358
-12621
-11619
-7088
2738
9240
9647
11500
11042
6806
-463
-5832
-8795
-6085
-4063
-866
3931
9917
12116
8553
6157
4126
1993
-80
772
2481
7943
13576
13329
9556
120
-11071
-15083
-19333
-20857
-17041
-11866
-2453
3957
4580
4633
3566
-4173
-11181
-16098
-13065
-7786
-2022
3958
11723
17106
24181
31333
32704
32767
31322
32767
-6110
-32768
-28456
-32768
-29661
-32768
-21404
19488
32767
19776
-1570
29658
25184
-24872
-32768
-32768
-28214
13618
-1692
3266
31886
32767
28245
2769
-16860
-13928
-19000
-32768
-32768
-11499
22590
19976
20811
18268
28871
25115
-4522
-30318
-27720
-14879
-15593
-19522
-5167
22275
29723
24475
10958
10982
5148
-8648
-25329
-24694
-13382
-1874
2098
5766
18321
23285
16732
4216
-1331
-4600
-10060
-17449
-17068
-6974
248
1843
5299
9225
12578
12019
5377
-3736
-7413
-9298
-11206
-9339
-2544
3175
6368
8006
7636
6424
2072
-1441
-6084
-6418
-7801
-6681
-775
2168
5531
6728
5273
2806
-1095
-6174
-9233
-8130
-9028
-7358
-4845
-1582
3268
6385
4366
2029
1235
-1194
-1836
-1379
5699
10655
17607
27337
32767
30141
32767
6793
-32768
-30631
-32768
-31972
-32768
-30032
8952
32767
30454
22438
27343
32767
-173
-32768
-32408
-32491
-19193
-17406
-13682
16907
32767
32148
21976
8937
5185
-5320
-23526
-32768
-23714
-6964
-621
2726
10042
20307
23287
10850
-4148
-6716
-7752
-13461
-19069
-15793
-1909
8280
9221
8063
12891
14730
7526
-2806
-7258
-6604
-7255
-9600
-9528
-2260
6173
9641
9533
10880
11194
5740
-3022
-8923
-8404
-7752
-8345
-5349
-172
5702
8823
9025
6783
4434
2339
-2283
-6060
-8177
-6360
-4761
-3946
-768
4653
7097
5736
4017
795
-909
-2845
-4969
-6007
-3984
-2907
-2222
35
3638
5685
4202
2141
-3004
-4256
-9064
-13403
-7661
-3739
698
6110
6428
8302
11078
6950
3659
2938
-805
-771
2031
6032
8132
9481
15991
19951
13721
33
-6417
-11938
-19636
-27102
-26249
-13846
-2929
3282
8144
15114
19525
14649
1538
-6155
-9236
-12322
-17446
-16626
-8554
1152
8592
8994
9971
12055
8425
223
-5159
-8033
-8391
-8110
-7939
-2889
3937
6179
5808
4373
3097
3342
-283
-5440
-5320
-4337
-3087
-1155
33
2025
4271
4178
2186
955
1597
1076
-1914
-4177
-3991
-1340
393
1761
2419
4553
5162
2751
2054
259
-1159
-2237
-3390
-2710
-445
-193
-457
1828
3280
3998
2258
452
511
61
-2073
-3668
-4436
-4246
-1930
446
2502
3565
4043
3454
1645
-614
-2905
-3408
-2845
-2588
-1805
-426
1927
3477
4064
3193
1250
-338
-1664
-2490
-1756
-1417
-343
792
630
1140
1855
1240
651
1012
-51
-672
-1168
-1053
-2464
-2014
-108
605
151
452
671
874
1907
-12
-1117
-717
-70
-842
-63
120
635
1036
-623
-1047
-114
1028
1375
364
-1607
-738
662
-1013
-374
538
2
-854
-2164
-3043
-2785
-506
-1648
-1224
-497
-1380
-6841
-4877
2314
1951
2117
3255
3780
5999
6663
568
1156
4585
2090
-2110
-2726
-1437
590
-1336
-5949
-5027
-2303
-604
-98
-548
617
5845
5550
3898
9166
13363
16326
16079
14175
3147
-15179
-21171
-22272
-20625
-16014
-12858
-5445
8158
11743
8669
9519
10621
8564
607
-8177
-9837
-5657
-6425
-6975
-5462
-1176
1748
1295
200
1258
2745
599
-3878
-4107
542
619
2284
4582
4767
5359
4604
833
-62
2160
3040
1780
2302
6085
10130
12514
12312
13117
4387
-6965
-12241
-17261
-18223
-16811
-13055
-8109
-307
5758
8653
11580
10786
5674
-590
-5138
-10002
-10404
-10379
-8643
-3841
679
3483
5600
6357
4969
4313
1488
-1442
-3776
-3420
-2227
-398
-214
860
4640
5486
3747
2112
1017
369
-530
-2791
-3586
-1579
298
1605
1222
731
1333
796
567
-754
-691
-1214
-2988
-4121
-3997
-11646
-15405
-4012
6226
6623
5105
5347
7969
10627
862
-6260
-1201
7319
6112
1911
3529
8975
10085
4227
441
2143
6925
4676
2932
3387
6847
7169
-2077
-9976
-10587
-8139
-7082
-7942
-8678
-1887
2982
-1169
-4426
-5771
-6903
-7237
-10913
-12808
-8597
-5842
-4454
-2441
-929
1746
2990
3139
5218
7276
9950
12218
11088
12679
15406
15479
15374
18887
20515
9853
-4858
-14668
-16552
-14879
-17178
-18020
-8898
917
1794
-1708
-5191
-4408
808
-588
-7613
-6365
-2512
-3550
-3678
-5794
-6514
-365
37
-4366
-1974
680
-614
499
-939
-1598
2283
1745
-1821
-639
1781
3742
5746
4233
3964
