26
-47
715
413
16
-393
-186
-243
-831
-466
-266
-249
-144
92
62
-840
34
-26
-607
-348
378
-165
-549
378
553
519
362
538
-281
66
-358
-147
-717
-754
-2
-108
-175
-536
-45
-220
368
27
-514
-466
-510
-149
-794
-941
-88
904
362
-76
-159
-78
327
2
-259
-837
43
-53
541
622
231
-728
-61
1051
23
-891
-666
284
-228
-72
94
530
-147
-18
-10
726
152
-691
-530
525
761
-302
-326
234
1078
194
755
-348
-47
840
756
18
-277
697
439
201
-420
499
842
-255
-286
267
707
-396
-703
18
1086
990
-83
84
-25
-50
-669
-516
83
695
-13
-108
176
713
570
-164
-21
418
598
90
-190
-8
634
0
-224
-472
-519
-91
681
-316
-1084
237
400
-369
-490
307
601
835
152
-661
186
-11
-249
-792
100
242
-535
-322
-302
74
-78
288
412
172
-873
-50
240
-211
-967
-197
466
196
-483
-784
668
1077
169
-1000
30
560
349
-727
-999
-651
665
81
-548
20
477
147
-586
-639
-524
149
-543
-1315
-1104
-35
-35
135
-679
-504
-347
-117
332
174
-167
-534
-177
-122
-225
220
748
338
75
439
703
-306
-631
22
61
-603
-405
278
456
-491
103
-155
-289
85
93
716
526
-425
-414
1000
509
315
310
1015
-62
-641
45
588
408
-522
-145
393
939
-83
-309
286
685
-32
-594
-15
684
741
183
-9
556
1520
405
-574
-336
-171
415
494
-269
-531
-26
365
390
211
115
595
111
-438
-75
56
-111
-824
-660
617
1121
-87
-367
234
542
-129
-239
-37
31
133
-379
-490
165
733
-266
-652
-255
323
282
716
281
-611
-812
80
329
-723
-1246
-482
640
202
-829
-1040
531
1115
140
-792
-409
-210
-357
-644
40
369
456
-48
-103
829
382
-147
-663
-586
-617
105
-259
-883
-520
732
639
-574
-607
376
953
129
-410
57
402
-550
-742
-549
67
-547
-625
-198
611
755
90
-275
296
917
86
-592
-272
480
201
28
-15
774
559
387
241
-173
-66
491
49
-693
-501
687
827
92
-573
-539
-96
-98
-224
-424
-86
-176
-643
-1291
-476
213
124
-947
-409
932
889
-713
-1082
237
856
-136
-1033
-137
966
788
-586
-117
221
-67
-564
-397
-15
211
-597
-891
6
676
-21
-558
116
18
-95
-245
-17
30
654
563
389
-49
132
179
181
451
-105
-270
146
716
491
295
-268
524
887
465
113
426
209
496
839
-61
-320
297
886
487
172
-755
-534
214
528
-497
-306
276
276
10
-799
-199
259
-211
-487
331
471
57
-528
-719
-218
226
-522
-454
-70
76
-365
-684
-162
-804
-213
453
518
-141
-169
341
695
546
-368
-118
814
940
56
-273
216
1146
977
-138
-782
50
174
-118
112
-26
203
-7
5
139
-80
-280
164
681
501
-114
-415
22
128
33
-280
154
239
28
461
211
-114
-161
186
-26
-613
-894
-684
-171
-222
-964
-717
456
0
-510
-522
165
601
-488
-584
-36
189
-42
203
115
-76
-347
431
841
168
70
-220
20
-278
-245
-121
603
111
-294
183
299
453
-35
-159
102
556
290
-502
-538
327
-137
-423
-95
355
245
94
533
289
-125
-88
224
13
-217
-276
-127
-134
-128
-179
-247
-265
-528
-973
-590
-252
-135
-108
-42
-294
-411
175
-159
-77
225
132
-148
62
168
-253
-81
157
320
-129
109
176
-99
101
282
671
248
344
213
285
-12
-90
387
278
400
348
175
-65
248
414
310
-179
-78
644
672
65
11
299
285
-88
-240
1
65
-173
-298
-166
153
303
-223
-721
-618
105
-183
-569
-419
139
347
118
-121
-184
38
215
337
0
-261
-158
146
-31
-106
222
683
65
-250
-166
-383
-462
-362
-416
-578
-158
-166
-181
-346
-157
-45
194
16
-77
-6
118
274
361
176
143
383
9
-61
246
575
204
4
-213
259
169
149
-300
-435
-436
-285
55
-477
-98
-168
126
63
-348
-325
288
329
-303
29
134
100
303
16
-353
-322
90
-339
-429
-574
66
98
-439
-304
-256
84
-289
75
-131
58
-127
-207
-137
115
-51
-160
197
-6
-32
87
316
-6
188
313
376
513
356
118
331
248
49
-257
318
846
793
669
678
830
663
358
86
149
209
247
-233
-341
-133
-122
133
-73
-146
-46
194
328
-29
-80
-4
201
-97
-229
-298
-56
76
168
85
55
-175
-395
-102
-3
220
164
-276
-507
-180
-173
-298
-507
-246
-145
-387
-562
-513
-100
100
-53
-75
90
17
-156
-392
-17
192
-14
519
273
331
517
2
-517
-401
210
-147
105
163
165
-115
-245
101
419
331
-154
-31
-169
-271
-171
88
43
-456
-360
15
302
-125
-480
-79
-197
-96
-339
124
-67
-171
-213
-385
-115
22
269
-10
-50
127
207
-109
4
138
271
-9
-15
-62
-74
-135
69
75
64
-154
-64
89
-38
-386
-503
42
32
-16
-262
74
168
157
56
270
304
162
-46
177
777
798
239
134
306
428
152
86
599
309
214
-156
8
66
211
197
-78
-132
-119
73
253
364
271
250
36
85
-181
-7
24
-127
11
-20
-237
-31
294
260
-35
40
67
-89
-29
5
103
-179
-72
-144
-244
-294
87
204
11
-91
79
310
-26
-296
38
396
77
-479
-169
349
193
-371
-525
-18
95
-83
-594
-248
-19
-114
-573
-304
237
-26
-376
-394
-18
267
37
-383
-19
201
167
-345
69
-41
-219
-161
29
31
-579
-369
-11
186
-376
-217
188
476
33
-295
-205
4
94
-446
-454
-202
-69
-384
-135
3
356
-22
-73
285
123
-91
-314
-18
63
151
-327
-17
148
152
114
-71
81
108
22
60
260
101
-2
-51
43
-108
-335
-236
139
87
31
-330
-246
57
92
248
4
93
111
222
201
121
57
-18
28
178
247
-40
120
461
504
280
-340
82
215
145
15
-77
124
55
69
-62
230
208
444
-8
154
159
-21
-36
135
272
68
-177
-242
16
170
227
174
407
160
59
-41
167
65
-75
-98
311
289
214
121
383
408
261
25
-38
3
-8
-132
-175
85
-84
-194
-184
193
176
4
-219
-190
-116
-117
-374
-155
-97
-60
-335
-494
-385
-297
-160
-41
-166
-204
-418
100
14
-607
-408
-116
-183
-432
-63
82
132
-196
-91
-45
207
-66
-302
-343
-140
-79
-165
-263
-96
190
82
79
-128
26
6
65
-144
-287
-101
14
191
165
81
-122
32
203
-97
-167
-282
36
108
252
198
280
314
119
188
-94
246
77
43
7
198
222
248
219
154
350
126
95
95
123
19
61
-54
198
153
212
148
198
124
-105
-86
-154
66
19
9
-139
113
167
284
129
174
227
120
71
-58
29
-146
106
-8
279
215
120
39
164
9
-276
-106
-52
150
-126
-46
-95
-29
-187
-104
-244
-263
-175
-60
1
2
107
53
196
97
205
93
171
-83
-163
-210
-77
-76
-4
106
-2
169
-33
191
-11
31
-76
-42
-32
-156
-111
-285
-69
-208
-206
-345
-397
-428
-164
-202
-148
-317
-312
-258
-212
14
-211
-196
-289
110
100
152
111
154
46
89
-6
67
91
-84
-219
-188
-213
-71
124
-30
-35
-166
-44
-11
83
69
-17
-62
83
28
190
21
169
133
-11
-28
90
48
35
-104
-22
117
166
208
143
33
-84
9
-43
57
66
187
227
336
115
134
-18
11
-77
66
95
34
59
65
-15
-170
-202
-206
-215
-20
-166
-151
-9
27
99
25
119
19
108
93
107
-23
219
114
110
-61
79
84
151
114
17
61
-94
4
-154
18
-93
63
40
81
39
-3
-62
11
47
-159
-71
59
274
34
61
-60
72
106
-28
-5
70
24
-102
-206
-280
-29
13
155
63
37
-196
-70
-57
-155
-195
-113
185
187
83
-82
68
32
-12
-207
-106
2
-7
7
7
-71
-59
18
114
199
-43
-153
-303
-216
-207
-77
-173
-74
-1
-80
-57
-95
-18
-42
28
42
23
-133
-166
-254
-177
-65
64
255
192
245
154
183
218
152
281
103
235
29
25
-182
-87
-46
21
55
187
240
-36
182
12
294
-24
107
-71
204
185
20
52
27
196
100
252
201
183
-57
87
-117
43
-98
-197
-111
-248
-146
-354
-212
-283
-273
-198
-193
30
-154
-85
-242
-130
19
31
93
7
69
-71
-37
-146
0
-47
-10
-16
84
182
15
-81
-201
156
61
-55
-48
-19
103
101
171
-75
66
155
52
102
-62
39
28
103
84
121
-63
-160
6
194
304
-28
-42
-219
-75
-48
-107
15
24
110
-57
93
53
89
29
61
88
77
187
-25
48
-43
-51
-76
14
-6
32
-10
62
21
26
67
82
78
-115
-115
-33
-25
-35
67
-28
119
126
201
-43
-107
6
63
76
-21
16
86
61
-101
-40
-105
-3
86
66
214
39
159
163
227
147
122
111
-59
58
-69
75
12
-83
-160
-135
-9
-110
-231
-239
-19
73
33
-139
-111
-98
-131
16
-118
29
-247
-188
-225
-93
-141
-284
-265
-192
-83
-171
-53
-276
-173
-265
-124
-73
36
-6
-44
-159
-100
-48
198
153
46
4
18
199
14
-18
-307
-237
-177
38
12
-33
-171
-215
-29
-193
-127
-232
-147
-158
-195
-194
-127
44
-22
90
165
220
13
180
265
436
329
263
66
28
33
-47
38
-21
38
5
73
41
210
34
32
-26
125
1
73
-31
-118
64
253
226
213
227
219
347
55
160
49
49
13
88
60
134
117
275
108
195
105
-115
15
-60
139
-7
-16
-85
-32
-31
214
141
331
128
-17
18
19
89
-19
24
-61
19
-73
170
38
170
48
-34
-90
-31
37
47
-43
-30
89
2
241
-23
-19
15
110
107
225
150
132
-23
281
218
-103
-119
-122
36
-39
-60
-31
157
3
-77
-169
113
142
-14
-131
-89
-140
6
-57
100
-86
-238
-134
-97
151
29
9
-98
159
-46
-118
-196
-197
-126
-50
-3
-160
-50
-189
-261
-204
-27
-5
-193
-412
-412
-162
-308
-359
-270
-249
-207
-168
-32
-94
-126
-73
28
8
-155
-132
-138
-108
15
-23
-50
-167
-164
-91
95
80
-26
4
-65
23
33
234
116
154
60
176
219
24
18
35
108
98
259
90
225
32
120
62
38
136
-248
-289
56
134
-176
-99
-130
98
178
38
-1
266
160
133
128
192
354
128
174
153
570
447
234
89
-14
57
121
350
223
222
235
293
145
216
124
64
-19
-135
22
-30
201
24
115
-41
-106
-154
-67
154
21
201
37
55
142
174
-49
-159
-24
-255
-47
82
60
-154
-264
-172
-119
75
-124
-180
-365
-204
-313
-132
-348
-236
-300
-277
-151
-369
-200
-273
-113
-147
-70
-96
-129
-147
79
-120
-130
-284
137
113
297
31
19
153
96
63
-203
-7
-191
7
-179
11
-48
40
92
100
36
272
184
96
-2
-79
86
124
-52
-179
-172
-227
-281
-115
31
-91
-55
-196
-134
-383
-116
-143
128
43
-171
-225
-109
32
-314
-200
-171
79
82
232
226
269
114
129
-19
-67
-67
20
206
77
115
-192
63
-39
211
101
234
345
311
355
256
199
11
187
205
331
46
211
71
379
341
269
256
223
287
369
277
-43
-196
-318
-7
1
81
-111
22
-4
73
19
-72
-176
80
127
169
-42
-265
-90
-225
66
25
286
224
42
-163
-139
-49
-8
-74
-206
-252
-200
103
23
-81
-423
-138
132
308
47
-71
15
94
168
14
-33
-302
-12
21
91
-77
-32
-145
14
18
1
37
-121
-103
-244
-216
-334
-356
-222
-49
-113
-192
-456
-287
-267
-75
-40
59
25
-23
-155
-217
-339
-380
-97
-186
26
-174
-94
-123
-60
-64
-249
-390
-458
-176
-171
-53
-181
-60
105
-79
-55
-230
88
94
157
7
116
112
189
374
149
415
365
433
403
413
257
167
163
363
425
387
88
123
89
165
4
148
212
87
95
215
326
67
202
55
299
228
173
58
18
18
9
-49
165
44
147
-96
-165
-199
-211
-98
-161
-39
-237
71
6
56
-82
-81
-157
-176
15
147
167
101
70
-48
121
69
58
-41
-279
-49
-86
193
221
-5
26
105
240
290
183
5
139
136
178
-38
-101
-14
55
0
23
3
152
170
11
-56
-151
-96
-256
-285
-249
-50
-26
-28
-52
1
-186
-72
35
-13
-238
-253
-59
-4
39
-240
-501
-539
-196
-50
-24
-185
-92
-67
6
-215
-153
-208
-202
-220
-298
-202
-125
-68
-119
80
18
-1
-80
-119
-180
-274
-2
111
-25
-147
-252
7
161
16
-221
-114
90
293
5
-13
-74
67
166
95
-20
-143
-92
-83
96
139
53
-46
-245
-215
-49
-54
11
-120
234
55
13
-66
-60
3
65
114
99
47
-23
-32
106
207
30
239
172
284
208
175
231
213
65
-21
-11
-42
15
116
115
271
317
188
46
195
369
248
230
177
487
316
553
251
63
85
81
197
52
