-22259
-24437
-12339
-5745
-3119
8503
12125
11607
19004
12499
10609
9769
951
-1500
-3645
-7693
-7976
-7285
-8197
-3969
-1102
214
2357
7218
5369
4845
6867
208
2884
1803
-8031
-3779
-5886
-10352
-6026
-3696
-6279
-1019
2907
-744
4557
2451
2400
5843
-2046
1604
2557
-5888
2646
264
-1715
6654
8276
8750
21351
17568
26928
16665
-2212
18468
-6572
-17009
-7270
-23024
-25041
-18074
-27666
-20954
-2988
-7241
3464
16532
9033
18050
18964
8602
11944
6205
-2856
-1662
-5280
-10299
-5960
-8174
-6755
-1678
-2597
139
3545
5153
3455
6585
2471
1265
1217
-7443
-5369
-6390
-11106
-12324
-5623
-6984
-7487
2649
1160
5410
13199
9194
12781
13668
8235
10432
6166
-7
4433
-607
-2038
5051
-601
1937
8703
-4145
-2633
3473
-12276
-8771
-5912
-18436
-11787
-9249
-14782
-4365
-3212
-1575
7137
6915
8121
13360
7390
8873
8986
1319
1738
128
-6453
-14763
-6453
-10969
-10138
-5070
-4565
-4307
4012
4189
12731
18172
14023
21095
20009
27330
-987
8981
7710
-21963
-12203
-13364
-24129
-19079
-20457
-28060
-8768
-3755
-5314
12413
10384
6976
20839
11766
11529
11901
1408
848
485
-7590
-5539
-3429
-9390
-3442
-2269
-3640
-6357
44
-1833
-4582
1739
-2296
997
2951
269
3345
6118
6462
11506
12827
12120
15287
16131
11584
7141
5321
-161
-7538
-10254
-13507
-17011
-18682
-16701
-13971
-14563
-4695
-2157
-1310
5152
7804
5914
7853
9116
4031
3545
2416
1578
938
-4238
-2849
-1261
-6890
-446
-3019
-1809
3505
4643
5657
14424
13484
19457
20012
-1497
13487
8597
-14025
-7782
-8006
-25324
-20352
-15414
-21746
-12635
-4545
-4265
3092
6204
10800
13378
8236
12924
11152
2327
3918
5968
-4661
-3542
17
-6469
-6527
-1898
-4578
-5346
70
-1135
-1617
-127
1548
3383
60
-103
2877
-687
-2084
1710
-1244
-4755
598
-506
-3672
1236
1271
-2764
-2044
1122
-1967
-1460
-1250
825
-355
-46
3477
4346
5473
9265
15192
13012
19713
8191
255
11375
1285
-13167
-8834
-10820
-20090
-20593
-17556
-12854
-12587
-8436
1013
4200
1746
10027
13026
6932
7629
10502
6234
3025
3805
1566
248
-905
-1929
-2405
-2662
-5558
-3442
-3158
-5354
-4187
-3624
-848
-608
-1629
355
1786
458
1021
3521
1613
390
3323
3002
3057
3688
2819
3098
1438
186
2640
-1073
-3267
1378
-2089
-4177
1122
-736
-3515
2240
465
-2452
1805
-194
-1014
1335
-346
-745
1713
527
443
2134
922
1524
1995
1675
2138
1086
582
554
-307
-1097
-1690
-1203
-1105
-1276
-1890
-653
-856
-1078
-129
-1300
-814
290
-1013
-2279
-3592
-4771
-2905
-690
-1570
-3035
-2563
390
4317
2478
1857
6300
7342
6844
7209
4023
2891
5125
4384
1740
995
-783
-2368
-616
-3480
-6803
-6395
-7242
-8724
-9110
-9385
-9533
-7479
-5662
-5043
-3146
291
3260
4871
6647
8832
10106
11250
13049
12874
12004
13605
13331
7888
5151
1687
-3466
-5154
-7285
-12501
-14997
-14711
-16771
-16241
-13995
-12656
-10234
-6442
-5187
-2970
1755
4394
4342
7711
8482
7772
10457
8884
8399
8140
5482
4398
2137
4
348
-2640
-2977
-3126
-6556
-4824
-4394
-6835
-3892
-2481
-3823
-567
829
-177
3121
3206
1566
3294
3057
2425
3175
2689
1532
2063
1166
1135
1231
652
928
587
-432
1039
178
-1330
1358
62
-1334
697
256
-1512
167
-419
-1479
7
-461
-1254
79
-719
-2118
-187
-735
-2877
-856
-592
-2311
-281
460
-704
649
1203
613
1964
2064
2296
2611
2658
2620
2979
2413
1706
1376
286
-256
-283
-2342
-3108
-2164
-3113
-2884
-1188
-1401
-1771
102
-713
-902
-706
-249
-621
-1264
-1170
-926
-701
-1109
-185
457
-299
813
2333
837
1731
2896
1117
1694
2604
843
1247
1652
-102
-398
124
-1190
-1043
-864
-2057
-1600
-1892
-2178
-1080
-1816
-2205
-1009
-1210
-1450
-160
50
480
1135
2199
2266
2160
3144
2530
1957
2304
2640
1456
1985
1793
665
802
356
-1009
-844
-633
-1799
-2178
-1892
-2493
-2554
-1191
-1368
-1211
324
-323
-235
1271
402
317
1843
573
-91
1656
710
-376
619
351
-915
282
145
-886
-400
109
-901
-19
461
-532
237
473
-345
21
424
-662
461
468
-574
90
439
-522
-124
-218
-1118
-795
-972
-880
-841
-384
51
-264
80
129
204
231
-35
-413
-398
-410
-439
-681
-379
389
774
448
583
830
34
760
498
-9
-203
-175
-283
-128
-207
-48
292
265
552
354
201
476
293
-23
667
-438
-575
326
447
578
1241
828
842
1652
878
418
467
-201
318
444
-870
-41
562
-855
-147
381
-757
-325
-370
-903
-937
-1137
-1547
-970
-1490
-606
115
-726
-1
901
826
1097
1084
725
522
987
388
-799
-79
-812
-1487
-640
-336
-1419
-251
257
-482
832
1034
-45
659
430
-395
-305
-120
-548
260
1115
169
549
395
-4
1116
1485
519
1107
974
650
1164
384
-212
-415
-1689
-1365
-968
-745
-209
-83
-180
503
568
-421
484
-9
-542
-240
-977
-992
137
-231
-1129
-856
-360
-20
1271
-20
-92
742
-531
-253
-503
-910
-577
-338
-1454
-1376
-1278
-1463
263
547
-605
368
1225
130
358
596
-75
109
26
-707
-640
-338
-732
-325
-474
-310
-233
-114
-52
-682
-603
-895
-725
-233
469
724
977
865
628
792
809
665
290
-243
-34
582
385
5
136
516
924
218
-791
-551
-467
-306
-77
-1086
-1465
417
463
911
1071
332
591
556
188
24
374
-279
-435
-303
-633
-856
343
-137
122
614
-240
315
1277
180
307
951
-160
701
510
-447
-91
769
27
344
360
370
486
411
-362
-940
-23
-29
359
380
472
828
1037
618
596
770
249
225
601
-77
-266
864
-89
-170
541
-243
-2
-121
281
-4
-140
-572
-240
122
-790
-334
-881
-218
-166
-886
-30
355
-149
-331
-720
-816
41
491
-77
-229
-148
-560
182
-355
-339
2
41
-77
-425
-402
-1332
-451
-51
-708
-358
-470
-562
-508
-515
250
10
52
151
800
861
736
729
-465
310
199
-92
23
56
-474
-1089
-30
-18
156
-75
-693
376
-271
-769
-78
749
457
-293
-74
-278
218
508
439
964
995
613
955
607
-181
-16
-240
-118
-297
-1115
-874
-306
-502
-1223
-111
297
112
410
136
131
168
-440
-232
594
-31
-90
-37
-29
18
-283
-1058
-543
302
138
91
-222
-24
-319
121
62
-87
100
-277
529
1060
536
475
333
152
269
636
668
560
355
-32
632
-131
499
749
-206
121
556
1111
845
-146
273
-188
475
1113
317
1078
350
-107
365
787
-16
124
-337
-818
68
235
-69
302
-7
-754
148
-3
-622
-480
61
-203
-123
-333
-1138
266
683
-194
-683
-782
-24
56
-129
-243
-141
372
-110
-267
-370
-928
-263
-324
-285
-246
-451
-12
-539
-492
150
168
505
114
413
477
63
-199
-497
-817
-661
81
-375
-361
-609
23
-237
-403
-80
146
117
152
458
-5
379
-324
-260
-248
-484
-799
25
-38
-551
442
356
500
403
556
291
-340
-334
-476
-538
-529
-532
-251
-743
-847
-245
103
121
-456
-717
-264
-500
-304
-64
85
707
-105
-30
540
680
488
-482
-607
-760
-75
92
111
186
657
442
47
790
-56
485
1170
1582
1316
459
959
975
382
1094
-239
637
882
-273
666
-738
453
271
636
678
-641
1906
-246
656
916
-53
597
311
795
-717
424
-1366
-148
-30
-217
21
-397
-214
-467
-218
-602
-290
-218
558
-469
105
-327
-220
-53
231
196
363
886
-52
406
-212
-150
-458
-690
-308
-799
-387
-931
-466
-258
-382
607
496
513
87
307
166
-162
-213
-559
79
-215
-593
-727
-429
-1017
-1069
-402
-543
-630
-521
-314
-687
-219
-308
-233
-134
-250
149
308
-135
315
211
651
254
-223
-161
-305
-133
-645
-355
-459
-221
-446
-246
-680
-503
-259
-440
-361
-192
-103
313
523
377
321
330
200
19
322
-74
92
117
4
-228
152
-671
-415
-307
-702
-362
-307
-409
-451
-103
-281
-226
-467
-87
-118
-96
-39
293
109
166
137
209
457
60
447
489
831
961
707
1108
869
733
769
777
865
1097
1072
255
564
299
506
552
185
8
-58
-76
-92
-3
121
412
49
418
688
473
516
330
326
386
-378
-67
-108
-32
-8
-454
-387
-295
-153
-470
156
207
24
136
291
334
509
485
73
222
227
660
171
181
50
248
45
-203
-369
-681
-300
-525
-300
-583
-275
-370
-35
-51
-237
-618
-218
0
-56
219
174
-43
-288
-33
-247
-297
-298
-380
-251
-492
-609
-310
-438
-50
-225
61
-219
142
-240
-250
-266
-509
-496
-465
-509
-687
-66
-817
-208
-74
49
10
233
-250
-429
-63
-443
-460
-479
-358
-383
7
-157
-185
-153
5
-323
-78
-250
-395
-289
-213
-188
28
91
-137
151
213
220
290
780
532
839
916
861
559
826
490
263
284
-32
227
210
129
301
356
168
630
336
410
735
574
546
645
294
196
235
-253
-174
107
-71
-68
-87
-227
-186
-80
-316
-427
-288
-245
-490
-22
-130
-87
-19
132
249
247
460
-116
389
315
457
257
290
254
522
760
155
153
-40
-10
161
95
60
448
379
309
543
173
86
102
-318
-4
-219
-25
-64
-329
-241
-422
-72
-96
205
115
53
-77
30
-186
-543
-327
-729
-538
-501
-191
-380
-370
-347
-668
-175
-245
19
12
-82
15
-290
-314
-131
-83
33
-61
120
-12
-176
150
-240
-156
-302
-149
-52
-323
-528
-723
-516
-537
-377
92
-194
-139
221
-309
-119
104
-284
-157
42
-308
-141
-268
-479
-520
-329
-273
-447
-126
-477
-335
-289
-388
143
-27
205
506
331
393
334
413
482
645
620
454
720
174
242
239
279
40
97
53
27
563
312
638
419
247
-42
390
162
514
135
195
164
246
480
-51
257
-223
-212
-387
42
-199
-180
-312
-323
-47
-49
41
107
35
287
173
-9
-98
50
221
188
192
-299
-167
131
257
-7
273
-53
232
413
26
190
266
382
398
712
323
185
227
145
270
134
-82
-103
305
152
142
-222
-365
-276
-184
12
19
273
78
240
-146
-100
-264
18
105
55
134
-99
68
-148
-83
-278
-127
-403
-196
-327
-354
-454
-441
-274
-485
-306
-500
-472
-438
-661
-541
-401
-334
-182
-274
-226
-238
-127
-295
-308
-257
-266
-400
-522
-622
-658
-546
-561
-483
-358
-348
-272
-137
-25
-75
7
94
131
-76
186
368
242
507
549
557
731
694
627
856
735
810
657
741
602
611
563
470
498
226
51
338
305
427
339
-20
80
-242
63
128
18
-135
-116
-395
-209
-344
-341
-407
-587
-396
-364
-200
-185
-211
-44
154
225
518
212
460
224
224
87
96
162
314
167
113
-192
-221
201
137
526
566
649
314
251
216
424
101
477
125
361
50
266
493
174
737
342
626
122
355
-113
-70
-254
-517
-411
-434
-296
-263
-400
-458
-469
-545
-431
-413
-289
-634
-279
-424
-77
-257
-186
51
13
205
6
55
-160
30
217
13
128
22
80
90
8
-72
-339
-67
-51
116
151
-85
-115
-248
-438
-171
-242
-400
-332
-446
-549
-469
-432
-287
-164
-92
-531
-373
-350
-407
-154
-265
-431
-523
-59
-218
140
93
284
150
22
284
-6
10
-38
143
187
338
317
449
339
134
318
253
474
8
104
226
208
142
-60
115
87
126
6
388
175
288
62
-34
-173
15
90
-59
-115
-264
-29
-94
-3
0
-91
-52
181
-71
-134
-192
-64
-16
87
-81
252
-134
133
-126
-150
116
-78
293
-118
365
-110
206
149
171
350
368
428
142
144
76
44
47
37
-99
96
55
-190
-201
-13
-211
28
-25
41
-286
-308
48
-208
-307
-244
-31
-84
81
87
-52
-97
365
445
21
61
-203
-149
15
-352
-252
-203
-315
-484
-250
-619
-236
-166
-730
-324
-316
-174
-389
-398
-201
120
-118
250
111
-184
104
-326
-265
101
-292
-344
-375
-551
-139
-235
-305
-502
25
45
-119
-393
-21
311
-9
-371
7
211
489
961
345
722
365
308
428
526
90
492
531
333
364
468
631
1216
1118
536
862
92
430
107
-365
-293
-177
-289
-219
-387
-378
-369
-154
-60
-16
249
179
-180
-38
-361
-659
87
-318
-327
-341
-799
-131
228
-337
114
24
-148
149
-17
-117
524
680
-12
353
784
-52
343
524
134
335
-165
68
498
191
-290
17
44
-45
230
-125
799
779
0
461
504
696
449
-147
122
307
-151
235
-46
-101
414
-64
41
201
19
144
-177
-680
-319
-695
-722
-285
-951
-601
-908
-1076
-204
-172
-193
-232
-31
198
114
272
122
316
753
399
1039
954
323
822
536
296
609
162
-69
65
-182
-357
-118
-397
-303
-48
-515
-355
-211
-300
-190
-98
-79
117
-69
51
-37
201
-86
-172
212
-105
218
-113
-35
-94
-113
-263
-58
275
485
401
194
198
114
381
392
603
352
251
471
662
263
15
-71
36
8
81
-87
-82
-301
-342
-395
-274
-204
-233
-266
-526
-98
-357
-223
-339
-235
-365
-164
-402
-294
-257
-148
-243
-380
-418
-344
-288
-437
-218
-455
-335
-361
-103
-143
-128
-56
262
411
612
22
337
311
395
555
232
404
218
472
374
311
137
-60
-190
-121
-326
-345
-300
-207
-224
-293
-394
-491
-186
60
1
-107
-26
-364
-396
-210
-156
-110
-131
-92
-63
-175
-346
-262
-79
-3
-108
83
84
145
45
-77
52
14
-153
-15
35
59
94
124
134
31
-58
-414
-140
74
37
-75
-112
-145
12
19
-22
-224
-59
-137
-128
64
131
290
214
191
94
126
65
453
179
231
404
478
569
638
265
