19227
24655
26566
16735
3259
-4306
-13000
-15850
-23212
-28848
-23788
-16530
-3177
5892
10516
18384
20930
24649
24201
17096
13508
10851
10321
14709
15984
25174
31914
14439
-3471
-22224
-26580
-21172
-27480
-32275
-32768
-29744
-10047
2026
5735
8187
10648
23043
24764
16121
698
-12728
-14467
-14764
-18879
-24685
-25993
-15910
-1835
8398
11948
12620
16456
21904
21453
16245
8306
5438
9882
15060
17873
23134
28888
32298
15599
-9745
-23810
-31670
-26329
-32301
-32767
-32307
-30194
-7526
6104
10930
14671
18635
27415
27639
15748
-155
-15259
-19791
-22618
-26878
-29264
-28596
-16695
-954
10692
17227
18557
20690
24135
21257
15816
6373
2772
5362
9745
14531
18487
27480
32767
29844
7534
-13806
-27349
-28810
-28159
-32768
-31251
-32768
-26358
-5522
3928
10701
14790
23654
31360
26362
14016
-2019
-11560
-14542
-19097
-24142
-27025
-23099
-10244
2373
11335
15329
16044
18578
20255
16503
11021
3763
2577
5624
10314
15423
22684
31028
32767
22975
-1669
-17989
-28406
-27607
-30934
-32768
-31473
-32768
-18644
-160
6613
12727
18354
25794
29984
21307
6957
-8098
-15653
-18507
-22680
-27655
-29522
-21299
-7899
6147
13535
17382
19880
22864
25227
21432
13995
7587
5396
8953
13774
17400
25618
30268
26914
7970
-13383
-25882
-30587
-29707
-32768
-32053
-32768
-28146
-8802
3894
9770
13774
19417
25793
25264
14448
595
-11581
-15014
-17930
-21841
-25546
-24927
-13880
-1509
9515
14533
15582
18489
20893
20582
16124
7048
4811
4966
11105
16983
22251
30389
32767
24065
1737
-16128
-27978
-28005
-31271
-32768
-31680
-32768
-22922
-4947
4743
11086
15183
23009
28693
23300
11975
-2073
-12271
-14779
-20181
-24360
-26345
-23263
-9461
1050
10291
13876
15446
20153
20838
18360
12688
5691
5898
8719
13344
18242
23577
31676
32562
19945
-2911
-20330
-29656
-30186
-32355
-32768
-32128
-32768
-18697
-162
8632
13897
18566
27414
30647
23761
9174
-6190
-13705
-17837
-21960
-28071
-29902
-22561
-8287
5815
11965
14584
18232
22465
24428
18033
8536
1535
1384
6524
11624
14649
22650
30477
32767
24822
-697
-19422
-28934
-28748
-30894
-32768
-31892
-32768
-18339
953
7914
11836
15447
24509
28562
20488
5398
-8279
-14925
-15919
-21540
-27532
-28533
-19686
-3129
8860
15124
17224
20076
25193
25300
18743
9204
2287
3728
6541
11774
15019
24969
32285
32767
19073
-7812
-24748
-30997
-28340
-32768
-32416
-32768
-31699
-11093
4765
9816
13548
20729
31314
30952
17963
1077
-11268
-12563
-14773
-24057
-31574
-31219
-16165
561
10061
12813
13311
20337
24718
21813
11691
1410
-41
4843
8439
11408
15214
28577
32687
32767
21394
-10978
-25944
-31187
-28918
-32768
-32398
-32768
-30812
-6817
5805
7389
14858
26712
32767
30496
12272
-6315
-12960
-12183
-16140
-27691
-32768
-27564
-10200
5782
11997
12466
17595
25543
26454
18035
3009
-3392
-2194
2140
3390
4945
15099
31210
32337
32767
20886
-10840
-22379
-27666
-29087
-32768
-32211
-32768
-26684
-3748
3326
5456
19589
30751
32767
26630
5015
-5663
-8871
-11263
-21491
-32767
-29632
-21090
-4843
3618
6254
16573
22270
26745
20577
8793
4061
95
-500
-2422
-2894
6517
21562
32607
32472
32767
27918
495
-18838
-29964
-32768
-32584
-32746
-32768
-29204
-10407
3431
11823
25903
32767
32767
28069
10973
-1260
-8366
-16493
-28029
-32744
-30800
-21079
-8753
174
9765
18984
25739
24932
18073
9084
2607
-1816
-6158
-6794
-1647
9593
24595
32268
32767
32575
31799
5655
-22141
-31872
-32768
-32661
-32768
-32768
-30827
-9191
6233
13282
27671
32628
32767
27895
8251
-4613
-10694
-22979
-31296
-32767
-29505
-15735
-7775
1333
12175
25993
30901
21235
12007
5039
547
-5743
-15530
-13105
-1832
11679
23947
30993
32767
31215
32767
13387
-20954
-30739
-32768
-32768
-32358
-32768
-29344
-9039
5146
11191
27516
32767
32767
26330
6201
-3562
-9725
-25324
-32768
-32768
-27168
-14859
-10194
1286
20341
32097
29684
18350
11208
8508
-1725
-14759
-19218
-12376
2622
8321
18437
32063
32767
32344
32767
19860
-9353
-28935
-32768
-32230
-32768
-32258
-32768
-16942
-725
13859
31923
32543
32767
27809
13096
1837
-14102
-31254
-32209
-32767
-25840
-19184
-12357
7668
22936
28861
25365
19829
18281
6947
-8942
-16838
-16207
-7346
-1432
5893
24302
32767
32634
32683
32767
26616
-9288
-32090
-32599
-32768
-32768
-32566
-32768
-17905
-11
18055
32767
32129
32767
27929
13957
22
-18213
-30861
-32768
-32622
-26891
-23191
-8513
10012
23530
27516
23508
23021
17616
2204
-10554
-14569
-9277
-5504
-2005
11499
28451
32767
32469
32767
32767
25015
-9732
-31795
-32768
-32626
-32768
-32551
-32755
-17837
-604
15823
31906
32395
32767
24815
11535
-1138
-19899
-31682
-32768
-31687
-29510
-21547
-5935
13311
21992
22323
25662
22887
14181
-91
-9989
-9347
-7407
-5498
3403
15922
29554
32767
32686
32685
32767
26860
-6811
-30363
-32768
-32578
-32768
-32445
-32768
-19884
-3686
14125
31096
32280
32767
24086
11430
-1952
-19908
-27453
-28707
-32768
-26700
-18132
-1726
12461
16401
24052
25731
20304
12402
851
-3046
-7344
-8644
1308
9183
18215
26580
32626
32767
32649
31821
21366
-7818
-30127
-32528
-32768
-32619
-32768
-32398
-17049
-1317
14943
25055
30378
31411
18165
8327
-3587
-18407
-24562
-29340
-29778
-21259
-17147
-2165
9804
15905
22524
21127
17395
14056
2455
-2671
-3894
-3501
5448
8968
15753
26623
32747
32492
32767
30552
19086
-1829
-24949
-32768
-32312
-32768
-32128
-32768
-22133
-6604
6849
19121
24572
23797
16899
9030
-3378
-13911
-23234
-25308
-24672
-22470
-13795
-1305
8435
16659
21066
21905
21069
15154
8737
2191
-1593
-644
-219
3157
9501
19167
29429
32212
32767
29375
17205
1851
-14598
-30237
-32768
-32680
-32674
-32768
-27396
-10980
785
10988
17691
21009
16912
7975
-1556
-10766
-20034
-22492
-23074
-20848
-12486
-5566
7481
14029
18421
23091
21065
15912
13253
6346
6959
5326
4955
8613
10660
17564
21562
28219
22114
19907
11112
-2593
-15033
-28566
-32655
-32709
-32768
-30113
-19960
-11381
-963
7417
12032
13359
9084
2531
-6269
-12073
-16853
-17650
-15962
-15583
-6542
1461
7824
14195
18082
19632
19504
14245
11901
8119
4996
7791
5858
7529
14409
16994
22518
22822
19397
17098
6643
-2268
-16070
-26592
-32272
-32687
-32768
-29771
-20736
-10464
-2265
3971
8931
10990
7031
-2416
-3354
-10778
-17912
-15589
-11920
-10814
-2940
4117
10808
15386
16468
21619
18892
13824
14059
10977
5436
6923
7058
7782
11224
13340
18236
16965
17853
12474
7137
-1990
-14112
-22836
-30796
-31175
-32768
-20239
-21574
-20093
2456
11609
10094
11610
6851
6276
-3709
-15895
-4996
-14182
-18734
-4991
-615
3545
10406
16073
24484
18568
16795
18837
9253
1403
6444
1915
3369
6546
10290
15265
9751
16283
11690
6060
-2198
-12521
-14417
-24691
-26976
-20268
-23453
-18380
-7175
-7642
-1433
2156
-916
2979
-3810
-5568
-3529
-10896
-10060
-5138
-3771
2059
6366
10933
17840
16730
17926
17781
9388
7493
6430
124
1822
5989
3481
2933
11414
11530
8539
11857
8639
281
-4712
-10634
-15570
-22773
-25560
-18015
-20604
-17508
-8739
-3436
-1645
-1650
2448
-204
-6058
-4553
-5000
-9962
-6408
928
3791
7738
14182
20714
17443
13789
15782
10905
7372
3768
-328
1564
4805
5504
13493
11668
10780
15485
9042
3643
-2444
-6524
-15760
-20928
-24515
-25209
-22953
-20750
-14488
-8221
-3175
-994
3011
776
-1465
-1351
-5359
-7090
-7368
-7464
-944
3656
8925
14452
18078
17777
18017
13608
10618
10368
7396
3609
2572
6731
3195
8201
8717
12149
13639
6234
1701
-216
-8551
-20624
-20821
-23289
-25294
-22714
-16921
-9633
-5272
-1900
4097
1057
-2589
-1126
-4899
-8393
-7224
-5506
-4866
-2074
2610
8576
10732
14423
16423
16435
15086
12464
11287
11097
5701
6060
11206
5179
12140
12719
11300
13241
3915
529
-7275
-21784
-21924
-25487
-30717
-21553
-16607
-11959
-3304
985
4756
6990
609
2336
-2516
-8343
-9605
-8583
-12729
-13826
-2244
-2006
1718
8991
13677
15709
14901
13171
16140
10107
7331
13985
6977
2317
13295
14494
13214
18701
15089
14527
5078
-11766
-18023
-24423
-32768
-27822
-23298
-19896
-8347
-2308
2620
7663
5661
4657
3262
-5488
-8333
-9516
-14012
-10278
-8689
-10239
-2422
2096
2103
9173
9383
8485
12566
7835
6744
10091
5424
9182
14739
6512
10592
17162
16859
19019
20433
17809
9812
-8326
-24328
-30000
-32768
-32768
-29134
-17262
-8485
688
8189
13601
12921
8027
2933
-3458
-12363
-16958
-14227
-15265
-11643
-3039
2572
2356
7082
10673
6732
4298
3246
1104
960
-981
4605
10580
11912
19412
24299
22080
23692
24360
22228
22602
8776
-2476
-19508
-32768
-32745
-32468
-32768
-23440
-7022
2255
11313
16112
16607
12008
3010
-6236
-10055
-17938
-20851
-15430
-10419
-4903
4165
10870
12707
4591
3842
5429
-4351
-8941
-2832
-2607
-1878
7626
15626
22498
22168
26050
26863
23281
17878
26455
23182
6274
-10402
-29875
-32768
-32768
-32721
-31690
-16217
-3369
8922
19109
19703
18174
9482
446
-8491
-17975
-23270
-20142
-16634
-8794
801
8763
13863
16252
7166
5733
2659
-9976
-10286
-9019
-10445
-2951
5955
10692
23289
25167
27819
29793
25796
24365
31692
26369
13158
-11273
-32768
-32194
-32768
-32305
-32633
-14562
-2172
10114
22999
26160
24781
9794
-664
-7830
-20861
-29749
-24157
-17645
-10629
-28
11397
17251
18649
14003
5002
-3059
-11860
-17508
-18433
-13985
-5822
4594
14737
23859
30204
32580
32748
31597
31591
32767
28787
7103
-25092
-32768
-32388
-32768
-32768
-30192
-3729
10714
22661
32536
32767
25505
5813
-6557
-17015
-28512
-32768
-25384
-14361
-3594
7663
21067
25194
23156
14291
7070
-5701
-27192
-24578
-20318
-22102
-8115
8842
18099
28855
30906
31791
32767
27292
25917
31298
32367
13868
-24758
-32768
-32315
-32768
-32767
-28530
898
10486
23457
30439
32767
26964
2466
-11029
-15663
-26934
-32768
-26340
-13795
-1125
8240
17906
25656
25904
10948
1287
-10499
-20567
-24716
-24969
-16431
-344
8473
18041
27782
28902
29795
27315
25114
28021
29967
32767
25367
-21829
-32768
-31845
-32767
-32363
-31837
-7428
13086
26047
26292
31011
32491
9335
-13258
-15357
-23527
-32768
-30759
-19533
695
11264
13387
21288
27897
14513
1634
-7007
-19963
-26717
-26370
-21030
-3602
9718
16479
27095
31546
31319
24442
21627
22098
28936
31377
32767
-9120
-32768
-29891
-32768
-31295
-32768
-14506
7638
29479
22841
24103
32767
19996
-9573
-18914
-19383
-28186
-28568
-26659
-6123
12758
14493
13784
25417
21700
7221
-5024
-18281
-29801
-20716
-21106
-12279
8185
19920
23664
29885
30914
23284
25599
20133
28195
30104
32767
-3668
-32768
-30371
-32768
-31233
-32768
-25041
5074
32767
24602
20392
32767
28184
-437
-22905
-27263
-26200
-23787
-30284
-17514
11397
21830
15685
19495
21274
14353
1133
-18886
-31123
-21516
-16781
-16126
-1147
16779
26469
27939
27787
22616
27568
25545
25274
27736
32767
8063
-32768
-31561
-32768
-32537
-32729
-31818
-6300
30085
32666
19541
24691
29810
13053
-15863
-31522
-32736
-21565
-21275
-23745
-3267
19047
23646
22044
16842
10763
6097
-15788
-32768
-24714
-18203
-9415
1758
12009
24377
32767
30984
24329
23255
28199
32767
31141
32767
-6085
-32768
-30818
-32768
-32060
-32768
-28819
-2739
32284
31934
24936
25778
25605
9596
-15318
-31266
-32768
-24784
-21715
-19847
-3011
16518
24546
28713
18195
8428
3651
-10401
-28325
-27805
-23901
-11566
5017
12724
18360
29374
32767
29384
25027
22778
32453
30787
32767
-6273
-32768
-30833
-32768
-32499
-32366
-32768
-8977
32767
31707
27538
21147
21702
14301
-7496
-29089
-32768
-25793
-19155
-15800
-5803
10832
22652
32767
22107
8681
2842
-8993
-24144
-26262
-28847
-16509
6309
13589
17198
24765
32767
29715
30274
20085
26179
28972
32767
6085
-32768
-31664
-32768
-32768
-28961
-28811
-25757
24486
32767
32767
25391
10846
9136
4953
-16285
-32768
-30955
-28758
-12137
-1721
5966
9078
28467
30997
19267
6773
-14836
-21311
-16976
-20484
-20662
-5040
4327
17841
24563
28167
22190
25662
26337
28528
26041
28258
26203
-25427
-32768
-32329
-32768
-31629
-16521
-26030
-580
32767
30429
32767
16687
6080
-2713
-2123
-27590
-32635
-32768
-26984
-6174
9424
10090
15386
26504
22659
20472
3357
-19289
-23925
-18469
-17966
-4682
-556
5559
17034
32213
29213
29711
28609
32366
31242
32767
397
-32767
-31262
-32768
-32768
-26557
-17457
-26058
17678
32767
32601
32061
19815
3974
1366
-7873
-29510
-28811
-32768
-27534
-8922
9382
10188
21682
21966
23868
20801
-2403
-15888
-19139
-21222
-14375
-3312
-1977
6999
17858
28632
32767
32167
32767
32366
31037
8983
-26975
-32767
-32317
-32768
-31737
-19819
-11401
-1394
20840
31711
32767
31318
16208
1176
-5524
-19328
-26090
-30043
-32682
-24258
-7981
5165
17611
22689
22154
15759
6287
-2527
-6999
-8548
-11982
-9690
-3092
8374
16290
25445
31719
32767
32767
31881
13198
-14798
-31769
-32768
-32397
-32768
-28767
-21306
-4617
6705
22585
32662
32331
25185
13363
-742
-9987
-14877
-26437
-30231
-27027
-20329
-8315
6109
15283
22177
23468
19483
9545
1888
-9310
-12723
-9793
-8801
-3942
2970
11779
18138
29968
32592
32767
25285
3889
-16555
-30396
-32768
-32768
-31412
-25599
-19800
-8457
4582
16041
22465
21647
15668
7075
-3424
-13664
-18030
-20743
-20939
-16178
-7119
3672
15596
27935
32767
31631
32767
30915
32767
13970
-21726
-32277
-32750
-32768
-32028
-32768
-24830
-13699
-5547
25200
32767
32626
32759
31592
4384
-9938
-19695
-29710
-30016
-32416
-32767
-26632
-6868
2180
22446
31111
31898
26355
20225
10704
6109
-26
-10193
-18380
-23119
-25500
-20518
-5553
4666
12193
14339
13221
10623
11710
7346
5947
1510
-3637
-9581
-11575
-12906
-8104
525
2820
2876
2777
5436
7249
9040
3561
348
-1965
-5124
-7632
-5080
-4159
-4341
-1491
44
1293
2839
3943
5894
9226
6485
3847
1321
-1029
-2527
-4368
-4439
-5118
-4865
-3471
-2052
-1234
-306
1786
1499
3303
2933
2128
2767
709
594
422
-56
-3718
-4597
-3532
-1765
107
-189
952
1875
1738
1047
2721
2118
801
-370
-1224
-2374
-2963
-2230
-688
688
572
1516
2179
3483
4106
3857
3885
4253
954
-1394
-4306
-7060
-7311
-6781
-5633
-2880
425
3402
5144
4013
2078
-1137
-4526
-7441
-6438
-2281
3446
6786
8787
9698
10912
11482
12453
15193
17650
11734
1820
-10172
-22571
-27236
-25012
-19491
-13008
-5256
-1543
4193
8034
8802
10564
14602
15394
14029
8395
-1314
-8326
-12562
-15844
-15133
-11772
-7746
-1347
2217
2529
3636
6702
7438
9328
9090
9090
6843
2563
-3666
-8104
-8716
-9032
-7324
-5877
-3976
-1406
919
2144
3155
3805
5458
6391
5520
3115
814
-237
24
-1758
-3333
-3324
-2203
-1795
-1804
-3363
-3784
-2379
-695
708
933
2443
3108
4833
4675
3639
2646
1625
-720
-1933
-2011
-1454
-2039
-3731
-4633
-4538
-2956
-1285
527
1633
3462
4760
5642
3536
764
-1082
-1962
-3491
-3699
-3951
-3247
229
1190
1110
1715
2969
3182
4126
2762
503
-51
-833
-3000
-4056
-4367
-4688
-2294
-1334
-1464
206
1893
2567
3651
4355
4423
3466
1640
-381
-833
-406
-916
-1112
-974
-807
602
2241
1127
-507
-1408
-1809
-1189
262
-323
-835
-116
166
838
916
531
782
1599
383
-1333
-1901
-2125
-2365
-1553
-1475
-1411
102
698
1268
2392
2618
1878
1449
625
113
-250
-1363
-2477
-1879
-717
-681
340
1073
1200
2864
2982
1313
-691
-1641
-2238
-2254
-1523
-2298
-2348
-1753
-602
-3
572
655
1074
2616
2165
495
651
331
-946
-722
-1281
-1286
-384
-524
-1079
-887
-802
-657
2
-136
-248
775
840
279
1038
