2814
2398
3284
2057
202
2164
3459
2328
3051
4154
1987
-233
-655
-479
-892
-2405
-2025
-1989
-3005
-3255
-3059
-4062
-3792
-2149
-2011
-1179
-853
-163
-1349
-1505
-1352
-1498
-1729
-586
465
-589
247
132
-659
-617
-1099
-836
-553
-661
-998
-453
-905
-1245
350
922
1894
3374
4154
3595
2567
2471
2467
2996
2661
2693
2489
2046
1715
1859
1382
884
1508
1435
2431
1681
1457
-83
-829
-924
-2547
-4875
-5615
-4120
-5501
-5510
-4932
-5032
-3795
-1997
-1122
113
608
937
3355
2955
2965
3186
3087
2643
2245
2785
2620
2456
1491
2317
1455
1287
1873
980
1116
629
-10
-774
-1242
-1680
-2425
-2902
-3691
-3042
-3326
-2657
-2095
-1796
-794
-1102
-737
-570
-366
-1654
-830
-542
-517
91
655
1034
710
1399
1408
1913
2025
2242
2754
2723
2319
2060
1073
33
-403
-1049
-925
-648
183
383
78
740
217
-207
94
18
-683
-836
-1521
-2205
-1985
-2163
-2500
-2509
-1646
-1389
-679
699
835
553
299
730
927
1094
1516
709
326
428
1060
777
1141
1855
1089
1563
1284
1438
1663
894
462
-727
-1001
-398
-867
-1258
-796
-916
-1321
-1186
-308
-295
-560
-641
-579
-866
-1392
-1034
-1165
-954
-681
-324
-243
413
1670
1712
1795
1839
1448
1590
1235
661
219
68
-389
-450
406
319
1261
1094
1725
1861
1529
1581
625
401
-217
-490
-1231
-1444
-1924
-2306
-2705
-2189
-1998
-2154
-1934
-1463
-905
-900
84
105
-504
-585
-585
-1024
-355
93
-6
345
473
951
1375
1433
1945
2840
2475
1665
1504
1308
704
983
1616
952
325
648
748
-25
417
350
-299
-344
-526
-777
-1395
-2259
-2463
-2494
-2865
-2264
-2206
-2003
-1064
-1549
-488
190
-213
717
656
715
426
390
104
314
447
961
947
389
915
1099
1503
1641
1802
2332
2001
757
415
459
159
-380
-195
-456
-637
-978
-237
-589
-1017
-832
-714
-428
-956
-998
-2357
-1614
-1983
-1786
-1678
-1204
-1137
-835
197
296
1103
968
1334
886
987
1150
450
257
858
-18
908
-86
1039
612
1486
412
2300
-918
-7946
-684
1545
3681
2270
3415
1476
-1122
-52
597
517
-733
682
-992
-1530
-1325
-1224
-1370
-1512
-1776
-967
-757
-264
-16
-389
-508
282
46
1281
1997
1685
980
1302
1655
540
542
-39
149
-252
59
-400
148
599
2258
1625
443
1184
752
509
-467
94
-418
-936
-364
-685
-1659
-1819
-1655
-1186
-953
-743
-738
-303
-103
-1091
-829
-122
-265
-415
-349
151
426
-41
573
1036
1075
1095
540
-84
366
937
1076
1193
990
775
117
866
1155
683
929
49
-907
0
667
526
422
-563
-493
-948
-109
-1397
-2884
-1295
-1649
-1199
-400
432
247
-351
-442
-349
-435
-391
566
-284
-813
-844
-944
-238
618
1194
814
481
202
203
389
461
768
701
470
219
-391
-87
-41
635
978
692
876
258
-111
-390
-1001
-1162
-1182
-1826
-1067
-740
-1533
-1467
-1830
-1952
-1723
-1012
-958
-1026
-503
-916
-369
11
683
180
217
642
270
1255
1851
1440
1254
806
773
1513
1348
2265
1943
1483
1353
1315
381
113
-620
-1457
-375
-1122
-420
-1321
-1675
-1933
-2755
-1962
-1976
-1730
-2183
-2241
-2299
-1525
-1552
-1166
-470
-1176
-129
664
1050
1710
2317
2337
3177
4263
4854
5617
4244
3686
3165
2262
2615
2562
1646
539
-1274
-2509
-2863
-3748
-4198
-4420
-4675
-5315
-4790
-4452
-3814
-3329
-3409
-2655
-1745
-1173
-373
-507
-858
-50
-91
2092
4005
6349
10056
14129
17094
17145
14160
10671
8499
10069
11970
10314
-4693
-30938
-32323
-32768
-24730
7976
28703
30841
13710
-6901
-15951
-16293
-10742
-8177
-19967
-14697
-10156
4136
18662
15685
7117
-7718
-13183
-6720
4438
10621
17109
12595
18323
19810
21423
21999
18246
17721
19847
15498
-19192
-32768
-30312
-32768
-11723
28169
32767
31887
8065
-20828
-23250
-18818
-6458
-11032
-14623
-7942
3614
20597
21892
5840
-23560
-26931
-23612
737
16766
15410
11837
-6256
-5956
-6384
-153
6161
19613
28265
32767
26694
12799
6323
5335
21714
13592
-27072
-32768
-32127
-30623
16485
32767
32767
18729
-22501
-32768
-27177
-11356
1575
-6514
-3747
7584
13741
20468
-2442
-29393
-29043
-21683
10228
22298
10748
5449
-11326
-5018
3237
1486
6202
7300
16597
32434
28763
20857
8863
2048
19226
31437
5643
-32768
-29331
-32767
-9613
32767
31790
31344
-8314
-32768
-31992
-23039
-10967
-6826
-4860
14063
26946
22078
850
-32171
-30929
-19870
9324
28367
13502
-3050
-11940
-9885
-1069
3073
1760
11336
16093
28190
29655
13260
8592
6556
21138
32143
32767
-6882
-32768
-28250
-32768
4584
32767
32767
26140
-12375
-32310
-31585
-28108
-19526
-1797
10258
29715
27622
3330
-23038
-32768
-23826
-986
20477
17553
1111
-4857
-4985
-4781
-2965
-6259
5719
19175
25070
30361
18253
8092
9346
15106
28691
32767
26905
-14844
-32768
-29145
-32768
8617
32767
32652
23848
-18226
-32768
-32465
-28807
-12775
9548
19009
28641
19187
-9624
-30528
-32767
-17489
9933
27242
16854
-2799
-12691
-10776
-7768
739
3605
15379
22249
20305
17599
9386
7306
15280
24896
29153
32767
23210
-18177
-32767
-29947
-32768
14109
32767
32767
21159
-27067
-32590
-32768
-25591
-5608
16755
24234
29107
14159
-22128
-32768
-30125
-8260
23740
31093
10726
-9660
-21334
-12642
-4563
4234
12498
21506
19336
13385
8897
3634
12070
21634
30196
31127
31619
24597
-18374
-32768
-30331
-32768
19169
32767
32767
12781
-31754
-31639
-32768
-22242
-2079
24805
28863
30240
2121
-30900
-32768
-24505
8096
31254
25068
959
-17039
-17781
-9637
-346
9220
17431
22623
14382
3851
2031
11531
19214
28831
26660
26836
30087
21489
-23802
-32768
-32737
-26752
28526
32176
32767
-2618
-32768
-31111
-32768
-16767
2596
31034
31715
26377
-9498
-32767
-32375
-29642
19826
32767
31165
7830
-20568
-23041
-17458
-2730
11657
26586
23602
20755
-2077
1407
12292
19793
32573
29456
28379
27535
11025
-32767
-30044
-32768
-8332
32767
31491
27848
-21713
-32768
-32768
-27547
-10187
15445
32767
28943
9384
-26381
-32767
-29015
5888
29373
32767
11863
-21163
-25030
-19996
-6206
13561
20432
25684
17311
-3572
-7054
7693
24083
32767
29380
19596
21411
27660
5523
-32768
-29666
-32768
6693
32767
32295
16884
-30945
-30857
-32768
-25668
-7924
24275
32767
28737
-3454
-32062
-32768
-24912
16204
32767
29962
240
-22410
-19731
-16492
-4885
10036
18486
23632
14540
-2078
-625
17084
26744
32740
23353
19393
23544
29479
-8859
-32767
-31242
-29351
24755
32767
32767
1466
-32768
-31199
-32768
-25703
386
31501
32563
23290
-18664
-31955
-32768
-13173
24467
32201
29359
-27
-26152
-28667
-18570
-552
21850
25480
21847
9453
-8685
-3937
20598
32767
32767
25990
17203
22501
23665
-23174
-32768
-32768
-12950
32767
31783
30240
-10562
-32026
-32542
-32768
-22165
15124
32767
31999
10417
-27808
-32212
-32768
-4101
26299
32767
25179
-10383
-32768
-23098
-14155
4778
20789
25899
20096
7160
-10154
1018
26834
32767
32096
23894
14285
26225
12624
-32768
-30961
-32768
8926
32767
32767
21906
-18623
-31865
-32768
-32768
-13607
26375
32767
29925
-1975
-29563
-32768
-29433
-24972
17691
32767
16767
-1854
-21236
-25828
-15344
1631
8610
30897
29592
11251
-8803
-1560
22607
31739
28065
31469
31584
30548
-14824
-32768
-32768
-20953
30326
31605
32767
11656
-24384
-32768
-32626
-31427
7949
32767
32200
24421
-13210
-31788
-32768
-29699
8564
32767
32123
16162
-22563
-32768
-22910
-8487
4495
28678
32393
20396
-5059
-12027
12867
32396
32192
31506
30443
22850
21032
-24175
-32768
-32768
-318
32767
29757
32767
5766
-29462
-32711
-32768
-27847
18261
32767
32028
20523
-12354
-32127
-32768
-30187
10070
32767
31083
9673
-21990
-18400
-19754
-18993
-1179
28907
32667
22609
1128
-2377
15490
27220
23563
29613
31393
32767
3716
-32768
-31642
-29183
17322
32767
32567
32594
3540
-30719
-31444
-32768
-15973
26496
32767
32513
21654
-10235
-32768
-32145
-30954
16155
32767
24477
6616
-7625
-14899
-24483
-29123
-2564
32150
32125
20147
3640
9321
20499
19397
17635
29789
32481
31898
-16219
-32768
-32700
-17608
19110
29783
32767
29854
-1389
-32768
-30968
-32768
-5267
26268
32767
31867
26828
-14064
-32768
-32768
-15446
17390
18496
14271
8090
7501
-11631
-30734
-24112
9575
29596
27892
18907
20534
24524
20643
7873
18679
29129
32767
5309
-32768
-32099
-29749
-973
16356
31407
32767
20777
-21515
-32768
-32768
-27770
4948
20700
26923
32767
15894
-24306
-32768
-28987
-3804
10774
13317
10514
16678
10915
-17475
-32768
-8860
14616
17833
21658
29710
32767
27817
12817
9388
18797
32767
27414
-24348
-32768
-32606
-8919
-150
15495
32767
29695
2470
-32768
-30266
-32768
-15782
5690
16757
29636
32767
633
-29752
-32768
-18401
-5494
2009
10912
21219
15897
-5064
-14854
-22055
-5489
11382
18730
19650
30656
32767
25184
9325
17104
27569
32767
-4241
-32768
-32768
-20686
966
-4122
28482
32767
22230
-20809
-32768
-31982
-31673
-11941
776
20351
32767
26393
-11040
-32768
-24842
-13669
-13774
-2296
8905
24553
19080
-5609
-22760
-7828
2202
-186
10101
30091
32767
32508
22526
16947
21121
32229
15648
-30170
-32768
-31290
-3613
-9548
11014
32767
30013
3035
-32768
-29963
-32767
-26814
-13334
6566
29250
32767
10089
-16560
-26265
-24595
-21921
-10596
2381
14490
19925
12039
-5289
-12163
-7611
-2190
3113
14346
32679
31983
31998
17702
24739
25559
30648
-7719
-32768
-32768
-17317
-2952
-19228
24951
32767
24143
-16146
-32768
-31086
-32768
-26085
-13576
11840
32767
29092
2604
-20991
-13333
-14183
-27638
-15827
3479
20111
13150
6034
-3126
1982
-3609
-5797
3386
25293
32767
32767
25179
27237
31473
30376
-2458
-32768
-32768
-27970
-7203
-22406
15186
32767
30595
160
-27991
-26669
-32768
-29611
-28369
-1410
30256
32767
15507
-5586
-4619
-12858
-31264
-21894
-4748
11225
1982
10981
9108
4657
-3438
-1939
747
7685
31588
32005
32767
25837
31408
31358
22477
-24186
-32678
-32768
-16432
-18644
-18284
31526
32767
22998
-16007
-17045
-24299
-32768
-31458
-28700
9995
32767
25746
5392
3573
7903
-23347
-32768
-19072
1199
2266
5845
10943
10976
12498
1905
-3374
4719
27110
32767
30905
28090
32096
32767
23212
-26896
-32653
-32768
-19776
-29858
-20656
30780
32767
25078
-10731
-8668
-19618
-32768
-32285
-30611
854
26025
24114
8923
6028
14244
-14287
-30082
-16119
-327
-6827
288
11934
7718
9459
13774
8650
3091
23866
32767
26978
22413
29634
32767
17242
-31207
-32089
-32767
-20990
-32767
-15622
32767
32767
25252
-6111
-3196
-17611
-32768
-32216
-31132
-2605
17421
20745
8821
6191
17668
-6844
-28236
-23922
4175
-256
-6721
7838
14517
12180
6065
13025
14119
27824
32767
25463
24682
30152
32767
-7460
-32768
-31472
-30476
-24660
-32768
8963
32767
32325
15864
1606
-1524
-29461
-32059
-32768
-26374
-2109
13136
6996
11300
27075
11061
-14827
-18129
-10299
-10949
-7112
5053
8196
9960
14945
16823
16567
25270
32767
28804
23789
28181
32767
5227
-32767
-31536
-32768
-24073
-32768
-10147
32767
32767
22925
8161
13492
-18226
-32768
-32768
-29250
-15671
-2147
3729
8538
26364
18041
-5173
-10904
-3776
-10122
-15720
-2994
10643
11915
10447
17461
27610
30458
32767
29411
29773
31599
32767
-9035
-32768
-30423
-32768
-28235
-32768
8540
32767
31801
14351
14971
19812
-20831
-32591
-32768
-26141
-15238
-10611
-6732
15931
31539
14181
-2946
-2338
1968
-8373
-17794
-7252
7253
12807
13887
27338
32666
32767
31465
27369
29102
32767
13088
-32768
-30671
-32768
-29286
-32768
-15751
31547
32767
22738
11418
24820
-2239
-30064
-32768
-32490
-27897
-19659
-16598
3764
29141
23545
8463
8226
7333
-9582
-16750
-11406
-3937
1095
15645
27751
32045
32767
32767
31656
28839
32767
23425
-27064
-32768
-32768
-32413
-32768
-27159
23676
32767
27272
18275
29800
10912
-25989
-32768
-32428
-27519
-25757
-27524
-9174
23967
25606
7989
9498
19877
3830
-13921
-10791
-893
-13
2376
18448
30844
32767
31919
32767
31174
32767
14887
-32768
-31585
-32768
-31701
-32768
-26428
24142
32767
26694
25622
32767
16854
-20538
-32768
-32482
-32768
-32583
-26050
-3635
20257
23230
16617
16617
21038
4994
-9607
-7240
-136
-762
2994
18188
29479
32767
31632
32767
30724
32767
1894
-32768
-29733
-32768
-29895
-32767
-10628
32767
30862
24275
30829
32767
11850
-16707
-31728
-32768
-32643
-32768
-30625
-4011
20088
27453
22370
23081
25106
7098
-9062
-9762
2999
3976
5978
15024
31574
32211
32767
31818
32767
25526
-25368
-32767
-31629
-32767
-31710
-32768
1238
26717
23265
28578
32767
27552
7518
-13689
-28629
-32768
-32250
-32768
-27669
-8199
9697
16492
24111
32767
26849
10241
1427
44
-450
5254
14607
18848
22255
31331
32767
32767
29392
-15383
-32768
-31179
-32768
-31423
-32768
-5740
18609
12031
16690
31419
29852
15681
-1569
-17290
-30268
-32768
-32392
-32470
-18291
1211
6923
11513
26072
28816
17861
10977
12669
12343
11486
12479
14204
15340
25304
32590
32767
29124
-11981
-32768
-31458
-32768
-31571
-32768
-11798
12855
11379
19404
30821
26380
15050
-990
-16511
-28980
-32768
-32616
-31133
-19010
-2510
5163
8462
18720
24363
17988
12417
11721
13560
19173
22861
20006
15220
22870
30777
32767
18363
-20094
-32768
-32438
-32768
-32651
-31976
-8608
7154
8472
20601
27186
24625
17960
4353
-14757
-30745
-32768
-32565
-32156
-19481
-2854
6243
15337
21219
20831
16318
15480
12305
11343
17630
23933
19779
13385
26391
32182
32767
1386
-32768
-31666
-32062
-31602
-32768
-27824
-1946
13053
13344
18671
20789
24147
16716
-3463
-24000
-30824
-26593
-27091
-27423
-19627
-4836
6151
14717
19329
21033
21468
20467
17052
16774
19240
19673
11574
14655
26788
32767
18191
-17568
-31767
-30837
-31568
-32768
-32768
-21914
-658
10997
19127
16057
18623
24341
13630
-11975
-29313
-30380
-27389
-26770
-24815
-13540
4306
16546
14016
15298
20974
24227
19288
21092
22522
24025
14502
9067
15110
26974
23670
-13182
-32768
-30390
-27048
-32768
-31651
-18802
-2980
4421
13115
12822
14772
19743
15875
-4605
-24532
-24970
-23439
-21628
-21831
-17214
-9735
8604
17276
15169
15780
26079
29422
26205
24272
23121
16851
13059
16108
21509
17710
-15441
-32768
-32763
-31881
-32768
-30296
-20169
-5536
11185
21172
14482
13295
20254
13814
-7680
-26648
-28274
-22631
-17886
-19765
-15505
-4696
7545
11021
12933
17391
25556
28440
28932
29694
29789
17493
11216
18317
26006
6005
-29531
-32768
-32768
-32363
-32768
-27105
-15864
-2392
13667
20086
14177
16032
17508
10973
-6159
-21822
-30384
-28124
-18047
-14649
-13960
-7982
8916
18629
18605
17642
24507
29403
32040
30311
23048
12209
15858
23794
27100
-3333
-32702
-32317
-32768
-32768
-31315
-28535
-20624
4327
23026
24125
15782
15708
12790
246
-13085
-21546
-27059
-22943
-15079
-12442
-8428
-57
8050
12566
20600
26135
27873
30870
32759
31534
19502
9811
11116
21627
13430
-22021
-32768
-32075
-32768
-30387
-27263
-29241
-16004
8501
20262
20932
21927
18728
5932
-4545
-12107
-21643
-29359
-26257
-18201
-8889
-1069
3235
8526
19907
30102
32431
32767
32302
32767
25182
17330
14157
15920
6331
-21560
-32768
-32135
-32767
-30461
-21251
-22142
-14304
5324
17543
20203
19894
13628
4539
-2752
-8435
-15443
-19403
-20267
-19220
-14082
-6245
843
5779
10331
21814
32410
32767
32503
32767
27624
20023
21637
22547
9405
-22991
-32768
