-1206
1789
2957
1941
2453
3735
3347
1153
-973
-1434
-1706
-3160
-5671
-6554
-4622
-2786
-2394
-2048
214
2717
4107
3928
3506
3005
1638
310
-1091
-1853
-1966
-887
-306
-793
-333
706
1698
2236
614
-1489
-880
60
-641
-1575
-1421
-428
-258
-361
4
2013
3525
1857
1036
3230
4707
1775
-263
1935
2325
-1908
-5028
-4108
-1691
-1555
-3062
-1643
1247
1770
-74
326
2403
1734
-753
-1489
-865
-870
-472
-45
-424
222
2077
1930
-119
-288
472
-13
-1039
-659
49
-134
-266
-1246
-1421
-620
-216
-534
470
961
-963
-907
1816
2930
529
-422
968
1487
537
-438
-1522
-2465
-1444
827
1919
1723
717
-521
210
879
-1932
-4676
-3161
-1189
-1309
-2235
-2063
-907
1070
2297
1529
1549
1938
863
-168
405
364
-1224
-951
1106
2097
2294
1790
1104
1006
1073
-96
-644
-233
-494
-1278
-1042
506
479
-331
-921
31
326
-1014
-1145
-191
622
985
1749
1431
1714
2153
578
-1015
-1295
-1529
-3180
-3004
-1167
-813
-749
-186
373
572
620
439
-68
-400
-1513
-1637
247
822
-1011
-1386
891
1356
-317
-709
762
1329
994
582
-682
-449
1144
582
-639
-149
90
-617
-299
31
-775
339
2415
1762
796
1696
1774
-208
-1377
-1221
-1492
-1583
-1678
-1459
4
1817
1375
308
961
1150
-744
-1889
-500
-26
-2060
-3100
-827
1028
530
-180
812
2480
2335
709
195
843
649
-508
-577
-585
-1659
-1922
-773
-18
-1027
-953
-135
686
1175
580
-117
296
2120
1737
-492
-554
661
-212
-2084
-1033
792
-334
-1908
-1033
1099
1077
439
1283
2717
2456
282
-544
316
-207
-2826
-3620
-997
445
-1463
-1999
295
2447
1856
1422
2823
3573
1455
-866
-827
-521
-1355
-3359
-3641
-1543
496
318
-153
834
1870
1647
617
-858
-2527
-3084
-2394
-1747
-1382
-1436
-1119
1623
5185
5464
2995
2749
2746
1165
-71
-425
-823
-2300
-2891
-2353
-1229
-1215
-2299
-2039
91
1677
1078
1652
3792
5160
4012
2135
1474
241
-1571
-3873
-4462
-3214
-2008
-2023
-2032
8
2042
1896
-121
-351
1099
815
-2088
-2966
-505
637
-184
-12
1916
2252
988
815
1624
998
-956
-1050
548
415
-1231
-1047
1485
1996
-1099
-3143
-1417
649
-707
-2939
-2501
-18
1230
1063
795
1065
2224
2612
1411
286
110
-532
-1178
-892
-1228
-2313
-1912
-233
611
169
-298
400
1615
1184
-658
-1216
342
708
-533
-168
1770
2532
1294
189
114
203
-999
-2171
-2451
-1801
-620
-378
-700
-630
251
203
34
1307
2056
940
-44
754
597
-656
-252
300
-296
-524
965
1894
1091
749
1016
1295
350
-688
-1142
-1543
-1988
-1676
-797
-600
-405
103
362
-50
314
559
-8
-302
465
942
249
49
484
364
314
401
-419
-1228
-836
726
1470
800
-797
-732
651
-575
-3901
-4642
-1848
-136
-711
116
2638
3866
3559
3154
3046
2333
675
-1500
-2926
-3751
-4535
-4057
-2557
-1592
-495
1726
3101
2005
1075
1389
1133
-286
-1309
-1503
-1185
63
1143
1606
2374
3186
2444
1250
556
-623
-3036
-4397
-3460
-2374
-1949
-1170
532
2196
3072
2366
1398
1274
570
-1041
-1591
-295
597
139
224
1371
1566
1107
1263
988
-711
-1657
-415
590
-333
-1017
73
1632
1152
-958
-726
882
420
-2108
-2487
-1441
-836
-247
889
2360
2674
2524
1882
1618
1072
26
-1526
-2320
-1759
-2055
-3237
-2541
-486
-240
-1064
-288
1005
1171
507
192
966
1773
2071
1147
1186
2035
1909
1274
515
-167
-821
-1106
-1310
-2343
-3052
-2381
-807
-450
-1397
-676
1379
1649
-124
-480
1100
1606
-134
-716
614
1797
1338
466
244
350
-117
-1512
-2167
-2442
-2729
-2341
-548
651
911
1233
2299
2512
2122
2178
1243
-121
-926
-693
-1005
-1574
-1865
-1411
125
1481
1056
844
2046
2508
1532
549
-52
-987
-1581
-1548
-843
-253
300
-334
-500
605
1496
881
-390
-602
-317
278
408
448
327
404
617
755
709
250
-214
-185
-40
-213
-620
-258
151
67
-495
-636
-254
-443
-982
-1222
233
1094
742
565
1346
2108
1930
1229
936
532
-415
-1225
-1897
-2850
-3654
-3113
-2076
-1129
-945
-172
929
1680
1505
586
-5
94
32
-1046
-1551
-766
245
352
813
822
758
991
393
-1127
-2167
-1907
-1843
-2400
-2274
-1729
-928
411
1631
1618
1210
2636
3400
2785
1693
1209
1350
1185
35
-1509
-1819
-1252
-2287
-3928
-3530
-2057
-1113
-846
-157
711
1626
2148
2227
1908
1652
875
243
293
-168
-1310
-1228
82
504
210
-271
-631
-747
-568
-1004
-1796
-1744
-1206
-1133
-1033
-145
1065
1719
1900
1729
1900
2554
2997
2813
2191
1749
500
-1485
-2611
-2709
-3545
-4498
-4185
-3516
-2601
-1172
51
1019
2044
3071
3772
3651
3025
2276
1781
1301
648
-51
-291
-336
-738
-1631
-2258
-2160
-2329
-2888
-2942
-1678
-773
-449
260
1532
2801
3132
2591
1799
1754
1929
1309
419
565
1795
2425
1463
-146
-1758
-2748
-3390
-4339
-4922
-4702
-3661
-2379
-1144
613
2419
3612
3925
3491
3134
2517
1968
1901
1541
468
-206
-346
-561
-1325
-2592
-3286
-3457
-2527
-2112
-2111
-1913
-1427
-368
859
1789
1818
1844
1869
2258
2462
2443
2368
2913
3475
2829
1735
734
-941
-2906
-4154
-5027
-5798
-6123
-5746
-4681
-2607
-244
1723
2847
3597
4369
4775
4169
3234
2624
2235
1571
1149
678
131
-418
-1643
-2780
-3895
-4729
-5141
-3950
-2771
-2364
-1777
-523
883
1818
2090
1375
1264
1849
2672
3018
3147
3192
3909
4719
4299
2288
-649
-3596
-5947
-7313
-7907
-7386
-6650
-5121
-2402
662
3266
4679
4440
3335
2912
2930
2498
2396
2611
2761
3495
4746
5716
5561
4205
1296
-3427
-9614
-14462
-14932
-11273
-7322
-5670
-4350
-926
4348
8361
8795
6781
5206
4412
3451
3740
5405
6162
5566
5195
6699
7432
3911
-3912
-13125
-19055
-18664
-13132
-7596
-5284
-4057
-1258
3792
9500
11372
8228
3380
1093
1801
3935
6013
5446
1566
-587
3033
8679
9699
4221
-3313
-8390
-9497
-8766
-8951
-9751
-9390
-7796
-4312
1128
5770
6108
4266
3907
4093
3728
2918
2979
3299
4255
6588
9389
11167
11016
8900
7273
5682
-3010
-18035
-25978
-17795
-4289
1559
-1085
-4591
-2722
4935
11724
10857
2636
-7570
-14605
-14981
-10527
-8968
-10853
-10737
-7660
-5735
-3677
-1348
-1928
-5173
-5289
-1491
4336
10924
19421
29177
32767
32344
32767
31773
22477
-3660
-29138
-32768
-25987
-10411
-7058
-10849
-9351
234
12809
17998
12509
-1369
-16380
-25092
-21572
-11057
-3041
-507
1772
4118
5743
6808
5899
-132
-8645
-12305
-9014
-4504
-928
3149
7349
10913
13708
14779
12947
8539
2031
-4449
-8163
-8089
-7068
-5952
-3466
381
3574
4272
3443
1176
-2256
-6759
-10396
-11520
-10973
-9679
-7513
-3785
-190
2450
4025
4478
3744
2596
2108
2333
2798
3940
5337
7891
10857
13683
16852
22404
27647
27832
22669
12279
-4272
-23832
-32767
-30235
-19464
-11402
-11230
-11273
-5401
4639
12092
11512
4200
-6511
-17067
-21736
-17699
-8116
447
5534
6632
5478
4476
4259
2144
-2240
-6321
-8123
-7100
-2641
2892
6210
7954
9906
11093
9254
5243
431
-4979
-10720
-14155
-14034
-11571
-8921
-5479
-1441
1317
2529
2824
2752
2115
872
468
2966
7306
13576
21423
29723
32767
32644
29972
21345
5829
-17896
-32250
-32767
-24793
-13017
-7388
-5021
-1703
4512
10326
10957
5126
-5596
-17519
-25296
-24663
-16945
-6034
3837
8391
7032
3112
770
-948
-3435
-6232
-8213
-8434
-6303
-1397
4760
10604
14299
13817
9776
4651
-22
-4800
-9642
-12269
-12024
-10162
-6618
-2396
1261
3196
4149
4855
4884
3724
3939
7895
14976
23894
30819
32767
31281
29565
22898
5395
-22328
-32768
-32768
-29520
-14589
-6113
-2095
2673
9046
12844
12613
8131
-1866
-15366
-26400
-27770
-19431
-5343
7288
12422
10304
5594
1356
-2852
-5991
-7962
-9989
-10396
-7675
-1489
5840
12687
15705
13925
9144
3390
-4002
-12192
-17352
-16269
-12676
-11524
-11562
-8111
-444
7973
12672
13078
10986
9660
12656
20666
29703
32767
32541
31061
28971
20989
3711
-22849
-32767
-32320
-32454
-20660
-9776
-2500
3977
9955
14451
15071
10322
894
-11699
-24007
-28712
-22289
-8826
4223
12346
13934
9489
1600
-5141
-8746
-9698
-9832
-9164
-8110
-4231
2044
9283
14630
16491
14515
8456
-99
-9760
-16861
-18566
-15855
-13801
-13150
-11366
-6843
2
9026
15304
16579
13070
10712
13875
23021
31859
32767
32767
31174
28490
23210
6813
-21197
-32768
-31884
-32768
-26191
-12397
-1997
5379
9406
11311
12246
9777
1220
-12226
-24497
-29252
-24821
-13863
564
12844
17916
14730
6983
-854
-6726
-9754
-9666
-7374
-4105
-1013
1403
4839
9486
14362
15632
10440
563
-9669
-17535
-21105
-18737
-13537
-11413
-12211
-8376
1616
10672
13891
12909
11334
10327
12356
18293
25716
29349
31061
32302
32767
32063
23623
-1056
-29113
-32768
-32198
-32768
-20418
-4407
5311
12301
16255
17867
16470
9723
-2885
-19101
-30729
-32768
-27524
-15257
-307
12574
18849
16585
8194
-2918
-11475
-14124
-11147
-5491
-842
916
1831
5043
10790
15711
16761
12236
3498
-6224
-14671
-20867
-22894
-19813
-13915
-8479
-4374
936
6705
10197
10396
10194
10609
11896
15361
21598
27192
30020
32027
32767
32767
31678
14047
-20052
-32767
-31607
-32768
-25640
-6665
5337
13311
16570
16333
15809
13345
4350
-11109
-25806
-32627
-32141
-25450
-10642
7619
20876
21916
13933
2435
-8015
-14531
-14527
-9939
-4710
-1398
884
3848
8136
12775
15880
15935
11370
3506
-4768
-11976
-18083
-21817
-20729
-15188
-8714
-3853
-499
2718
5032
5316
4906
5885
7267
10495
16329
23493
27208
30854
32767
32767
32690
32306
13768
-21930
-32768
-31789
-32768
-27257
-9457
3866
12225
16342
16499
15832
11528
1303
-15026
-29142
-32768
-32093
-25400
-10420
7952
21699
23737
17760
7196
-4191
-13746
-16704
-13108
-7551
-3879
-1995
1334
5936
10795
14179
14829
12267
7293
1955
-3600
-9115
-12732
-14065
-13259
-10787
-7597
-6546
-8930
-10775
-7969
-2118
2742
4937
6154
8318
12478
18684
26853
32336
32754
32767
32594
32767
29371
10949
-19546
-32768
-31637
-32768
-26375
-11264
432
11860
18656
18501
15906
11942
1488
-16601
-31233
-32768
-32416
-24126
-9087
6499
17937
20834
17484
8836
-1975
-12313
-16276
-15120
-11672
-7790
-2141
4644
10522
14959
18282
18485
15090
9713
4226
-1000
-6265
-9965
-11839
-11972
-12822
-14725
-14425
-9666
-4663
-3873
-5093
-4975
-3831
-3184
-833
4282
11684
20157
29122
32767
32578
32767
32638
32767
32767
28018
-462
-30056
-32768
-32260
-32768
-23017
-5046
9506
20147
21097
16911
14420
9101
-4741
-24662
-32767
-32482
-32763
-23705
-5829
13373
25309
26709
22022
12126
-1789
-14326
-19187
-17121
-12476
-5634
3469
10697
14258
16421
18696
17699
12829
6484
752
-4884
-11442
-15850
-16599
-13306
-6680
1254
4642
-382
-9836
-16788
-19957
-19871
-15346
-7405
-1645
988
4224
9779
16904
24056
30995
32767
32767
31388
31211
31794
31511
27912
18683
-6950
-31746
-32768
-32705
-32768
-25657
-11031
6491
18871
19966
17180
14026
4201
-12718
-26437
-31003
-31474
-28720
-17901
1500
18629
25922
24526
17917
6110
-7198
-15759
-16993
-15695
-12566
-5604
3956
11745
15983
18339
18417
14253
7779
1441
-5273
-13201
-17953
-16017
-10214
-3874
1757
6691
7381
3295
-2346
-7466
-13189
-18359
-21025
-20627
-20287
-17609
-9473
3009
13221
20107
24761
28487
28091
23828
18933
15916
17120
22939
31065
32767
32767
26513
7631
-22287
-32767
-32164
-32768
-32581
-28049
-11292
7788
19065
22490
26045
23934
8803
-13004
-29111
-32768
-32768
-31231
-14387
6118
17215
20504
20471
16206
5273
-4771
-9921
-11979
-14769
-14511
-8698
-634
6051
13183
18889
18474
13660
9280
5857
544
-5435
-9083
-11169
-12498
-11683
-8396
-5465
-6960
-12406
-19208
-24309
-23668
-17553
-8141
1121
9120
14382
17379
19747
22872
25079
25680
25419
24208
22528
22607
24984
27731
29572
28123
20690
9278
-7972
-29501
-32768
-32768
-30476
-20035
-14831
-6274
4592
9538
8657
9097
6901
-2316
-14345
-22216
-24193
-22107
-16720
-7871
1178
6432
7307
7147
5362
544
-3607
-3506
-784
1659
5266
10086
12767
11116
7743
4241
1103
-1911
-4149
-7030
-10872
-13879
-14547
-13288
-11785
-9695
-6747
-4641
-4130
-3408
-2399
-2721
-3084
1143
11814
22504
26097
21320
14616
13565
17749
21221
18798
11926
6356
4915
7039
10786
13624
14089
11913
9089
6122
3999
2289
-1587
-9649
-18394
-22226
-21042
-18809
-16159
-11821
-9524
-11062
-11988
-8426
-4931
-3830
-3643
-4654
-7695
-10684
-9654
-5364
-1003
2458
5088
6125
4034
-7
-3516
-5057
-4389
-2972
-1801
-1563
-1200
-783
-269
285
468
510
211
-102
-878
-2254
-2635
-624
2668
5198
6048
5864
5175
4424
4456
5597
6257
4781
2820
1963
1676
1347
1801
3332
4363
4387
4076
4158
4390
4695
3981
1362
-934
-952
149
199
480
965
592
-224
-36
780
361
-1173
-3439
-5247
-5923
-4775
-2934
-1335
293
2220
3905
3069
-849
-4379
-5427
-5667
-6302
-6702
-5767
-5005
-4515
-2759
-294
1291
1569
891
-263
-1836
-3178
-3785
-3915
-3084
-1638
-435
814
2115
2883
2333
1227
988
1045
985
851
1118
1326
1396
1675
1827
2692
3800
4383
2769
-447
-1803
-1529
-1391
-1404
465
3463
4635
3736
2650
1578
652
559
992
707
-774
-2023
-2236
-2157
-2042
-1224
-494
-1184
-1966
-2505
-3057
-2867
-2251
-1160
-699
144
836
789
191
199
1892
3795
5140
5349
4178
1822
-554
-1858
-1831
-1863
-2184
-2926
-4444
-6521
-6824
-4827
-2749
-1290
584
3126
4397
4221
3216
1777
659
348
258
-93
-593
-403
-336
-383
326
1293
2108
2051
1270
-139
-1801
-2419
-855
1286
3345
4835
5061
3579
1125
-605
-2047
-3794
-5152
-4596
-3497
-3669
-3940
-1967
1241
3450
4005
3995
3252
1564
-252
-810
-197
1164
3345
4808
5201
4202
2412
0
-2113
-3502
-4253
-3906
-2996
-3245
-4249
-3638
-1280
-231
-844
-850
-348
-1056
-2933
-2892
-1097
897
1538
1751
2519
2868
2662
2683
2516
1099
-58
-150
82
-137
-110
425
1602
2973
4189
4256
3123
1169
-1000
-2509
-3516
-3272
-2814
-2718
-3028
-2602
-1997
-1705
-1006
397
1862
2947
3838
4094
2727
158
-1176
-1428
-1472
-1225
-149
395
370
440
826
917
992
593
-199
-1095
-1236
-476
-773
-2110
-3323
-3202
-3140
-2682
-2139
-1523
-2022
-2869
-2766
-1710
-249
433
1056
1662
1949
1722
2015
2497
3115
3418
2785
1072
-237
-741
-643
-41
786
1271
518
-581
-1104
-827
-726
-681
-875
-1444
-1124
26
841
1418
2770
4539
4323
2877
1250
-26
-1042
-1171
150
1022
905
-125
-1321
-2631
-3011
-2371
-1249
-676
-719
-461
-8
-374
-1011
-531
68
556
1354
1084
-818
-2661
-2965
-2362
-1903
-1161
-757
-1258
-2338
-1717
411
2295
3421
4363
4131
2845
2367
2053
1604
362
-647
-1163
-1113
-1026
-787
-46
