-12111
-32768
-32767
25555
10683
-21072
32767
31770
31715
32767
9444
-26286
32767
-4239
-32768
-29714
-32768
-30689
-32768
-29724
686
32767
29130
32767
30112
32767
29198
7670
10332
-12819
-32768
-29048
-32768
-29781
-32768
-21883
-63
15131
32695
32603
32767
32594
32400
15415
7793
2182
-20678
-32767
-28814
-16883
-12434
-4089
10478
24451
30883
32767
32537
32767
32548
32362
17698
11318
19510
20890
12402
8701
27659
32717
32767
31639
32767
30328
32767
21735
-27073
-32768
6043
-3443
-32768
-29590
-17960
-18925
-32768
-615
30816
32767
32767
23273
20068
32767
10827
-32768
-31261
-32768
-31752
-32768
-30855
-32768
12178
4748
-5346
32767
31072
32767
32340
32693
32595
-1672
-32767
-32225
-32768
-32768
-32085
-32768
-18530
-998
-3823
21376
32767
30987
29182
30711
32767
8953
-11345
1618
8205
-8964
-8350
2534
9484
12876
14911
15879
26330
32767
29411
27112
32767
32686
32667
32767
32257
32767
31616
32767
30145
32767
14969
-32635
-32768
2438
-12511
-32768
-27160
-32768
-28325
-32767
-15829
28673
32767
31381
30549
29961
32767
15363
-32768
-19262
-23605
-32768
-32076
-32767
-31648
-24010
-32768
-17251
32767
31657
32767
32062
32767
32254
32166
12001
1623
-21988
-32768
-32200
-32768
-32768
-32145
-32768
-20358
26584
32767
32767
32731
32760
32767
31082
22447
22489
13403
-1903
-1855
71
-49
5142
9860
11731
16772
29522
32767
32767
32570
32767
32658
32716
32767
31815
32767
19977
-32768
-29028
17283
-24680
-32768
-30817
-32768
-32162
-32565
-32768
12384
32767
28704
32767
31494
32767
31913
32767
32139
15460
-27967
-32768
-32768
-32344
-32768
-31989
-32768
-4827
4438
14618
32767
31642
32767
32183
32767
32767
27706
-21871
-32768
-32137
-32767
-32479
-32768
-32551
-32768
-28341
3190
32432
32185
32767
32334
32767
32478
32767
32529
26258
6353
-11628
-15451
-9362
-12629
-9352
11825
31607
32654
32767
32634
32767
32767
32224
32767
20149
-32768
-19054
20636
-31369
-32768
-32384
-32768
-32358
-32768
-32491
14990
32767
2826
23175
32767
32716
32115
32767
30603
32767
-2417
-32768
-28337
-32098
-31525
-32768
-31192
-32768
-30273
-32768
3882
32767
30867
32767
32006
32767
32725
29684
14737
-1910
-26409
-32768
-32596
-32768
-32768
-32721
-31713
-7887
3006
4553
27905
32767
32693
32732
32767
32515
32767
24219
10835
14286
4958
-11249
-11443
5386
19759
28028
32589
32767
32627
32767
32364
32767
-12029
-32768
24059
-7286
-32768
-29664
-32768
-31697
-32768
-32768
-16527
32767
10624
11525
32767
31636
32767
32413
32767
32767
25695
-29731
-29229
-16225
-31792
-32768
-32768
-32497
-32768
-32067
-32768
9659
32767
18924
29984
32767
32606
32767
32735
25432
-15238
-22106
-24052
-32768
-32069
-32768
-32768
-28312
-4043
3133
13779
25048
29446
32767
32350
32767
32574
32767
32767
31143
19492
16861
21277
15471
13895
13207
23002
32767
32542
32767
32348
32767
20311
-32768
-6815
28485
-32767
-31349
-32768
-31307
-32768
-30282
-32768
9456
26198
-20648
24834
32741
32767
31469
32767
30462
32767
7765
-32476
-13684
-29195
-32768
-32768
-32139
-32768
-31423
-32768
-9728
22801
9243
23854
32767
31713
32767
31645
32767
19566
-4108
-24930
-32768
-32357
-32768
-32768
-31294
-15791
-16375
-8341
21707
32579
32767
32534
32767
32540
32767
32566
32767
26309
15312
7861
9298
13744
5923
9368
25419
31005
32218
32767
32512
32590
32767
9820
-32767
6251
13678
-32768
-29053
-32768
-30440
-32768
-30197
-32768
16552
17659
2549
32767
30190
32767
30703
32767
30354
32767
-3213
-32768
-31258
-32768
-31748
-32768
-31656
-32768
-31015
-32768
-1421
32767
31861
32767
32535
32746
32767
29385
16173
-11732
-27712
-30863
-32768
-32388
-32768
-32767
-26231
148
7218
15350
32269
32553
32767
32495
32767
32517
32119
19436
12398
8766
-1035
-1505
6030
3980
8492
25109
32767
32100
32767
32478
32767
32767
31767
32767
15496
-32768
-24885
7093
-30659
-32768
-32252
-32768
-32768
-32161
-32768
14405
32767
23193
32742
31791
32767
31542
32767
31152
32767
-16181
-32768
-31536
-32768
-32525
-32731
-32768
-32074
-32768
-22227
25512
32767
31600
32767
31248
32767
22307
-3439
-3913
-25021
-32768
-31415
-32768
-31472
-32767
-24310
5832
26095
32142
32767
32420
32767
32577
32767
32492
18311
-247
-10298
-11829
-12788
-23272
-14688
4533
15575
13035
26428
32767
32767
32472
32767
32186
32767
31977
32767
31852
32767
31038
-15874
-32768
-23494
-8445
-31631
-32768
-30337
-32767
-28977
-32768
-2547
32767
32568
32246
32767
31187
32767
16159
-3316
-668
-26819
-32768
-32768
-31965
-32767
-30663
-32768
-6586
32767
31586
32767
32767
31826
32767
15810
9184
26320
-20216
-32768
-31370
-32768
-31435
-32768
-19360
525
21498
32304
32767
32654
32767
32767
32535
32767
21745
-4915
-11727
-17271
-19045
-22113
-20529
-4962
6491
8963
22228
32767
31923
32767
32068
32767
31116
21939
19304
31275
16807
2103
16748
32767
31375
32767
30928
-15574
-32768
-21787
-11193
-32767
-32768
-29464
-26545
-32767
-12953
27989
31807
32767
30375
26681
32767
27508
-27089
-31391
-26711
-32767
-32768
-32025
-32768
-12878
3486
-5043
28208
32767
32767
32174
32767
19608
-4167
-8276
-27754
-32768
-32700
-30960
-32768
-16171
-1331
1814
27823
32767
32484
32767
32767
29703
22064
17817
2566
-2455
-7194
-11536
-9453
-5367
-1711
946
11316
20983
28213
29986
26174
28252
32767
31817
31765
19339
26095
31179
32767
19315
29187
32706
32767
31914
-14166
-32768
-25821
-2475
-28661
-32768
-23665
5314
-30535
-20475
30727
31284
32767
30907
3594
22834
32767
-23111
-32768
-32768
-31643
-32768
-30634
-32767
-2699
32767
30185
31580
32571
32767
31214
20117
19003
-9702
-32768
-32204
-32768
-32768
-30710
-17171
-29231
8657
32767
30357
32767
31215
32767
17983
12337
9095
-12794
-8796
-6515
-17846
-13791
6424
7628
14568
27761
32767
32080
32767
32235
32767
32521
32767
32767
32168
32767
31093
32767
28808
32767
6026
-32768
-32768
14981
-5501
-32768
-29669
16221
32767
22135
32767
31894
32355
32767
2730
-32768
32767
-940
-32768
-31500
-32768
-32768
-29005
-32768
-18122
32767
31070
32767
32330
32493
32767
14884
-28732
-32334
-32768
-32463
-32768
-32768
-29554
624
-450
11056
32767
31232
32718
30006
32767
-3605
-11636
-3433
-24671
-32768
-10187
-5910
-13378
8647
23486
14289
30101
32705
32767
32418
32767
32560
32767
32767
30513
31028
32502
32767
31340
32767
29058
32767
2287
-32768
-32768
18263
2746
-32768
-27335
16957
32767
28598
32767
29960
32767
32767
5367
-32768
-8216
-2148
-32768
-31344
-32768
-29695
25282
31055
242
30994
32767
32636
31889
29280
32767
-11985
-32768
-31426
-32768
-32767
-31688
-32768
-19881
32750
32087
32767
32248
32767
23987
-23623
-32767
-32491
-32768
-32467
-32768
-4680
26999
31937
32767
31279
31883
32767
26631
3838
6849
26472
15693
7705
19135
32767
30294
32767
30028
32767
29689
32767
29416
32767
28059
-18762
-32768
-22158
19042
-19580
-32768
-11841
31505
32767
30697
32767
31165
32767
32276
-18283
-32768
-30202
-32768
-32497
-31568
-32768
-2764
32767
29996
32767
32553
31823
32767
16133
-28424
-32768
-31898
-32768
-30679
-32768
-23298
-2575
-2378
27210
32767
30528
32767
30087
21417
-1289
-30021
-32768
-30893
-32768
-21665
-32768
5814
32767
30493
32767
26080
24691
32767
10463
-32299
-25846
12837
30812
-6054
-3694
27281
32767
30315
32767
30218
32767
30167
32767
30245
32767
28325
-24066
-32768
-32767
5842
-13456
-32768
-18981
26390
32767
29820
32767
31572
32594
32767
-7295
-32768
-29535
-32767
-32607
-31216
-32768
203
32767
30650
32767
32767
30407
32767
8573
-32768
-31643
-32767
-32768
-31292
-32768
-24774
28187
32767
30876
32767
30717
32767
27088
-16556
-32768
-28815
-32767
-28381
-32768
-7043
11982
13969
32764
32767
32078
32611
9581
8580
20555
-1490
-32131
-4480
28980
10522
-14970
5225
27257
32767
32502
32706
32767
31958
32767
23839
32767
28492
32767
-12082
-32768
-32768
-16768
9178
-32767
-32767
4050
32767
31075
32765
32767
30321
32767
20143
-30473
-32768
-30167
-32768
-29114
-32768
-21348
28608
32767
30460
32767
30804
32767
29768
-21781
-32768
-30827
-32768
-32746
-31450
-32768
-3862
32767
30000
32767
32425
31995
32767
1917
-32768
-31505
-32768
-32768
-29824
-31906
-27157
26922
32767
32185
32767
32767
28837
19407
15691
-24466
-26132
11779
8988
-32768
-16645
11481
7876
10330
30329
31258
32767
30990
32767
30771
32767
30462
32767
29670
32767
16150
-32768
-29934
-32768
12217
-1368
-32768
-16269
27338
32767
29603
32767
30792
32767
32767
-11270
-32768
-28281
-32768
-30368
-32768
-31808
16106
32767
29987
32767
32113
32227
32767
-11237
-32768
-30102
-32767
-32304
-32133
-32768
-14033
32767
31114
32767
32192
32767
29887
-10385
-32768
-32665
-32346
-32768
-31241
-32768
11046
32767
31148
32767
32260
32767
32155
18225
-8687
-7703
5244
-17056
-32768
-18380
-2843
-7347
4607
27116
32767
32746
32570
32767
32167
32767
31705
32767
30922
32767
29570
32767
24900
17277
-7886
-31386
-32768
-16930
14805
-32768
-32768
7275
32767
29082
32767
20801
6679
32767
14685
-31729
-32767
-30661
-32768
-29697
-32768
-16254
27124
32767
30070
32767
29235
32767
12985
-31681
-32768
-32096
-32768
-31842
-32767
-26076
19597
32767
31281
32767
28071
1195
3112
-8698
-32768
-31030
-27582
-25375
-8417
32409
18741
14667
31038
32767
10825
2201
3771
-10046
-1915
3056
-14381
-8676
21188
17754
8655
28346
32767
32397
32767
30471
19973
24673
24837
-854
12755
32767
21655
-10978
22384
32362
32767
18939
32767
22293
-28484
-32768
-25019
3231
-29153
-32768
-10940
32767
30398
32767
22665
5124
32767
28385
-21462
-32767
-28846
-32768
-32462
-32090
-32768
-281
32767
31408
22372
23203
32767
26138
-7432
-27673
-32477
-29742
-22284
-31803
-32768
-26387
-4435
-1824
5802
14636
23871
32767
22041
3013
354
6717
-751
-9503
-15501
-14988
-3767
10122
1563
-4228
12650
32767
26743
19597
23369
27767
29077
22256
1285
-6041
1144
6103
-5137
-9902
6617
25043
22817
25885
32767
31657
32767
28576
22570
11052
22159
12123
-1238
5560
32767
-4930
-31971
-32768
-19906
13326
-30424
-32768
-8419
32767
30115
32767
14687
8636
32767
21554
-24896
-32768
-7764
-24097
-32768
-32767
-22775
13050
32767
26789
16161
28452
32767
17609
-9093
-8709
-20562
-32768
-32277
-32767
-29896
-1348
-6395
-13987
24128
32767
19833
9318
16085
12664
12322
407
-24582
-13663
13421
-3137
-19916
13696
31955
20881
14745
22698
20658
19984
10780
-4779
843
16431
8682
5234
14868
20921
32385
31154
31967
29833
32767
21814
16703
29183
32767
27917
32767
15864
-26750
-32768
-7375
11120
-32767
-32768
1119
32767
29453
32767
27153
25740
32767
26349
-27079
-32768
-10475
-29288
-32768
-31144
-32767
-5787
32767
30437
32252
32269
32767
32767
14685
-3650
-19653
-32768
-31798
-32768
-32768
-28476
-9176
-23577
-6992
30315
32767
20720
13366
32767
8195
-19486
-12541
-4950
-20187
-18309
-5942
3960
18749
29064
19264
19469
32767
28294
9257
9855
23828
15269
9306
11379
26741
31109
32767
30789
32767
30366
32767
29820
32767
27086
-19682
-32768
-10973
27465
-24836
-32768
-8479
32767
32060
32554
32767
31623
32767
31027
-15440
-32768
20047
-4771
-32768
-29591
-32768
-16730
32767
11470
1090
32767
31334
32767
29347
26108
32767
-1383
-32768
-31855
-32768
-32767
-31940
-32767
-25576
25783
32767
30934
32767
30318
32767
10272
-31690
-32768
-32523
-32768
-32019
-32768
-14408
20272
32767
32355
32767
32027
32767
21731
12818
19551
3034
-14977
-9057
5443
19748
24466
30863
31699
32767
30427
32767
28238
32767
7832
-31845
-32768
7102
7449
-32767
-30336
121
32767
-68
9467
32767
31923
32767
25090
-32767
-13371
32767
-20628
-32768
-32280
-31680
-16835
-28168
-32767
18306
32767
32215
32361
32767
30312
32767
-6861
-32768
-31016
-32767
-32768
-31218
-32767
-15445
32767
31843
32767
32767
32276
32767
27800
-12761
-22108
-28318
-32768
-31031
-32768
-31143
-32768
-21988
19521
32767
31220
32767
31893
32767
32767
19734
-14182
-14395
-3878
-12596
-19088
7502
24369
30147
32510
32767
32152
32767
31599
32767
-10513
-32768
-30513
-32767
-31303
-32767
-32148
-27954
22252
-27399
-12570
32767
30940
32767
32471
32015
27437
21712
-26511
-32768
-32419
-32768
-32698
-32768
-30537
19304
32767
31369
32767
32445
32454
32767
14980
-28014
-25407
-32517
-32060
-32768
-32155
-32723
-27691
-32768
-6839
31587
32548
32767
32757
32521
32767
22314
-16638
-26353
-28977
-32768
-32391
-32768
-32210
-20124
-7482
-57
23570
32767
32767
27444
23164
32767
26179
-1614
-5718
13695
8499
-7868
3879
26872
32767
32767
32657
32767
32515
32767
31679
11339
-24591
-32768
-32697
-32574
-32768
-32300
-32768
-22070
-32767
-26191
28922
32767
32767
32412
32767
31462
32767
1121
-32768
-28410
-26640
-32065
-32768
-32611
-13102
-5915
-32768
770
32767
32767
28994
24482
32210
32767
21165
-12825
-7766
1288
-22587
-32767
-32768
-31301
-31063
-32454
-32767
-11576
11878
32767
17301
9640
31594
32767
1792
-22552
25620
5856
-32768
-27906
-2245
-8168
-23798
-9841
8002
27870
32767
26496
27971
32767
31902
32767
32117
32767
32146
32767
31932
32767
21423
-1215
-27584
-32768
-31964
-32768
-31995
-32768
-30047
-23870
-32768
-29235
24187
32767
31424
32767
32028
32767
32767
25090
9131
15611
-5240
-32583
-32768
-32502
-32768
-31920
-32768
-17374
14205
3946
8352
27576
32767
29666
18220
28340
32767
21903
-5145
-2501
11769
-16416
-32768
-32532
-31975
-26535
-32574
-32768
-23447
26552
6094
-18965
22274
32767
25166
8930
29884
31825
3845
-2439
12615
746
-14073
-4899
7159
9019
11754
19553
31292
32732
32767
32413
32767
32044
32767
27110
3041
-9960
-32045
-32547
-32768
-32405
-32768
-32164
-32768
-31402
-32768
-10724
9419
-4368
24631
32767
32633
32767
32767
32704
32767
30613
11659
7976
4996
-16059
-32101
-32674
-32768
-32724
-32716
-32768
-28281
-21049
-16626
-6141
7330
13951
15041
24034
32767
28621
13220
1116
14240
14726
-18483
-32768
-8239
-1637
-31119
-32708
5879
6361
-25449
7013
32767
17542
11317
31262
32767
13473
4652
15873
14325
4444
-327
4158
16574
24380
18012
21806
32767
32287
32767
32263
32767
16214
-9175
-5083
-12144
-31972
-32732
-32768
-32768
-32674
-32768
-32573
-32768
-31711
-32018
-30299
-5522
9770
11874
18205
26868
32767
32514
30350
30453
32298
21614
11643
16789
15687
-1130
-7481
-6613
-10803
-23425
-32768
-30175
-26448
-29432
-32768
-26976
-10911
-9890
-13360
-3133
11255
8813
1204
16036
22342
11193
10979
21621
20575
8852
8313
11405
5519
3949
4352
1641
-3347
-1207
7033
6089
-79
761
10906
17568
12113
10481
15433
17584
17574
16853
16921
15374
18208
24366
23737
23091
27439
21894
7515
-8684
-11691
-19095
-32130
-32768
-32436
-32768
-32100
-32768
-27926
-15908
-30099
-30710
-2875
7037
-7856
-7843
10311
20455
15721
12146
20622
29600
28030
22715
24321
21187
9972
609
672
-3674
-15550
-22135
-21086
-14975
-12434
-17102
-13753
-1858
-1571
-12715
-9718
-1715
-9499
-9087
2869
545
-5169
5401
19567
15653
9397
20466
22250
10440
5130
8041
10053
5374
1390
2491
6066
8873
6605
6278
6110
1020
1923
2514
-2428
-5181
-2825
355
1095
6762
10904
11866
16681
20292
19629
21400
20390
13828
11611
12767
243
-10069
1852
-2544
-28722
-32384
-19809
-27044
-32768
-32099
-32768
-32048
-32767
-30853
-12120
-1718
-1650
9023
21744
24365
17629
18774
26417
26631
18149
15906
20326
18513
11173
6655
1763
-5145
-10422
-11874
-15204
-21627
-21824
-18795
-17288
-15287
-7713
-137
980
246
2274
7967
10516
6487
4719
6218
11821
16128
10115
6329
11399
16235
12669
5440
2900
2684
3410
1585
-6524
-8579
840
6397
348
-6388
-3662
233
-685
-4543
-5505
-1622
2522
6722
7283
9015
16380
20470
16451
12142
13952
13737
4715
-2101
-4031
-3779
