4207
3361
1478
-880
-3987
-8445
-12943
-15962
-15122
-12937
-9952
-5751
-686
3558
5553
5065
3239
808
-1380
-2509
-2109
-521
1967
3743
3665
3901
3385
1286
-1619
-3012
-1695
1586
4714
6749
7443
7434
7656
7718
7738
7375
7338
8582
8122
5290
1484
-3307
-9058
-14768
-19717
-22389
-20280
-15440
-9705
-4036
523
3726
6016
6429
5436
4345
4556
5453
5394
4610
3552
2097
1075
-675
-3455
-5699
-8003
-9639
-9494
-7243
-4478
-814
1540
2601
4412
6537
7716
7620
6147
4823
5487
7308
7263
4803
2830
2361
2638
1526
146
-703
-1100
-623
884
135
-2698
-4313
-4316
-5124
-7653
-10138
-11530
-9972
-6766
-4218
-2816
-2114
-992
1336
3638
4094
2782
702
272
2347
4398
5019
5574
6788
6862
5911
5628
5230
4667
5149
5667
6432
8063
9004
8262
5364
852
-4541
-11018
-16141
-19856
-21951
-21356
-18540
-14263
-8540
-1882
2888
5242
5739
5284
4291
3896
3887
4375
5656
6578
6014
5181
3612
223
-3034
-5650
-6705
-6235
-5204
-3083
-53
2781
4959
6549
7765
7415
6117
5096
4406
4862
5986
6778
7565
9298
10327
8574
4344
-1127
-5488
-8370
-11456
-15204
-17372
-16463
-13599
-11514
-9410
-6283
-4111
-2535
-1053
-282
186
1819
3573
6119
8342
8845
7078
4509
2717
1273
105
-1090
-1046
332
2852
5431
8137
9647
10342
10425
10108
9421
9264
9497
7955
4521
-87
-5533
-11735
-16538
-20134
-22384
-22225
-18648
-12904
-7305
-3255
131
2977
5144
6371
6266
5322
4178
3896
3622
2994
2142
365
-1902
-3851
-5307
-5553
-4013
-1384
907
3600
5494
6533
7032
6288
5452
5662
7063
8339
9689
10878
11435
11375
10417
7699
2416
-3223
-8082
-12555
-16171
-18386
-18680
-17472
-15544
-13258
-10195
-6454
-3435
-837
1312
2191
3185
4382
4955
5912
6308
4805
2833
1251
-497
-2329
-3050
-3319
-2857
-1414
929
3717
5798
6266
5613
5998
7261
8438
9332
9866
10636
11803
12342
11578
7919
2140
-4716
-11276
-16266
-19071
-20034
-19943
-18236
-15863
-12598
-7752
-3925
-2176
-964
253
2750
6805
10714
11244
9069
5695
1655
-2224
-5274
-6734
-6262
-3928
-1084
1997
4524
5851
6282
6005
5050
4652
6155
9186
11667
12823
13308
13151
11872
9853
7074
2722
-2348
-7854
-13908
-19520
-22864
-23279
-20911
-16773
-12071
-7013
-2601
597
2530
3103
3926
5695
7007
7010
6400
5820
4422
1056
-3936
-7333
-7588
-6048
-3863
-1166
1382
3913
6472
8100
9070
9913
10884
12180
13019
12866
11784
10381
9530
9631
10334
8001
2050
-5634
-13827
-20981
-25067
-26491
-25477
-21331
-15504
-9417
-3889
-491
654
2594
4870
6627
8324
8970
8414
7168
3992
135
-3522
-6247
-6297
-4713
-3811
-2792
-241
1740
3388
5588
6963
8230
11686
14934
15308
13665
11388
10237
10350
10530
10528
8398
3511
-3204
-11803
-20437
-26547
-28935
-27856
-24183
-18517
-12631
-6916
-1840
1844
4689
6785
8414
9625
9699
7548
4626
769
-2846
-4709
-5433
-5444
-4777
-3693
-2676
-1356
98
2203
5233
9036
12469
14669
15566
14929
13124
11915
11335
11392
12493
13400
11621
5509
-3335
-13368
-22407
-26627
-26697
-24775
-21758
-18577
-15771
-13163
-9398
-5336
363
7725
12914
14751
13378
9288
4182
-411
-3560
-4642
-3985
-3540
-3681
-3751
-3289
-1910
702
4329
7817
10684
11639
11522
11168
11181
12239
13928
15056
14937
14249
12542
10185
4848
-3335
-11487
-19543
-25123
-25812
-24305
-22601
-19772
-16515
-13476
-8991
-3261
2490
8168
11849
12338
10177
6536
3138
1043
-402
-1654
-3359
-5832
-8480
-9256
-7241
-2602
3106
7322
9540
10893
11428
11729
12775
13446
13820
14327
14546
12498
10747
10470
12200
12013
4737
-7205
-19865
-28242
-30253
-27755
-24347
-21366
-18980
-16936
-12590
-4292
4622
12572
16272
14033
8037
2571
496
1188
2539
1118
-2966
-7803
-10369
-9233
-5042
433
5105
7219
7469
7013
7651
10580
14809
17670
16942
13161
10018
8631
10639
14866
18686
16297
3399
-12786
-25582
-29697
-26095
-21236
-20524
-22282
-24030
-22423
-13577
-435
10061
15312
13904
7939
4697
5633
7363
8177
4083
-5069
-12732
-14923
-11517
-4582
1836
3319
2586
1389
3357
8904
14992
17156
16133
13245
10933
11595
14186
15714
14745
12771
10593
10135
3469
-7535
-17892
-24229
-25918
-24097
-24150
-26298
-25192
-21822
-14686
-3671
5338
10665
13806
12825
10519
9501
7856
3571
-1435
-8140
-12961
-12516
-8210
-4021
-458
334
897
4368
8095
10961
12478
11921
10309
11707
12469
12706
12774
13505
13378
14843
15255
14337
9556
-4541
-17168
-23684
-24244
-22410
-22653
-27457
-29184
-23872
-15416
-5412
3099
5226
6132
8789
10383
12716
12150
5797
-1520
-6148
-9302
-8946
-7870
-8858
-8277
-4200
292
6205
10142
10751
11048
12982
14386
14875
14374
11774
11368
13040
14977
14957
14855
12935
13235
5044
-10063
-19107
-22038
-21715
-23220
-28601
-32768
-28033
-18450
-10735
-3864
1739
5291
11669
14275
12632
11113
7469
1491
-1579
-4324
-8068
-8761
-8362
-7660
-4785
-622
2066
6781
9591
11275
13137
14607
14100
14196
12595
10903
12170
14323
14077
14816
15486
15173
14703
-1100
-15297
-20084
-21329
-24200
-29931
-32768
-30124
-18064
-11711
-9471
-2630
4924
12279
15488
9145
6185
7524
5223
230
-3900
-8709
-8749
-6584
-9076
-9646
-5072
337
5363
8916
7845
10333
14617
16152
15096
14595
12446
13709
15551
13700
11765
14670
14733
15113
7030
-14151
-19204
-15863
-17867
-29521
-32768
-32713
-22795
-13586
-18751
-14085
1236
11940
12434
9386
6516
13934
14300
3738
-4272
-3001
-3266
-5930
-10806
-13472
-6113
-255
-1182
-302
6724
11617
16134
14448
13628
17291
19639
12508
11998
14711
15256
14877
10633
10204
14281
4185
-17152
-16550
-16743
-22771
-30548
-32768
-30703
-18539
-16396
-21174
-5540
6542
9457
9067
7863
11495
16026
5678
-2334
1595
1886
-3870
-8760
-10499
-6528
-2247
-5865
-5712
3527
7629
8574
10659
12950
17212
18197
15781
15844
20375
18587
15602
14990
14699
13978
10390
-4834
-16400
-9164
-15595
-26987
-30926
-32768
-24220
-21371
-26872
-21225
-5751
1047
-587
5799
9830
14875
15220
5916
10047
11312
3342
52
-1605
-674
-256
-3849
-4693
924
4246
1518
2431
3475
3322
3376
2105
2798
6845
7488
5417
7477
8278
7514
7289
6357
5517
5194
2245
-798
-2210
-4467
-6940
-8422
-9905
-10395
-9758
-9642
-8884
-7332
-6547
-6210
-6445
-7030
-6097
-4815
-3724
-2674
-2045
-1353
220
1538
2462
2638
2828
3574
4137
4429
5123
6690
7835
8518
8408
7926
7925
7734
7280
6958
6498
6047
5772
4808
3396
1525
-664
-1727
-3065
-4850
-6271
-7660
-9006
-9972
-10572
-10437
-9190
-8107
-6901
-5707
-5278
-4761
-4284
-3868
-3734
-3739
-3123
-1878
-60
1462
2641
3563
4475
4924
5347
5493
5577
5966
6316
6811
7375
8296
8487
8444
7509
6329
5457
4572
3510
2461
1548
21
-388
-849
-1680
-2635
-3978
-5798
-7253
-8127
-9201
-8532
-8463
-8919
-8388
-7268
-6657
-6584
-6460
-6274
-5107
-4445
-4067
-3259
-1887
-34
2245
2985
3628
5212
5850
6258
6320
6248
7090
8318
8793
8743
8054
6318
5405
5363
4303
2829
1499
931
1302
1625
763
471
126
-534
-1095
-1505
-1692
-2590
-4105
-5819
-6175
-6421
-7474
-8623
-8689
-8200
-7476
-7415
-7170
-5884
-4685
-4166
-3662
-1875
288
2368
3571
4687
6812
8330
8368
8211
7779
6837
6375
5682
4616
4608
3669
1926
1148
684
-79
-667
-1055
-786
355
1260
2103
2875
3761
4229
3569
1700
-117
-1602
-3102
-4786
-6675
-8192
-9157
-9361
-9127
-8566
-7899
-7674
-7094
-5612
-3886
-2487
-1111
619
2923
5019
6110
6602
7181
7982
7553
6668
5440
4089
3436
2721
1728
894
383
151
134
-19
-27
-3
374
1413
2662
3405
3806
4044
4038
3957
2975
850
-1086
-2975
-4566
-5791
-7031
-7591
-7304
-6927
-7076
-7265
-7177
-6630
-5764
-4160
-2969
-1717
-179
1294
3215
4677
5407
5328
5077
4155
2894
1962
1386
1640
1661
1281
1055
853
985
1427
1941
2120
2299
2657
2613
2625
2562
2805
3279
2749
1875
879
-37
-938
-2045
-3052
-4279
-5244
-5999
-6719
-6871
-6866
-6507
-5572
-4705
-3997
-3216
-2076
-782
365
1125
1417
1953
2486
2512
2348
2339
2454
2232
1899
1421
1364
1461
1474
1494
1608
2014
2743
3279
3257
3293
2860
2765
2506
1640
919
771
1060
1080
725
88
-544
-1192
-2048
-3226
-3978
-4757
-5118
-4926
-4701
-4073
-3470
-2734
-1846
-1480
-1322
-1002
-511
-113
-327
-144
119
756
837
681
1097
1447
1684
2035
2672
2985
4130
5155
5143
4709
4158
3281
2708
1868
902
424
233
264
-24
-125
-485
-1259
-1588
-1874
-2188
-2745
-3438
-3098
-2376
-1631
-1778
-1946
-1274
-651
-457
-740
-940
-1150
-1380
-1787
-2156
-2243
-1727
-1441
-1299
-804
-64
851
1623
2489
2701
2797
2946
2931
3249
3354
3128
2976
2664
2285
1610
957
88
-285
-415
-653
-265
-28
319
343
170
-214
-382
-771
-1078
-1212
-951
-563
-740
-1028
-1454
-1647
-2386
-3147
-3745
-4018
-3925
-3390
-2886
-2272
-1613
-1066
2
953
1696
2041
2454
2322
2121
2186
2161
2067
1760
1339
651
441
648
685
375
-86
-302
-3
152
60
73
461
1262
1886
1868
1714
1502
1249
899
320
-10
-314
-805
-1688
-2579
-3386
-4005
-4410
-4379
-4321
-3925
-2965
-1854
-600
28
337
809
1309
1307
1113
1023
1587
2219
2073
1430
1128
1402
1242
695
204
151
104
345
343
451
1132
1607
2017
1999
2276
2304
2131
2004
1647
1276
279
-564
-1369
-2102
-2554
-3312
-3769
-3627
-3346
-3611
-3568
-3028
-2287
-1518
-1374
-1079
-6917
-13028
-6583
3786
8441
6363
3487
5608
9592
10036
6650
3521
2645
2516
-966
-3870
-977
281
-821
23
13
195
1205
1456
60
1124
3206
1209
1448
1674
501
536
-1201
-2050
-1703
-3249
-3767
-3038
-3497
-3259
-2874
-2416
-1294
-518
-1244
-487
720
948
751
-175
252
798
643
-253
-326
903
1944
1143
160
-161
345
756
564
941
965
995
1713
2585
2258
2002
1457
1291
923
186
-377
-1006
-1409
-2272
-2241
-2455
-2872
-2948
-2740
-2458
-1916
-1269
-603
-24
245
776
1105
1101
702
451
279
313
40
77
495
565
237
-319
-629
-669
-473
-203
11
-52
230
851
1491
1993
2319
2580
2681
2560
2230
1651
987
539
118
-383
-1091
-1696
-2075
-2391
-2758
-3188
-2804
-1974
-1543
-1486
-754
162
816
1187
1205
1168
1109
938
396
279
312
102
-384
-874
-1162
-854
-440
-147
-262
-602
-438
-148
450
1326
2003
2008
2033
2523
2385
1580
1159
907
301
-575
-1033
-1415
-1626
-1534
-1372
-1181
-1197
-918
-880
-1055
-1223
-970
-700
-115
454
682
735
350
343
156
141
-264
-1067
-1592
-1180
-804
-586
-427
-514
-161
-17
234
729
1123
772
616
670
1062
1730
1940
1870
1415
1048
700
-32
-651
-1167
-1610
-1604
-1398
-1057
-835
-720
-617
-347
-372
-90
693
806
716
538
529
438
511
631
218
-471
-598
-693
-1178
-1142
-864
-561
-222
273
505
783
1159
1345
1052
781
930
1177
1178
1018
726
560
548
288
-236
-779
-1084
-1312
-1146
-894
-662
-406
16
249
556
548
394
537
569
502
164
88
-84
-172
-313
-356
-439
-790
-853
-1029
-871
-727
-455
-358
-32
630
1064
1427
1446
1763
1940
1950
1800
1306
596
-56
-478
-510
-383
-246
-177
-351
-785
-1054
-1079
-936
-703
-623
-501
-41
798
1542
1753
1042
155
-332
-423
-751
-1081
-1248
-1041
-749
-886
-806
-769
-828
-691
-775
-588
-153
-76
-43
348
1082
1513
1612
1171
860
606
-33
-568
-821
-1002
-1152
-1242
-1363
-1164
-565
-349
-402
-394
-427
-232
51
769
1468
1684
1768
1810
1518
1123
676
180
-275
-722
-930
-1105
-1294
-1271
-952
-920
-845
-678
-443
-246
-50
244
641
1136
1114
971
780
529
299
31
-551
-797
-1015
-899
-586
-461
-343
-308
-104
193
353
395
634
987
1237
999
863
505
589
579
476
47
-183
-514
-816
-536
-1012
-1304
-1275
-1020
-1011
-842
-482
166
579
481
107
613
890
153
-137
-206
51
-42
-300
-216
-124
-30
-326
-768
-907
-779
-417
-443
150
440
1046
1457
1460
1761
1001
931
1133
1228
616
-165
85
491
395
-594
-1262
-858
-553
-1418
-2129
-1547
-784
-574
-833
-529
138
677
713
406
612
387
154
-174
-212
-168
-285
-470
-717
-610
-745
-458
-577
-439
148
774
1066
749
1411
1801
1895
1814
1239
1344
930
-249
-208
767
943
-229
-1597
-1332
-58
-279
-2146
-2581
-423
548
-614
-1258
-857
609
480
-500
-313
406
1066
161
-427
-148
167
-98
-436
-404
36
361
5
-374
34
1135
1318
785
722
1888
2346
1529
334
125
900
1016
-459
-2034
-1671
-860
-1359
-2929
-2987
-1817
-1652
-3070
-3436
-1632
-683
-1249
-1064
137
1451
1276
669
1554
2421
1765
837
1571
2590
2397
1110
1244
2195
1940
334
165
1696
2073
744
971
2534
1926
155
-474
683
378
-2225
-3084
-2071
-3387
-5264
-5342
-4746
-5741
-6513
-5665
-4321
-4302
-4239
-2571
-961
-425
98
1925
2791
3682
5001
5929
6594
6627
6512
7460
7490
7255
6901
6696
6625
6914
6522
5914
6287
4996
2464
831
-2045
-5570
-7795
-11406
-14708
-16689
-17737
-20652
-19473
-17346
-17089
-14011
-9426
-7534
-3036
2026
4796
7821
12271
13446
15210
17761
16822
16564
16516
15124
12821
13190
9483
10441
9093
9820
8979
11745
-3148
-501
7872
-15580
-11697
-5529
-24499
-25225
-12241
-30175
-26054
-8441
-20928
-19392
2530
-9231
-7040
11388
1153
1632
16444
7661
5385
16366
5416
4615
8030
984
-660
3144
-3558
-354
1023
-1246
4040
6065
4890
12002
13690
13119
20983
18513
19669
10766
14168
11108
-4371
-536
-6667
-21347
-16993
-19496
-32768
-22797
-19828
-30343
-18099
-10230
-19586
-4868
1991
-4972
5302
12548
5903
11424
16383
7268
9573
11550
3962
3198
5755
-601
-631
2231
-99
538
4791
5970
5500
13009
13619
14963
17741
22210
8433
11758
18309
-7222
593
233
-22952
-15502
-14716
-32768
-23030
-18690
-32765
-19953
-9934
-22787
-6710
1351
-6113
5241
9748
6101
11235
14757
9432
9408
10672
6954
2458
4809
677
-2044
-20
212
-3486
3046
3922
3233
9319
12814
11315
19161
18542
20427
15422
10349
18578
-2130
447
-73
-20381
-14963
-16084
-32768
-22920
-21189
-31805
-19747
-13520
-21548
-7543
-757
-6047
6021
7924
6820
13451
13353
10783
12198
10133
8919
4190
4855
1115
-1295
-732
-1267
-3167
1059
1622
2968
6778
9954
10719
16013
17378
18879
20387
7313
20062
5393
-2424
5903
-15268
-15271
-12154
-29910
-24561
-20369
-29501
-22736
-16081
-20016
-13288
-3748
-6828
998
6631
4203
9251
14253
8728
12296
11695
7289
7802
5094
2509
1141
939
-2764
-1603
-885
-399
1289
5206
4808
10072
12624
14831
17844
20831
17556
