32767
25811
6801
7984
7397
9311
7260
-2519
14679
31969
32580
32767
32092
32767
30905
32767
-6436
-32768
-29796
-32767
-31121
-32767
-31610
-32768
-28465
18392
32767
30128
32767
30191
32767
20707
4868
-23174
-32768
-31726
-32768
-32273
-32768
-28423
-6788
26238
32767
31913
32767
29977
20276
31101
10062
-4818
-11109
-14900
1216
16598
27902
32767
32477
32767
32244
32767
31563
32767
20382
-31291
-32346
-32767
-32270
-32768
-31928
-32768
-22475
19679
31745
32767
31841
32767
29286
17417
-12447
-32767
-31506
-32768
-31810
-32768
-27287
10878
25077
32485
32767
32767
32343
32767
22084
-19475
-24126
-30770
-32719
-23219
-14397
8183
29689
32767
32767
32649
32767
32513
32767
32022
32767
9893
-32768
-30777
-32767
-30367
-32768
-24757
-19956
-12430
32767
31083
32767
31070
32767
21552
-29827
-32768
-32768
-32768
-32703
-32768
-32739
-30469
21785
32767
31810
32767
32767
27346
3271
-2172
-26101
-32768
-31745
-32768
-22819
13810
32767
31729
32767
31857
32767
31787
32767
31506
32767
18329
-7393
-28860
-32768
-32440
-32768
-32287
-32768
6372
16984
29097
32767
31297
32767
31240
32767
-12469
-32768
-30284
-32768
-30610
-32768
-25349
-23593
-1408
32345
32568
32682
32767
25823
-17679
-32768
-32233
-32768
-32688
-32739
-31440
-2382
31197
32629
32767
32745
32691
32767
32499
32767
32198
32767
24902
612
-23273
-32768
-31456
-32768
-30656
-32768
3244
15895
20896
32767
29813
32767
30155
32767
-3959
-32768
-30727
-32768
-30789
-32768
-18746
-9600
-9532
24065
32648
32767
32220
32767
-1453
-32768
-31612
-32768
-31541
-23842
-15883
-6347
17866
32767
32767
32597
32767
32478
32767
32405
32767
32373
32767
32745
19112
-24982
-32648
-32768
-30975
-32768
-21174
20530
12946
31743
30560
31176
32767
31345
32767
-17026
-32768
-31826
-32768
-32768
-29793
7107
4673
7548
19410
25753
32767
30077
32767
-2469
-32768
-32222
-32767
-32316
-20713
93
15033
26427
32767
32767
32590
32767
32380
32767
32196
32767
32025
32767
32098
23816
-16445
-32768
-32768
-31910
-32768
-25074
25546
28613
32767
27411
25540
32767
30006
32767
-5934
-32768
-31716
-32767
-31877
-32768
9082
31099
30741
32767
16792
28266
32767
32488
17565
-17411
-32768
-32767
-32166
-32343
650
31698
32754
32669
32767
32489
32767
32411
32767
32386
32767
28957
27370
32745
30262
15535
-26404
-32768
-32768
-31089
-32768
-5940
32767
30646
32767
28853
32767
19381
27590
25389
-15160
-32172
-32767
-31443
-32768
-23305
19132
32767
31989
32767
27259
23152
10386
10710
9622
-18477
-32768
-32759
-32460
-32240
2536
32767
31835
32767
32333
32767
32606
32767
32767
31670
30183
32195
24774
24249
26237
21303
-19096
-32768
-31634
-32768
-32767
-26865
13279
31559
32767
31182
32767
16203
16010
20109
-6841
-28262
-32768
-31986
-32768
-31510
-5029
28293
32767
32767
32690
31684
8233
-5647
-7829
-22699
-32768
-32654
-32724
-32768
-13914
21736
32767
32580
32733
32767
31490
23832
26971
23583
29609
32767
32041
32767
32016
27671
-6566
-32768
-31701
-32768
-32035
-32768
-10834
22405
32767
31753
32767
30767
22082
21218
-1451
-23175
-32767
-32352
-32767
-32768
-27555
6385
32767
32308
32767
32767
21926
-5560
-28347
-32768
-31993
-32768
-31933
-32768
-19821
1892
27835
32767
32298
32767
32767
29881
18346
15332
17536
30045
32767
32767
32626
32127
10121
-27162
-32768
-32143
-32768
-32640
-29055
3232
31307
32767
31685
32767
27813
27618
12448
-18221
-31710
-32768
-32559
-32768
-32714
-21983
18744
32767
32028
32767
32767
13120
-20450
-31986
-32768
-32711
-32507
-32768
-20120
-1691
21383
32767
31873
32767
32519
32513
26921
18076
2481
13263
32519
32042
32767
31783
32767
20525
-23854
-32767
-31370
-32768
-32236
-26514
6235
31248
32767
31261
32767
25093
21804
9228
-17941
-32765
-32726
-32702
-32768
-32534
-26162
17712
32767
32138
32544
32767
14708
-17824
-30436
-32767
-32768
-32197
-32768
-27147
-9852
17373
32767
32173
32767
32767
30568
20615
15429
749
10486
31936
32554
32767
32767
31988
32767
-1075
-32768
-30207
-32768
-31259
-32768
-25307
19963
32767
31135
32767
31368
23515
18188
-6742
-29697
-32768
-31804
-32768
-30857
-32768
-13751
32767
31923
32767
32197
32767
10580
-27907
-32767
-32768
-32509
-32768
-32768
-24130
3767
30596
32767
32567
32736
32767
28037
14994
3980
1498
14822
32104
32435
32767
32173
32767
27701
-18136
-32768
-30112
-32768
-29991
-32768
-15001
30148
32767
31798
32767
29284
20499
9263
-16570
-32297
-32768
-32372
-32768
-31349
-32768
-365
32767
30151
32767
30947
32767
7174
-29617
-32768
-32620
-32768
-32651
-32768
-25175
9505
32767
32203
32767
32269
32767
26905
4871
-7384
-2518
4118
25561
32767
32141
32767
32159
31873
-7512
-32768
-30574
-32768
-31011
-32768
-21816
25106
32767
31321
32767
30203
22909
10479
-12937
-29556
-32768
-31855
-32768
-30973
-32768
-9325
32767
30938
32767
31373
32767
16510
-26237
-32768
-32739
-32575
-32768
-32131
-32768
-17097
25775
32767
32189
32767
32274
32574
8277
-18318
-17027
-6620
14490
32767
31496
32767
31310
32767
18482
-24984
-32768
-30991
-32768
-30242
-32768
-4333
32767
31687
32767
32653
31759
26483
1166
-22060
-32768
-32661
-32768
-32767
-32561
-31828
13461
32767
30354
32767
30943
32767
7629
-27831
-32768
-32623
-32664
-32768
-32026
-32768
3821
32767
31126
32767
31767
32767
23945
-9421
-24777
-16533
-1092
22859
32767
31815
32767
32020
32767
28493
-14640
-32768
-29673
-32768
-29680
-32768
-16946
30965
32767
32310
32767
32531
28904
-461
-26672
-32768
-32707
-32518
-32768
-31442
-32768
767
32767
30187
32767
30915
32767
14827
-26682
-32767
-32768
-32363
-32768
-31666
-32768
-5359
32468
32147
32767
32380
32767
29673
1093
-22607
-22254
-12473
12978
31981
32767
32086
32767
31153
32767
13608
-31128
-32768
-31954
-32768
-30478
-32768
1626
32767
30949
32767
32508
30937
16893
-19681
-32768
-32477
-32704
-32768
-32247
-32768
-27597
21018
32767
30680
32767
30641
32767
3023
-32040
-32577
-32768
-32680
-32768
-32546
-32144
1124
32767
31507
32767
31664
32767
27047
-7327
-28215
-28991
-19065
13623
31349
32767
31734
32767
31290
32767
21816
-23613
-32768
-30553
-32768
-29856
-32768
-14159
32767
32673
32512
32767
32085
26984
-8798
-32768
-32414
-32768
-32452
-32768
-31791
-32768
3179
32767
30087
32767
30739
32767
21357
-22563
-32768
-31879
-32768
-32502
-32668
-32768
-12928
26043
32767
32767
32767
32618
32408
3125
-26373
-32520
-28847
-1502
26552
32767
32708
32557
32767
31935
32767
5543
-32167
-32673
-32507
-32767
-31356
-32768
8388
32767
30284
32767
31406
32767
9426
-28935
-32768
-32767
-32411
-32768
-31939
-32768
-24954
22858
32767
30911
32767
30519
32767
2449
-32768
-32315
-32768
-32726
-32756
-32768
-31889
-1896
30150
32147
32767
31990
32767
27598
-11018
-32768
-32246
-30372
1368
30004
32767
32740
32674
32767
32540
32146
13161
-24364
-32767
-30812
-32768
-29982
-32768
-7539
32767
31750
32767
32767
30689
8890
-26441
-32768
-32546
-32768
-32766
-32768
-32659
-31440
8110
32767
30306
32767
30577
32767
17478
-26352
-32768
-32152
-32768
-32490
-32767
-32106
-7363
25421
32767
32767
32767
32600
32305
4287
-25346
-32612
-31788
-11925
18207
32767
32504
32767
32586
32767
32644
29236
2432
-31378
-32767
-32184
-32768
-31113
-32768
7194
32767
30641
32767
32463
25591
-5838
-31799
-32717
-32768
-32315
-32768
-31768
-32768
-20677
23736
32767
31122
32767
30660
32767
8447
-31162
-32768
-32674
-32767
-32552
-32768
-30282
1420
31495
32192
32767
32170
32767
28773
-5661
-28849
-32446
-31894
-7744
21745
32767
32500
32767
32546
32767
32326
26054
-3435
-32768
-32006
-32768
-32760
-32361
-32768
13954
32767
30542
32767
31995
20236
-12057
-32614
-32710
-32767
-32396
-32768
-31654
-32768
-14832
29038
32767
31978
32767
31244
32767
-3255
-32767
-31939
-32768
-32768
-32443
-32768
-26871
5729
29317
32566
32767
32047
32767
24390
-10164
-28477
-32767
-28413
-2752
23807
32767
32431
32767
32561
32767
32550
27672
-4098
-32767
-31691
-32768
-32195
-32768
-30011
17738
32767
30808
32767
31499
13613
-16875
-32691
-32768
-32662
-32739
-32767
-32220
-32768
-11440
29607
32767
32319
32767
31723
32767
-6649
-32768
-31479
-32768
-32352
-32768
-32768
-25520
9201
32576
32306
32767
32046
32767
22274
-15568
-32284
-32768
-29557
-3074
26339
32767
32323
32767
32414
32767
32342
27328
-3004
-32768
-32420
-32768
-32768
-32082
-32768
12485
32767
30843
32767
32540
20301
-13239
-32173
-32768
-32630
-32761
-32768
-32312
-32768
-14573
26910
32767
31904
32767
31508
32767
-4720
-32768
-31952
-32768
-32729
-32511
-32768
-22995
3055
25731
32767
32620
32636
32767
25549
-10154
-31460
-32768
-29237
-3748
25324
32767
32152
32767
32282
32767
31322
18754
-7250
-32330
-32768
-32478
-32768
-31897
-32768
11868
32767
31061
32767
32693
17669
-16088
-32312
-32768
-32485
-32768
-32608
-32768
-30156
-11235
25682
32767
31631
32767
31369
32767
-2627
-32768
-32129
-32768
-32727
-32595
-32768
-26238
393
25915
32694
32767
32214
32767
22777
-10604
-28174
-32768
-25338
-1853
22783
32767
32254
32767
32531
32767
32767
25979
5912
-25692
-32768
-31214
-32768
-30778
-32768
3206
32767
31801
32767
32767
20314
-10876
-29898
-32767
-32194
-32768
-32502
-32768
-32657
-22933
16330
32767
31111
32767
31060
32767
2142
-32668
-32360
-32768
-32687
-32734
-32768
-29479
-11070
13557
30797
32767
32485
32767
29456
-2544
-30471
-32619
-32618
-13788
14021
32169
32694
32767
32671
32767
32734
32590
23184
-9135
-32767
-31044
-32768
-30964
-32768
-18675
27564
32767
31831
32767
29250
1553
-23173
-32768
-32666
-32767
-32732
-32768
-32530
-32285
-5883
31925
32109
32767
32000
32767
23703
-19975
-32768
-31865
-32768
-32075
-32768
-23583
-2131
25350
32767
32250
32767
32767
23237
-5548
-28153
-32767
-30966
-14764
11671
30600
32767
32476
32767
32560
32767
32262
21201
-4001
-31926
-32679
-32768
-32688
-32767
-28118
17806
32767
31971
32767
32767
10128
-18712
-30445
-32768
-31997
-32768
-32279
-32768
-30970
-12061
25347
32767
32143
32767
32590
28173
-10705
-32768
-32256
-32768
-32502
-32767
-23010
2797
29667
32767
32538
32767
32305
16097
-9148
-28149
-32462
-25873
-14777
11315
30144
32767
32540
32767
32667
32767
32767
22096
-6231
-30344
-32768
-31935
-32768
-31629
-32768
5601
32767
32480
32321
32767
22050
-9091
-25482
-32767
-31989
-32767
-32427
-32768
-32553
-18581
19548
32767
31870
32767
32721
24391
-13856
-32768
-32768
-32376
-32768
-24632
-381
14068
23413
32091
32561
32767
30242
18652
6612
-9622
-20999
-18858
-11264
7746
28908
32767
32392
32767
32483
32767
24226
9423
-2898
-20074
-32768
-31612
-32768
-31520
-32768
-17345
24238
32767
31974
32767
29150
-5376
-27922
-32268
-32768
-32297
-32768
-32235
-32768
-21906
-3177
23056
32767
31628
32767
27628
6302
-21214
-32768
-32768
-26291
-11570
1299
12568
11218
13442
14979
16060
22300
21853
19835
11128
1894
-2451
-2173
5659
18709
31522
32766
32767
31311
21334
14157
9993
3927
-1879
-20368
-32768
-31879
-32768
-32016
-32768
-5042
29235
32767
32192
32767
5993
-21722
-28565
-32768
-32357
-32515
-29185
-32768
-26752
-12547
5697
29374
32767
32544
32674
17767
-801
-17179
-24634
-18031
-9990
-2273
6350
8005
5833
11246
13797
18480
24203
23955
20681
11280
3899
2119
4131
10878
21956
28215
26131
22432
15143
7084
6647
2566
-1546
-14410
-32014
-32609
-32768
-32306
-32768
-19041
11219
30461
32767
26027
11988
-9096
-18700
-23070
-26850
-26849
-26860
-29060
-26164
-14075
649
21780
32767
32140
32767
21613
5130
-7483
-15911
-13233
-7229
-2376
2674
7238
9062
15278
24063
29990
32767
30562
22754
13037
4322
-43
349
1930
4201
6080
5368
5706
7793
6115
5699
3439
-4679
-13778
-27516
-32768
-32515
-32768
-32585
-24917
-13341
-3965
2958
1972
-543
-6314
-13552
-16183
-17635
-15606
-11114
-8089
-2530
2757
9634
16860
21253
23488
21527
16440
9534
4791
2484
3786
9177
14352
18356
22431
22608
21262
21270
18294
14607
10147
3233
-3776
-10007
-19140
-26737
-28329
-26746
-20708
-9147
11242
30737
31687
19937
-1478
-24828
-32768
-31858
-19597
9660
31238
32767
18386
-16813
-32768
-31563
-32768
-22284
13672
32524
32767
23851
-8526
-30608
-32768
-28398
-5109
19530
26167
17896
2305
-12104
-16233
-5162
11202
24460
25284
17499
8101
-1029
3445
16011
27656
32767
32398
23073
9830
-252
-2108
4373
12273
18002
14349
4810
-7493
-13892
-14597
-5002
3873
5318
3274
-9617
-23363
-31654
-32768
-32397
-26937
-20443
-18138
-19228
-23272
-22011
-17836
-11582
-3393
-1830
-3683
-6363
-9886
-8245
-3059
3914
9508
11813
11045
7931
6118
6126
9630
13619
15563
15181
10340
7159
7208
10879
18337
24407
23887
19566
12830
6868
6814
8256
10801
9233
2590
-3113
-10146
-12776
-7295
1748
13653
24937
32412
23765
4565
-19707
-32768
-32768
-30105
-12876
2128
5985
2574
-7934
-18028
-22605
-19924
-12772
-7026
-3639
-8793
-15356
-19130
-20110
-15225
-9513
-5302
-3518
-2269
-2430
861
5265
10119
13844
11744
8577
3396
-2263
-1602
3999
12718
22834
25246
20819
13933
5591
4186
5291
6438
8967
7195
3753
1352
1002
3842
8418
15039
17834
12401
3338
-4713
-4720
1255
7466
8757
-1255
-13413
-20877
-19804
-7161
4811
11472
10774
13
-17616
-31285
-32682
-19589
-2010
9136
10178
-2426
-19823
-29685
-25745
-17911
-6003
5114
5877
236
-6422
-8371
-9068
-4056
5111
8050
5421
2832
2723
3460
8762
14492
13439
10623
7148
2602
727
4295
9712
11358
11189
8694
2721
-1719
587
7232
10116
9293
6999
1337
-1372
876
3639
6363
8093
11274
9532
3043
-748
-2414
-2189
-1924
-1389
-3944
-10437
-15319
-13771
-7295
-1017
3597
2860
-6413
-17869
-22648
-19352
-10405
-521
5886
2704
-7994
-17673
-22109
-18266
-8169
2946
8521
7563
3590
-739
-2443
431
4486
6481
5958
1452
-2994
-2716
2512
8658
12664
14035
12426
9167
5473
4755
3664
3010
4937
4258
2538
-1024
-1946
767
3262
8512
13427
16142
14497
9015
3931
-207
-717
1068
-409
-4482
-7817
-9358
-8168
-6781
-1256
4510
3966
1393
-362
-4405
-11263
-14503
-15449
-13840
-12239
-9897
-6279
-5378
-2898
-342
-1144
-265
1519
1502
-184
-2573
-3970
-5527
-6048
-3667
-509
418
3089
6198
5395
5158
5178
4376
4866
4566
4983
2978
968
2197
2942
4216
5713
5847
4307
2437
1324
2489
2771
2760
3806
4423
3414
2041
1505
403
1380
5708
11733
13872
9771
5056
-595
-9699
-18147
-18497
-10676
-4222
1030
3855
2195
-3927
-8269
-4944
-3024
-4512
-5395
-9319
-14284
-14614
-10862
-5871
-2795
2016
3508
1382
-250
918
2277
2166
3960
2254
-3925
-8068
-4922
530
4475
7289
9385
6654
3488
4202
5490
4259
1332
454
-701
-2037
-1299
938
4066
7409
9224
9422
5419
3544
4534
4053
2431
75
-1006
-2467
-950
1700
3429
3780
4664
5373
1257
-3392
-6679
-9347
-10327
-7125
-2841
-310
464
-1475
-4104
-5760
-6447
-5790
-5177
-3827
-2578
-3063
-2508
-2484
-2136
-973
-707
-30
495
1383
1363
1417
2258
1234
1012
1180
802
874
623
-472
-976
-215
2841
6202
6725
6253
4389
1796
-25
276
1745
2603
2708
2497
1165
-322
830
2588
2653
1698
1498
1375
1164
1984
1798
-1132
-4114
-4684
-2016
30
352
785
-512
-2200
-704
258
-2002
-5484
-4809
-2989
-5210
-4274
-2474
-2630
-4525
-2733
-1004
-2112
-375
2485
3043
-324
-3155
-4704
-6901
-6587
-1650
2926
3949
4191
5485
3438
1048
2922
4688
2361
1071
1797
1476
13
106
807
-748
-2113
75
4174
5747
7682
6774
3006
-34
-1633
-2129
-1443
300
2770
2645
-152
337
768
-346
-544
927
-330
-4524
-4346
-2519
-3296
-4145
-2282
-1097
-2285
-174
1186
-93
-1092
-1310
-2325
-4729
-5680
-5585
