-342
-843
-680
-2712
-1047
-313
745
489
196
-126
1474
1861
99
2221
1230
2044
1894
1855
1879
1614
3956
-673
2464
1699
-715
427
-1934
-1544
-2108
-934
-3433
970
-1723
-1892
642
-2371
256
872
-1667
-1421
-242
-2025
748
1504
-775
972
2581
1366
2732
597
1621
3461
662
964
-30
-158
-758
-1178
-413
-2824
2002
-2267
-1752
706
-3041
3590
-1222
-1666
-1177
-1088
919
-2631
-291
-3765
1390
154
-2216
4878
-1338
2400
-1851
752
3988
-1120
2764
-388
-627
1263
1880
-903
656
137
-3084
980
727
-810
44
1009
-3029
1177
758
-2031
1918
-2415
-1166
-2824
-22
246
-307
-2452
2413
-10045
-3098
15650
2844
3181
-4557
4254
4838
1629
-4580
-6869
4715
-5419
-1856
-3139
-204
6993
-1670
1193
969
3389
2026
-2120
-2148
-1391
2380
-4089
-1180
-1630
962
1705
-2816
1293
1561
2386
-896
2639
-1273
-254
1674
-3840
2583
-195
-3919
684
57
1385
1483
-1697
-1029
-1397
5105
-1515
-1366
-687
-1549
2467
-2932
354
-2134
1778
375
-1397
604
-1125
3984
1026
882
-4562
328
1439
436
61
-2108
-41
737
1311
-1930
995
-1151
3024
-2254
1848
-2126
-248
1201
403
22
-1294
2561
-690
2612
-4320
2744
-2108
1574
510
-3095
1439
-111
2232
-2229
482
-902
1560
782
-1775
-551
1719
-1189
-2087
4225
-1781
2749
-2724
-2380
3386
222
1596
-5697
2116
-3
1279
-2475
-205
2693
-4860
1844
-2676
4428
841
-2524
52
3624
3399
-5156
1089
-157
887
-857
-4465
-631
4813
3495
-2451
1268
2499
3786
1948
-4355
-4184
226
-388
706
-6817
-309
4518
1083
309
-631
4036
-987
2514
-4792
225
-2795
1056
-1222
-2921
1438
936
7157
-2546
2884
-50
3076
-2736
-2454
-1443
-3058
1538
-2680
177
1719
1091
2122
1368
-906
2494
1807
-2591
-1882
-1337
191
452
-4151
-941
589
2460
-1247
41
-473
2321
1633
-3034
245
178
1703
-3432
859
309
3731
-2780
-2659
5962
-1218
429
-4995
3931
4498
-1834
-4987
-3157
4421
1325
-3452
-5169
6828
-13
-1413
-205
868
3963
-1080
-4390
-2237
982
-1544
-1404
1148
1501
-3713
1955
4035
5306
801
-3196
-6
-864
-560
-1714
135
-245
-1858
709
1381
2695
-3161
2412
4474
-1162
-3197
-270
1672
-98
-3689
-5379
5010
476
-2662
-1307
5917
7118
-1493
-3919
674
3750
-1610
-6825
-1075
1135
129
-1651
160
2799
2552
-1647
624
3709
-238
-1242
-2598
1886
225
-1933
-2952
2899
1545
2259
-2878
1384
2246
642
-580
-4251
1268
-1981
-1139
-3464
794
212
2101
254
2200
1584
343
-510
-223
717
-3030
663
-1686
478
-1452
-21
-1977
2464
287
480
994
-1650
3288
-403
2000
-3076
2372
61
-119
-4002
-947
4184
-1714
-1222
-4277
4668
765
-154
-3367
-209
2937
-1413
-1281
-621
2869
-1012
653
-714
2448
2393
766
-362
-1116
821
-1081
1580
-1441
-108
675
1140
632
1464
18
-699
-633
-1324
-1135
-2518
-489
-1379
853
-2924
1542
1950
2797
1191
-969
700
899
-727
-3025
-2189
-789
2306
-1776
2319
-1188
3055
2471
1226
370
-445
633
-2676
169
-2443
-1000
-1902
546
-58
2440
-934
257
2173
626
-67
-2002
1445
-153
403
-3091
-144
355
666
430
-123
1011
613
-331
74
1160
316
-447
-1202
-159
767
1563
-1044
488
-9
1250
-441
-2631
-1535
663
48
-2673
-1798
-911
676
-879
-152
658
453
1449
-1106
548
1630
-950
76
-113
-802
991
-1078
-2005
3278
930
1044
1613
-209
1926
2185
-1493
-637
-198
-1914
-987
-3011
-2021
1019
-612
-938
473
-207
2036
1431
-792
879
2297
-389
1051
-499
-2663
1836
32
-1566
-115
-548
853
1209
-1145
1006
1345
-1885
1061
550
-514
2216
-288
-872
1357
-177
-1428
1314
-42
-894
387
-545
1258
1030
-239
-903
1185
-714
-1169
27
-2439
581
-1250
495
-417
17
1418
-135
1113
-1954
219
-1260
123
-1172
-876
118
-1042
-102
107
2476
618
1077
315
1713
-508
-752
813
-1258
1106
381
-2273
922
2220
-189
-845
2033
773
251
405
-2042
550
1375
-1479
-858
-343
-2127
1274
-1467
-294
1173
-611
600
1255
-1214
82
704
-1738
166
452
402
1107
-157
-697
1192
874
559
-1334
-487
896
140
-1648
123
-804
1579
-218
-2335
2427
1424
-2069
-276
-1055
-1088
686
-3220
982
687
-244
-66
192
-923
1805
543
-613
1347
-1482
-234
-248
-1034
95
1450
-1339
1856
2007
-1590
1514
946
-901
1576
-386
-1820
-77
-446
-35
693
-151
317
1444
377
122
95
-705
454
-544
-2036
162
363
-763
-1150
-854
100
-407
-1320
-302
1064
-372
-116
619
442
2014
-212
84
1445
560
303
526
670
602
-1175
557
1643
-856
-103
363
1293
-254
46
-1730
-87
1078
-3116
-716
-588
-532
-1281
-1354
-523
-29
-1379
-1663
918
-16
100
-905
565
414
597
-323
15
1295
604
400
1094
2671
651
1061
627
1451
1571
791
-727
601
1989
-484
309
564
1206
-47
-579
137
-3196
-1834
-2973
-3940
-2239
-2357
-1753
-2213
-1697
-1571
-168
45
-567
-1576
34
182
-215
-1056
-584
2723
2136
2274
3245
3529
4353
3250
1927
4322
3175
4103
3251
1559
5842
2992
951
2851
238
-2296
-4040
-7607
-6581
-6741
-10129
-11579
-7501
-3493
-4815
-3018
-1543
1346
1526
276
-376
-1656
470
112
-1375
1282
2634
3377
8872
14106
14593
19112
21465
21688
27253
18714
6823
-3369
-13379
-22674
-30742
-32768
-32558
-25193
-16044
-7969
2047
9594
13246
12530
9885
5209
-2970
-9584
-13658
-15160
-19647
-10251
-3893
-1604
8346
11913
14125
18959
15888
11365
18201
12355
7915
15069
16709
19221
19055
307
5
-1172
-19972
-26282
-29561
-27850
-22206
-17574
-13403
3092
8966
9449
12121
9599
7031
1918
-7214
-12528
-10345
-14597
-10858
-11937
-4361
5959
5729
8017
11980
12972
11903
10037
5102
9309
11338
8285
13399
22033
27836
22319
3290
3531
-7442
-22824
-29825
-32768
-31892
-23811
-17976
-12230
7068
13469
18195
15837
12686
7383
2039
-9411
-15218
-14469
-16346
-13519
-9867
-7037
4938
11620
8648
13348
11837
11303
9335
6032
6117
9073
9372
18193
23131
29459
17974
5371
2047
-14842
-26911
-32767
-32527
-32322
-23212
-17034
-2821
10055
16558
19205
16805
12560
6176
-3195
-14171
-15890
-18606
-17776
-13252
-6181
-849
4940
12192
13613
12254
11148
7968
3448
3602
4711
8041
9436
19851
27873
32767
27302
8552
5775
-11131
-26703
-32768
-32524
-32768
-26685
-17867
-7254
10526
18551
22351
19531
14859
6978
-1998
-14716
-18799
-20100
-20012
-13420
-6772
709
6195
12110
15096
14327
9826
6368
3336
1755
2503
4645
8885
14410
26692
32227
32767
15859
5145
-4308
-26768
-32258
-32768
-32768
-30702
-23166
-12176
9375
17581
21719
23943
18144
11682
2148
-12624
-19954
-18954
-23354
-16345
-11035
-1461
5269
11200
16282
15682
11857
8155
4837
118
860
3210
8646
13364
26463
31775
32767
19997
7008
-2429
-25016
-32232
-32768
-32573
-32440
-23037
-12686
4573
17776
21806
25446
20459
11446
2026
-8299
-19916
-21413
-22700
-19628
-10513
-1830
5602
10367
17328
16640
13742
8786
3496
700
-39
621
6560
12080
23217
31235
32767
28622
11352
3226
-18313
-31186
-32768
-32442
-32768
-28154
-16779
-2417
13807
21154
28108
24317
14558
4502
-4351
-17254
-23353
-25347
-22089
-12966
-6534
4559
10496
14739
19968
16239
8481
5160
228
-3650
-1511
1955
8028
16483
30513
32245
32767
20021
5502
-4675
-26860
-32767
-32768
-32768
-32041
-21491
-11466
7427
22181
26611
28314
21862
12045
1000
-10919
-23988
-24956
-24254
-20801
-9285
-143
10127
13499
17410
19964
13520
5141
1066
-3349
-3889
155
3280
11869
24929
32435
32767
30048
10162
12
-16424
-32158
-32690
-32758
-32768
-27449
-14400
-1252
17980
29367
31282
24954
16275
6082
-6206
-20685
-28854
-27694
-23360
-14704
-7197
6166
15964
13946
19198
19460
9178
4132
-3108
-6748
-512
3649
5597
19895
32655
31972
32767
19755
4945
-10237
-29067
-32709
-32768
-32757
-31851
-20333
-6021
11040
23939
30647
28879
19018
9978
-852
-15857
-26285
-28296
-26453
-18394
-9966
204
13133
17401
15595
19095
14746
4593
571
-5823
-6134
878
5623
8659
24316
32767
32459
32135
12985
1470
-15191
-30731
-32768
-32454
-32768
-28929
-16544
-2338
16710
26901
31668
25025
16105
7044
-6055
-21164
-28581
-28105
-24329
-16671
-7595
4675
15463
17972
16870
18061
12837
5424
-1831
-6331
-3103
2116
7690
12492
27527
32750
32767
28735
11737
-349
-19912
-31287
-32768
-32282
-32767
-25570
-15347
933
17057
26095
30713
22983
11545
3930
-7975
-23536
-28264
-28725
-22032
-14562
-4434
6286
16253
16777
19145
18335
9899
4586
-800
-5551
-1602
3685
7382
16791
29608
32439
32767
24664
3974
-1413
-22084
-32768
-32406
-32768
-32441
-22732
-13238
2259
21443
26630
28080
20379
10744
2043
-11614
-25398
-28622
-25461
-20592
-12566
-2206
9110
19669
17453
16675
17555
8254
3160
-2915
-5992
-710
3530
8030
17776
32440
31854
32767
20105
7496
-4151
-28048
-32240
-32768
-32335
-32768
-22529
-10458
6735
20233
26173
25221
18868
10339
-1598
-14001
-24220
-27356
-23767
-18372
-10795
1304
10701
19731
21095
14787
14296
11018
639
-3388
-5898
-2255
3392
9858
16602
31033
32004
32767
19381
1027
-2086
-23480
-32768
-32740
-32768
-32065
-19337
-13813
4154
22598
26157
22282
17338
9537
520
-12384
-25747
-24078
-21098
-16458
-9938
738
11428
20570
17467
14758
15269
9788
2030
-4905
-6214
86
2629
7944
17354
29859
32282
32767
14676
1054
-1761
-26910
-32768
-32465
-32768
-29487
-17433
-14184
6156
23451
22396
22177
16886
7164
461
-12266
-25023
-20847
-19912
-16608
-7884
1926
11762
20004
18629
13309
14470
10094
-126
-4798
-5893
-694
597
7823
15640
27283
31335
32767
19604
-4142
-3574
-22404
-32768
-32448
-32768
-30793
-15778
-10936
1286
19740
23027
22193
14972
7779
138
-8326
-22283
-23063
-18123
-13314
-6592
551
10991
19525
20077
14711
10704
11835
4712
-6641
-5910
-2320
-1989
8146
13341
22476
31051
32767
18359
-3047
-1977
-18468
-32406
-32469
-32768
-30298
-15691
-12557
-1262
17294
21804
18870
14462
8360
1828
-6346
-19175
-19043
-16034
-12480
-7085
328
9308
18644
18844
15668
11865
9973
5503
-5828
-7249
-2172
-86
5667
13041
21254
29300
32767
16940
-5315
-3156
-16316
-32341
-32258
-32768
-27922
-15558
-12898
-1843
16790
21884
17117
12437
8444
3782
-5816
-17952
-18353
-13761
-12537
-7130
1338
9699
17574
17279
14135
12639
10930
2808
-3901
-5206
-2152
-836
2737
12015
19582
25535
31281
18781
-3150
-3960
-14133
-30011
-32720
-32768
-29900
-15794
-11622
-4302
13911
17823
15284
12835
9085
2664
-4164
-14941
-16502
-12492
-12390
-7841
1629
9037
15505
16874
13456
13311
9848
3277
-2195
-4620
-2764
-929
3740
11340
19135
24790
31221
20242
-3030
-2252
-12858
-30546
-32402
-32768
-29452
-17166
-10931
-4968
12627
17896
14054
13531
8905
2240
-4177
-13775
-16824
-11956
-10983
-8386
1139
7843
14459
17322
13279
11795
10599
2876
-373
-4838
-5341
-1714
1024
8274
15475
24123
26525
26426
6394
-4731
-6751
-23557
-32255
-32767
-31839
-23011
-11207
-8280
4808
16253
16263
13650
12128
5250
-1378
-8896
-15590
-13275
-11579
-8076
-2929
5977
12576
15017
12987
13436
11204
6041
231
-4500
-3657
-2698
1486
7680
15805
21195
25464
27446
8539
-5806
-4457
-21848
-32352
-32768
-31640
-22648
-13325
-8823
2802
16992
14974
13282
9892
5763
-75
-9115
-15748
-12629
-9468
-9311
-2277
4232
10977
15646
12846
11245
10323
5782
-247
-5207
-4142
-2838
-1077
6989
14358
20178
24674
25690
15787
-3269
-5066
-14075
-30747
-32123
-30484
-25258
-13110
-8123
-1952
13669
14904
11161
10382
5729
-373
-6192
-13605
-13800
-10007
-8699
-3986
2928
9304
14049
11956
10573
9675
6365
1258
-5759
-4584
-1379
-711
3573
13621
17901
23175
24092
21864
5076
-6952
-8196
-22903
-28501
-28894
-24740
-18064
-8651
-4538
4335
11601
10877
8283
4850
2463
-3739
-8659
-11448
-9763
-8733
-3317
17
5140
10385
10355
7141
7493
7718
2014
-2265
-4044
14
2073
2623
9224
15507
19003
20427
20379
14396
-892
-5340
-12614
-20868
-23364
-26187
-21009
-12514
-7447
-4563
4695
7412
6429
5948
2210
-805
-2927
-8333
-9667
-5676
-5540
-2699
1525
5091
6930
7524
4783
5658
4026
-536
1703
1115
1249
4002
10176
11614
14638
18446
17426
16572
6255
-4601
-5126
-13134
-19558
-19283
-21619
-15575
-10701
-8015
-5038
2727
4824
3665
4009
1059
-331
-3887
-6371
-6080
-3814
-5020
-3070
1066
4446
3319
2463
6505
4168
1114
1798
1028
2075
5224
4832
6573
12979
13294
12792
16217
12368
8926
488
-2212
-5448
-14422
-17101
-15894
-11943
-13172
-9878
-7258
-168
1897
-379
2117
1967
-263
-2753
-4210
-5467
-3301
-4820
-4327
-995
-171
394
1974
4190
2484
2586
4008
4076
3573
4870
6712
5455
9132
9610
9610
12969
11621
9794
9164
1224
-2632
-4757
-12352
-14142
-15296
-12539
-12484
-9561
-4246
-1522
564
-684
2188
1730
-1115
-4106
-4000
-3822
-5882
-6576
-5820
-2477
-49
786
532
5213
7047
4316
4289
6236
7161
7279
5276
4656
9312
9377
8426
9698
11429
10088
6486
-68
-2965
-2690
-13044
-13965
-11580
-13981
-10093
-8160
-7723
-1486
2470
-2370
-1763
-194
-1922
-3858
-6422
-6928
-4808
-5161
-5027
-548
207
3503
5809
3785
5211
6463
5150
4902
5555
5883
4475
5525
8940
8713
9973
9723
8722
7526
6189
2503
-3897
-6684
-7915
-11152
-13773
-10954
-10130
-6267
-4935
-3713
16
-2414
-1294
-2223
-4994
-5341
-6588
-5940
-4703
-3470
-1830
389
3973
4814
4948
5851
7034
7639
8089
3600
2155
7978
6796
6624
7527
8461
9099
7803
6509
3113
-1548
-3644
-7274
-10339
-8352
-11396
-9929
-6430
-6728
-5553
-3471
-2197
-2830
-2508
-3147
-4020
-2422
-4197
-5695
-1888
-1315
-1049
2372
3180
4199
5902
5455
5593
8362
5818
2190
6949
7203
5280
6310
7699
6199
4881
4851
3085
1715
-1797
-5087
-4487
-6229
-10651
-7918
-5795
-4774
-6207
-4132
-1374
-4056
-2094
-2839
-4497
-2601
-3295
-5410
-2515
-1221
-1085
720
1770
1884
3263
4108
4101
4023
5156
5261
1966
4584
6334
6014
6553
6963
5610
5374
4613
1343
805
-119
-3252
-5816
-3201
-5236
-7689
-5716
-4817
-4342
-3250
-3325
-3756
-1727
-6165
-5905
-3227
-4795
-3147
-2665
-2652
-561
869
1057
2489
2092
2693
2913
3006
4748
5202
3732
5321
7030
5727
5881
6615
5702
3131
2398
56
1092
15
-2596
-1644
-2749
-4213
-4314
-3744
-4282
-3549
-3542
-3001
-3922
-5438
-3584
-4548
-5071
-2686
-3441
-1220
468
-918
695
1949
1859
741
1782
1555
1582
5149
5771
4175
4654
5857
4960
5550
4102
2326
2319
1027
-154
484
721
-1006
-524
-532
-1221
-2058
-3326
-3806
-2944
-2871
-4787
-4854
-3519
-4765
-3759
-3554
-3220
-1026
-603
-1715
-1579
1080
-933
-1747
607
1659
1299
1944
2533
4883
5999
4840
5188
5333
4635
2646
2765
1416
-888
108
1433
-547
668
1257
-813
27
-2691
-2140
-609
-2522
-3839
-3534
