-31195
-25164
-12693
-9906
-7550
5831
9475
13110
19006
25361
23732
21907
24990
25759
18693
14419
15202
11814
5646
405
-442
-1546
-5361
-11194
-7162
-27981
-14807
-20522
-30221
-19877
-25878
-18133
-21454
-11629
-10807
-2993
-1760
11488
16942
14204
27570
27274
28312
30364
30212
25986
25679
23926
20856
19640
16081
21517
19506
18801
22929
23452
18275
3509
280
645
-9031
-26381
-14380
-22645
-32768
-30505
-32768
-31573
-32768
-31370
-32197
-32227
-32768
-19958
-10536
-12467
-2542
8967
12927
13226
18933
27466
26301
21757
24106
25926
18832
13956
13645
8893
4037
-1078
1873
-3659
-7368
-11800
-5782
-23034
-24485
-13224
-31239
-21479
-24071
-18821
-20364
-16162
-6777
-3666
-1676
4879
16581
11210
17948
21850
24528
25496
26036
29176
26503
26427
26262
27103
23833
23411
23329
24232
23398
24950
22573
5016
-2936
4831
-5809
-29783
-11742
-23087
-32768
-30153
-32768
-31337
-32768
-31520
-32768
-31413
-32768
-22471
-10874
-12793
-2250
7122
13384
17699
19823
29623
27775
24578
26580
26124
18944
14088
14440
10588
4897
-1562
419
-4044
-8322
-12463
-10299
-27698
-20346
-20322
-30835
-21830
-28304
-16443
-17620
-11565
-5982
-217
1991
6902
15123
13908
21312
23288
25898
26692
30269
30216
29484
28260
26894
26674
24803
24243
21836
24382
26754
25290
13804
5137
-5702
981
-15135
-28723
-12174
-31675
-32768
-32694
-32768
-32485
-32768
-32275
-32767
-31962
-31932
-15688
-10023
-7072
7358
13221
18714
21878
25250
32767
27620
26078
27705
24438
17312
14761
10008
6302
471
-2491
-5199
-7383
-15305
-13396
-20407
-30374
-17686
-32768
-22719
-26446
-23924
-17166
-14245
-5349
-5046
3407
3812
17314
13711
20666
26121
27584
29261
31218
32767
31184
29557
27922
27816
22020
24504
23368
24729
25201
29480
26284
10823
-9489
8490
-983
-32767
-14299
-24914
-32767
-31274
-32767
-31660
-32768
-31676
-32768
-31360
-32768
-22489
-3529
-5879
5649
13787
23081
29606
24366
30859
32767
27912
25364
26433
21346
14236
7581
7965
3582
-5928
-9198
-9287
-13451
-20516
-21396
-32767
-23979
-25378
-32768
-22366
-22469
-18568
-13335
-2982
-676
3576
7558
16842
21469
15842
28487
31619
29194
29788
32767
31047
28587
26161
25596
27766
20413
25183
28232
27642
29605
31016
12884
1120
1531
-7931
-26193
-32496
-26468
-32768
-32102
-32768
-32517
-32767
-32757
-32693
-32761
-28178
-23235
-1942
5002
9955
23977
29085
32767
32471
32767
32573
32484
25144
21890
19033
12449
4491
-893
-3406
-10370
-17015
-18303
-20226
-25380
-31445
-32446
-16513
-30510
-31442
-16088
-14032
-16697
-4461
6216
6132
13438
9108
28975
25369
17271
31444
32550
27391
27330
31268
29819
26019
21414
25326
27365
23312
24242
32660
31436
28769
32767
18602
-9527
-4585
-6421
-29758
-32768
-32133
-32768
-32423
-32768
-32440
-32767
-32306
-32768
-28660
-18528
-17929
7935
20580
21368
32741
32337
32767
32377
32767
32367
32767
23340
13697
11284
2657
-6088
-11219
-18711
-20493
-23880
-29638
-28106
-26543
-32768
-31669
-18096
-28857
-28863
-9549
-2309
-5716
4234
14211
12843
20340
15698
21632
28817
20782
23098
29740
26001
21320
25709
23071
22304
22159
23373
27518
28763
31424
32767
32171
32767
31991
32534
-2877
-19438
1826
-23518
-32768
-31934
-32768
-32422
-32767
-32680
-32718
-32768
-32312
-32768
-10564
1663
2316
27997
32767
32767
32655
32767
32730
32762
32569
24966
21006
11842
-5510
-12138
-15122
-22288
-32526
-31738
-30647
-29748
-31437
-25688
-32767
-25803
-3228
-25033
-16413
7687
9063
-734
15917
23279
9763
20591
17509
15302
21635
18697
16908
18851
25208
19127
16460
24858
24646
22771
28999
32166
32767
32670
32767
32572
32767
32241
32767
8051
-32768
-14845
-15621
-32768
-31168
-32768
-32165
-32768
-32722
-32493
-32767
-28398
-22621
-11489
20770
32763
32672
32767
32605
32767
32567
32767
32767
28597
9897
673
-10722
-21756
-24951
-32456
-32768
-32459
-31186
-32768
-27293
-12405
-6548
-27019
-17799
13480
4569
-4825
4578
17845
9354
8457
9632
1272
8091
9849
1821
2960
14133
20174
10663
14784
29636
28154
26931
29250
32767
32037
32767
31673
26254
30779
32767
31166
28833
31143
32767
10198
-30738
-32768
-25363
-31364
-32767
-32150
-32768
-32090
-32768
-31689
-32768
-24486
8441
8788
1795
20932
32767
32415
31977
32692
32559
32767
24128
9990
-3095
-10843
-5421
-22230
-32768
-30802
-22679
-21664
-27098
-18881
-7980
-5644
-4202
379
-7184
1636
13251
9853
-2667
-583
8616
2908
702
1884
181
3166
12737
14064
9707
18831
29100
24605
13902
22316
27011
18867
13542
14365
16755
10794
14720
18024
15336
10762
14218
10318
9171
14129
14082
14588
11831
-11743
-32768
-31132
-30516
-32666
-32749
-32768
-32381
-32768
-25977
-19143
-26657
-16422
1771
13520
11600
11631
20312
17753
15207
16702
14784
5187
231
6509
2153
-7504
-5849
-4192
-8712
-5844
-70
-2628
-2425
-325
-4131
-7803
-6457
-1230
-440
-4769
1643
3279
1142
-725
1563
-2714
2819
6242
1962
4205
6870
17235
8513
10396
10776
13319
13478
9439
9538
4482
6856
2947
7362
749
-354
9082
-567
-6876
-1811
-1449
669
5231
-260
1296
5805
7294
11393
12520
11352
12584
10421
-3309
-14887
-23636
-24018
-16743
-16085
-18439
-20636
-22215
-20136
-9570
-8795
-9100
-5783
-2370
-3402
-1421
6826
1864
1933
1763
2817
4712
7497
3789
-211
1980
1889
4248
2951
458
-261
2120
-394
-836
-2735
-43
2530
2945
255
-3592
499
845
5401
2357
1953
1041
-168
4558
8082
6954
873
3756
1533
7
-346
4314
849
-617
705
-1668
2695
1423
2187
1739
3558
4591
1850
-1779
6219
11246
2722
182
2929
3235
2964
3420
-1911
-3210
3245
788
-1962
-4206
-707
4950
1006
-240
712
-1869
-3845
-3255
-10173
-10185
-7794
-7524
-10412
-11747
-5309
-6964
-7243
-5026
-1917
-4011
-49
-269
849
326
1437
8246
2796
5464
-722
-797
1246
4529
5405
-3384
-1047
-116
1176
4393
-424
2257
-4191
-1656
5639
1145
-2758
-1386
2465
662
6018
776
2181
1820
2062
7061
4963
5677
193
-532
4195
4319
2444
-2509
-8
-2462
-1908
-7519
-1143
-2067
-1690
2190
-3171
1381
-3513
2222
4616
7290
159
6737
2182
1665
5555
-271
-2388
-3415
2606
5014
-2643
-6336
457
-2728
-6386
-1991
3647
-2830
1183
-53
-1547
-3931
1628
-1009
-791
-3209
-349
-1056
-3878
728
-2726
-224
-2911
3420
-667
-289
-4267
-29
3913
5975
2102
-3714
-743
299
1779
1897
1759
-1636
-630
-1695
1306
945
-1994
-2434
-2015
-164
-536
-2480
-4003
-5319
-5430
-5303
-3447
-2435
1122
1364
173
558
26
2823
5563
6607
3976
2382
615
1067
3475
3633
222
-2842
-2246
-3310
-3377
-2251
-2505
-2384
-2497
-1360
129
1441
2687
2437
2119
2314
2878
2135
1266
-65
636
-290
-1827
-669
-570
-631
-953
-255
-296
1175
1833
1474
1678
2197
1829
1323
1268
533
1677
1295
1984
1650
223
772
223
-151
-1026
-591
-683
-3438
-4180
-4454
-3563
-3686
-3870
-2751
-2473
-1448
-180
632
155
1120
2275
1941
1846
2158
2334
3074
2709
1716
2189
3137
1470
-516
-257
-110
-492
-1811
-1814
-1174
-1025
314
-179
-848
523
1056
786
77
45
45
-511
-812
-1247
-1752
-2322
-1709
-1127
-1071
-118
9
1318
1736
1303
1937
2569
2631
1206
-30
836
1137
36
-109
-701
380
174
-885
-238
-420
-724
-359
-1303
-1907
-608
-973
-968
-1049
-688
4
-222
-509
-920
170
4
-812
311
588
-398
564
1065
1090
824
152
888
1444
650
-649
-715
-821
-1267
-958
-800
-651
-127
-86
-163
669
1470
1241
1590
1139
503
212
215
42
-186
-572
-817
-307
118
-403
-306
430
1061
2148
960
1023
1946
1135
63
836
470
172
-316
-1351
-1895
-1832
-1320
-1426
-721
-1535
-1790
-1605
-414
-384
-641
-241
-549
717
654
-332
574
1054
-159
-195
214
-554
-3
-78
-841
209
1481
1012
531
1309
1152
1059
751
396
482
-29
-729
-1156
-1278
-1228
-1928
-2094
-1479
-1492
-1185
-1554
-1149
-73
126
409
178
869
1486
1512
1944
3018
3483
2873
2255
2158
2631
2357
563
-137
459
-481
-1111
-1659
-1962
-2166
-2159
-2026
-2185
-1257
-1039
-698
-355
-726
-309
141
811
354
201
396
38
391
214
-549
-690
-299
-1256
-1227
-828
-839
-63
-557
-319
1348
1602
942
1194
1805
1873
1757
1021
806
677
770
83
-1559
-713
-77
-1047
-1771
-1561
-1218
-1342
-2093
-2194
-1061
-641
-133
336
597
2324
2321
2064
2568
2605
2900
1898
1410
920
449
-518
-1503
-1673
-1693
-1440
-1746
-1819
-1047
-394
-427
-483
-99
950
832
389
570
284
98
-662
-454
-576
-903
-1224
-1285
-67
-460
-997
-627
-13
468
342
494
746
949
1269
1083
1063
1000
1222
530
577
426
456
-233
53
299
-21
230
-292
-441
-1810
-1566
-1368
-315
-1340
-1600
-1925
-879
84
67
1096
1688
2356
2254
3014
2392
2586
1738
1505
656
190
-1936
-2039
-3589
-3076
-2258
-2215
-3193
-1808
-746
10
39
201
1983
856
1428
-953
-267
-3550
-4622
-19555
-31505
-29927
8985
32573
32767
19591
-23455
-27538
-4655
1533
6231
12988
8406
9516
-13513
-30224
-32565
8508
32767
31445
10924
-18814
-6064
15264
29813
10226
-24672
-25923
47
23824
10480
624
-10834
-30062
-11304
12458
25025
5400
3825
-5041
-5029
7403
13048
3970
-14063
-4884
-16127
-26716
-20927
8948
26056
22773
6970
-15423
-9013
10777
24480
10272
-8921
-9427
1799
8895
2003
-9633
-12318
-4097
8379
8884
-903
-4171
3102
13268
11313
2340
-6670
-3827
-2270
723
-19690
-30325
-22578
-5090
15208
12676
9014
-12800
5332
16409
-2907
-5923
-3236
10527
15364
22153
4042
-17676
-2932
9675
11372
-5690
-11769
-11965
-4770
6291
-881
-8133
-5126
13004
19441
13460
209
-2852
3823
12471
8827
-8875
-19874
-16014
-4674
1490
-4900
-15330
-13677
453
11244
7992
-844
-5250
1681
6585
8853
3637
-2988
-5163
-2500
282
-1162
496
491
341
1588
2570
3609
1279
3404
9689
12552
9283
2163
-1980
2677
9597
12162
7803
-1834
427
4700
12597
13611
7455
5169
2491
8177
9309
1907
-7042
-21395
-27538
-28608
-26656
-23518
-25988
-21055
-17145
-6969
3328
7613
7775
6088
6194
4162
1796
-2393
-5413
-8418
-8063
-8763
-11326
-12888
-9236
-3765
-1537
2857
3364
3834
6625
7193
7167
6036
8507
10371
11587
11089
8151
9539
9907
9239
7022
3525
3988
7325
10494
10593
8484
7153
5825
8515
11184
13019
12061
10927
12102
12944
5166
-20945
-32767
-31459
-32768
-28644
-15577
-12591
-16448
-16919
4795
20761
27039
27804
18216
10968
-673
3073
2873
-3861
-9068
-17401
-16928
-14417
-3115
4405
2894
3005
2607
7249
9954
13066
12629
4723
-1904
-6519
-5393
-3735
-6244
-14306
-23837
-25147
-18194
-5633
3425
6187
7205
8450
10793
11873
12165
9203
3257
-1497
-2215
1217
4102
6689
7186
6400
7469
9736
12461
11957
11073
9754
10074
10706
11024
10551
11431
9881
10430
12615
14662
13940
14535
14049
13725
4339
-26772
-32767
-32214
-32768
-32421
-16565
3740
649
94
12270
27884
32767
32767
28689
7266
-13512
-20590
-21479
-21743
-25082
-25488
-27386
-26658
-20570
-6918
6468
13665
16750
14438
8774
4592
4095
2695
-571
-831
2555
7911
12693
19334
23644
23981
21055
18113
17256
17414
20104
23886
28437
29578
32767
32239
32767
31928
32295
-3622
-32768
-31632
-32768
-31812
-32767
-11197
23756
26351
20728
30548
32767
32059
32767
27402
-15031
-32767
-31163
-32768
-31849
-32384
-21125
-10430
5466
27850
32767
31965
32767
29839
8419
-14044
-23702
-26280
-28295
-32335
-32768
-28945
-11288
10437
29667
32767
32767
25419
13523
6128
-2426
-11326
-27668
-32768
-32284
-32768
-29054
-1539
27279
32767
32754
26590
16293
9054
2263
-3240
-11868
-19173
-16852
-4373
13182
25881
30836
27747
21199
16193
16138
18150
17394
13678
10782
14320
22063
30798
32654
32767
27393
21582
3662
-28838
-32768
-32369
-32768
-32172
-32768
-13178
7947
21144
31888
32767
32460
32767
28430
4386
-23454
-32768
-32732
-32567
-32768
-24826
-8749
5316
21498
32767
32333
32767
26387
6154
-13823
-28832
-32768
-32607
-32768
-31534
-19240
-2413
13040
23971
30509
31517
25130
12825
1155
-7438
-11666
-11270
-3854
8067
19247
26984
30273
28384
24153
22400
20651
21151
22161
25467
27457
32767
31510
32767
30610
32767
-1484
-32768
-30644
-32768
-31024
-32768
10064
32767
30473
32767
31375
32767
31696
32767
28414
-20333
-32768
-31145
-32768
-32588
-25907
-1052
1986
13382
30674
32767
32613
32653
32767
8179
-26816
-32768
-32768
-32768
-32392
-29676
-26557
-16269
6710
27939
32767
31872
32767
23624
6703
-16596
-31855
-32768
-32423
-32768
-29487
-10781
6996
21093
29611
30584
26826
21423
15299
5777
-1549
-6210
-8029
-6818
-238
8733
17223
22070
25478
26811
25112
22467
21404
22421
23200
23284
21189
17015
10505
4982
192
-5566
-13549
-18113
-28078
-32768
-32458
-32768
-32767
-31099
-6744
13376
14226
13604
15591
18963
21031
24284
21821
11123
-314
-7568
-14938
-21538
-27036
-32074
-32768
-32235
-24137
-12064
-213
7732
11786
13873
16889
22127
25274
24040
19145
10942
6191
5030
5545
8836
9167
9033
7805
11187
14856
15199
13267
14953
15476
17474
17719
17987
17971
17230
18890
18093
-3370
-30017
-32768
-32730
-32768
-31075
-23034
-27595
-32768
-32572
-29479
-18888
-4167
8739
9440
5408
5026
8309
12397
19514
21314
14804
5116
111
-1157
-977
926
1301
-1960
-5752
-6256
-4412
-2320
-188
1898
2130
1086
697
1500
3138
3921
3873
2333
1147
736
-2020
-5079
-6973
-7636
-6541
-3636
-697
247
699
2036
1542
63
-718
-617
68
228
806
313
6
1465
4180
7539
9651
10701
10762
11077
10889
10273
9496
8710
9265
9616
9139
8710
8252
8951
11064
12984
12875
8638
-1023
-9747
-14014
-15322
-12259
-9061
-9878
-15003
-20549
-22907
-22534
-19150
-13553
-10943
-11567
-11707
-8216
-2428
3270
6150
4844
1717
328
1514
4126
6954
8045
6907
3256
794
-315
-624
-469
113
-1123
-4202
-4786
-2410
1039
3474
3162
2304
194
648
2389
2906
3501
2139
1503
-82
492
2487
5088
7717
9834
9492
8299
7308
7683
8906
8996
7409
5354
4617
5325
9170
12626
15290
14647
9960
-334
-6937
-11036
-12801
-11363
-13056
-19089
-26835
-28748
-26463
-21013
-14708
-10485
-10294
-10405
-7340
-1978
3576
8980
10942
8106
5654
5009
4195
3417
3506
4134
3934
3420
4753
6257
6560
6319
3803
621
-1828
-1575
-73
-876
-3552
-7504
-9047
-8734
-5743
-2359
-492
-1500
-1096
-560
-624
1785
2613
1842
82
-24
50
2148
4375
4902
3723
3540
5275
6721
7614
7761
7673
7839
8559
9614
8573
7951
7790
8544
10810
12048
15623
18089
21360
20279
15913
220
-15269
-17100
-18006
-17430
-17362
-25262
-32768
-32588
-32768
-30728
-22314
-14929
-13728
-13669
-8360
2800
11436
17175
19196
17426
14069
16965
17426
16954
15597
8646
689
-6624
-7608
-7705
-7850
-17447
-26929
-29288
-23899
-13033
-1520
3733
4735
8694
16408
22567
23191
15818
2240
-8692
-10797
-7061
-3660
-592
1977
6745
13718
22506
24682
23133
19154
17898
13777
13171
11925
10563
11094
14377
18943
24595
31065
32767
31741
32767
18456
-26123
-32768
-32149
-32768
-32399
-32768
-32519
-32768
-30979
-1196
30153
32620
32767
32714
