981
715
0
-1783
-1255
-2052
-1465
-489
73
218
1152
121
165
-4
-2374
-1656
-1222
-1769
-298
281
1854
2115
1153
1410
12
-818
-1355
-1826
-665
-189
894
982
1674
1103
376
349
-842
-398
-838
200
-651
1072
731
665
682
-367
-357
-416
-292
-348
-1421
-688
486
-465
1536
1456
2060
357
1214
-216
506
-1226
-16
-265
-852
1145
-770
1244
-189
1772
-22
1060
81
-876
-1203
81
-1461
-304
436
-999
2123
-1122
852
89
-165
-734
-287
-196
49
-46
516
963
-1681
385
-439
748
2086
698
462
1012
-357
259
266
-193
-1150
-1594
-169
-705
-684
274
1367
1642
200
-163
155
-1578
-1314
-1195
-1491
-826
564
-617
1331
1021
147
1350
-1347
-190
-1455
-323
-1043
729
748
-797
2243
-795
1988
-1472
-46
-2620
-1422
-2455
-1746
876
1412
2063
-238
2291
-1047
1161
-4754
-357
-1672
-2286
702
2051
649
1716
1380
1317
122
-4213
62
-2278
-117
314
2447
1408
1209
-594
-899
2099
-2208
-916
-401
-1133
-524
823
3882
-568
-171
-432
-1908
96
586
-156
-448
195
1524
147
1090
-528
-422
-1448
-241
2302
710
796
-946
1761
-1773
1886
-831
235
-2136
-697
782
-1090
713
-489
1823
245
119
-909
727
-1092
1044
-1587
952
825
365
831
526
-725
-1870
413
-949
123
1765
1494
748
919
107
-763
-2301
518
-367
-76
486
1574
1128
113
35
165
-16
-1041
-1925
1384
-495
753
1012
-607
2497
-2352
1332
539
-1008
-241
-181
602
439
2119
-108
121
2336
-745
-2069
-317
-621
-1241
971
1982
1506
-15
1071
-377
-2126
-2237
-3057
-87
-812
161
892
342
202
-1150
483
-1240
-524
-798
-705
936
-1159
187
1656
-422
43
573
322
-408
-2010
1779
-2651
1555
376
2386
-1240
-953
612
-4021
1038
-402
781
-1680
1185
-1416
644
286
795
-1596
-1252
1762
-617
1132
-760
-138
-2488
-1735
333
1488
1075
1333
-52
-1404
1180
-921
-539
825
2077
-2379
-277
2125
-1085
97
-515
681
-1036
143
-50
439
184
99
2333
-939
-690
-1300
1863
-1109
-1377
-339
-386
2250
-1470
2687
95
2131
-855
1959
-920
651
1056
-163
475
-956
2292
-1787
2829
-2032
2652
-2049
-1001
708
-2152
175
-122
1715
-194
-9
523
397
-243
207
260
1311
-99
934
2566
-747
504
-857
580
-548
-2573
561
-1112
2333
-1932
-560
3797
-1149
-246
134
-1099
-2058
-3304
1381
-242
-236
668
3971
213
-664
887
462
-3333
-4232
2241
-1919
1022
2370
3986
187
2672
-1339
-1844
-1019
-2516
1016
-603
2141
-1881
2278
-630
-791
1143
-1060
-948
-2143
570
-1868
1233
-2211
1864
-502
-1077
1676
-1735
920
-3214
1010
-1058
916
239
2222
1348
-141
531
-1124
380
-2198
-790
-1053
831
-958
-834
1983
-778
-1475
922
-267
-2052
-1549
1719
-1879
788
951
13
1302
-1366
464
-1147
-526
-1509
-298
162
-9
1594
1696
1413
1460
1481
-283
223
-594
-690
-983
171
-771
904
917
-353
966
-886
1340
-1275
1151
-562
211
5
735
1043
-104
1644
154
247
-380
41
-463
-658
-242
1286
280
185
911
1451
-1850
913
-149
872
-915
273
952
-895
84
-636
73
-1256
-443
-276
498
-35
453
-357
1422
-780
501
-172
1661
-982
-1597
2354
311
-1375
759
-88
-1471
1663
627
974
41
437
-592
375
-926
255
-1108
501
-26
-627
-289
1640
-1574
-938
442
-654
311
-1141
1987
-287
-430
-1040
710
-1774
1081
-192
1146
-978
421
-59
255
309
-420
1215
-901
1734
-750
1706
-1618
-1443
-1240
3
-328
-598
908
-304
-1015
-598
-84
1019
-1423
226
488
-1294
-233
-1826
1416
112
-355
-600
400
-32
-1548
1322
-715
84
-94
-823
1359
201
245
1331
661
-149
-968
-804
-595
-762
108
-746
593
40
1137
-669
747
-124
-225
800
-75
563
-118
609
347
506
-1654
854
-788
662
-113
502
854
-424
1692
-1246
1486
894
-961
-616
987
393
-1267
223
334
94
-736
470
-1029
820
-548
104
461
-410
128
-547
2238
-283
-659
-200
-285
-466
606
791
1373
-308
845
1095
-1248
-103
37
663
-897
1069
-102
-1029
563
-611
-650
481
767
-267
35
-470
365
-90
120
-501
1061
371
-1753
1349
344
-528
-1434
335
460
585
824
706
2134
-1085
-971
24
564
-1389
918
-142
-163
-17
-545
184
-248
86
-759
1945
-92
78
-1435
-30
-746
-347
178
194
468
243
-256
598
-137
-200
-885
-114
619
404
952
-766
417
-934
630
-1035
250
-881
-26
-1201
2258
1338
-1169
-580
208
748
-3454
671
-427
-1878
111
1009
32
-1448
1794
516
-1381
1007
-626
-1005
-837
1778
-437
1353
560
343
-1019
560
546
-3076
1444
-1452
77
-825
1352
-559
575
1326
-601
839
-182
-748
-1209
707
554
-1087
-1942
1237
-160
-1143
1631
1215
-891
1099
-152
-1129
-946
1506
-1346
472
1752
153
1224
648
1409
-565
-1622
-403
1450
-1213
510
-759
1154
-1146
150
98
255
-75
-910
1445
-793
377
-771
502
-515
149
-142
864
230
-308
917
-399
96
554
-624
-145
534
926
47
161
446
1428
-1039
-39
1073
-1164
-278
-481
1941
-2508
-1017
1
-630
268
638
694
-1165
1728
568
-1284
780
-394
-580
150
-1331
1042
488
-360
1006
422
833
-316
711
394
-1511
255
-670
1066
-1096
-450
3314
245
-711
409
-822
-1356
-799
94
-954
-1684
1670
795
573
138
872
-832
-608
-1427
-927
215
-623
831
-256
-314
-519
1286
-261
-66
-814
649
-162
-1
155
-729
264
-1047
-208
-352
86
-760
400
228
-813
-824
-97
1322
885
-1756
1037
1244
-1693
4
150
-1369
600
291
-143
321
1144
-571
-1105
2044
-1105
634
-238
2583
-1251
-1152
698
-1210
389
-907
924
451
-96
-1304
1518
-255
891
-3883
1713
657
-1438
1359
-74
975
-2822
1358
-89
558
-3101
2567
-45
1047
183
1302
1017
-988
1022
-2428
-932
-494
2393
-2184
4043
-1500
945
-1184
-946
462
-880
1165
-585
3081
428
591
-642
-1212
-2369
77
238
-115
3136
2094
200
85
-1053
-881
-2766
-139
2284
680
877
1103
-2193
1974
-3090
-1880
2388
-1205
2099
1656
1052
485
-859
-320
-1067
-2314
516
2137
-1943
-4946
4130
1900
23
6533
9601
3936
2544
2563
-403
-5064
-5148
-2960
-4272
-1666
-1317
373
-65
2440
1372
-1159
-523
-2067
17
-1516
-3800
720
-1184
499
-414
781
2089
-1493
-355
-1704
-620
-1951
-1195
-1339
-2335
751
1038
-329
1339
2424
1202
853
76
2391
457
-1498
-1445
-774
-70
-801
-267
-370
-352
-1642
-1536
-2699
-2315
-610
-2536
-1644
893
-433
293
-844
-244
654
353
3833
3413
3723
6861
8875
8163
10121
11855
9794
7529
1283
-3633
-8552
-14063
-18595
-20360
-19437
-16358
-14852
-11370
-6864
-3638
57
-354
2717
4439
4406
5057
6368
12732
20498
17733
27260
30716
32767
24179
734
972
-11340
-28428
-32768
-31786
-32767
-27521
-25259
-6376
8050
19689
28269
18281
26478
23811
10463
-269
-12931
-19458
-26730
-32768
-29817
-24455
-13480
-2186
8465
26475
32767
31183
32767
30906
32767
24920
-1864
-13173
-30418
-32768
-32644
-32768
-32739
-31958
-23340
11496
31642
30841
32767
30589
32767
23035
1628
-20399
-32768
-32568
-32543
-32768
-30795
-17738
10862
26948
32767
32240
32767
32143
32767
32229
32767
30897
-20037
-30319
-27249
-32768
-29251
-32768
-24877
-6951
2515
24936
32767
30770
32767
25109
12214
3068
-24628
-32768
-31178
-32767
-31076
-32768
-14115
22039
29558
32767
31130
30987
30905
7955
1849
19343
15832
32767
9535
-25229
6597
-24365
-32364
-31885
-32768
-433
-1472
-6020
28936
31059
32767
20781
-10439
2147
-9151
-32768
-32324
-32768
-13366
-4869
-16644
13265
28242
25026
19560
2200
13015
1759
-23622
-8775
15384
32767
29812
32767
18048
10431
-734
-32768
-30165
-32768
-31158
-28260
-22122
10208
32767
30388
32767
23984
14324
4206
-22151
-32768
-31962
-32163
-23311
-18067
-6923
26145
27339
21431
23780
12779
11078
-9928
-27789
565
23252
32767
30667
32767
18910
209
-14460
-32768
-30269
-32768
-31926
-19599
-2975
21503
32767
29821
32767
22827
1327
-10664
-31053
-32768
-32654
-32622
-15775
-3896
6882
31344
27898
26060
18643
2039
-1273
-19449
-30134
-4403
19801
32767
31043
32767
28081
-3017
-10766
-31925
-32768
-31028
-32768
-21111
-1130
18949
32767
31374
32767
31148
3546
-16076
-30176
-32768
-31243
-32768
-22548
506
10513
31561
32767
25700
21342
579
-11687
-19874
-32768
-13582
19016
32767
32767
31808
32767
5878
-12360
-27555
-32768
-30351
-32767
-28120
-2990
20348
32528
32767
31270
32767
7520
-26606
-31304
-32768
-32179
-32768
-28319
5326
19213
29071
32767
31308
28419
3934
-15395
-22135
-31918
-27735
8937
30552
32767
30501
32767
21271
-11255
-24349
-32768
-32265
-32404
-32768
-17124
17964
30302
32767
31802
32767
26880
-17574
-32768
-31626
-32768
-31742
-32768
-6863
23679
30107
32767
32409
30822
11165
-11763
-29130
-31243
-32768
-13341
23684
32767
32767
31738
32767
-2419
-25495
-28871
-32767
-30758
-32768
-30312
9512
32767
29848
32767
29432
32767
6739
-32768
-32126
-32768
-32672
-32767
-26588
14289
32767
31554
32767
32686
25987
-2697
-26331
-32768
-30898
-31901
1478
30094
32767
30465
32767
25441
-15761
-22964
-32672
-32768
-30826
-32768
-19422
27009
32644
32075
32767
31131
32767
-11027
-32768
-30793
-32768
-31552
-32768
-15417
26478
32767
32092
32767
32767
16645
-12690
-29436
-32768
-30894
-29352
7047
31356
32767
30513
32767
25182
-19256
-27062
-31947
-32768
-30248
-32768
-16606
32512
32760
32402
32767
31728
32767
-14282
-32768
-30565
-32768
-30858
-32768
-13802
29777
32767
32461
32767
32767
18953
-16514
-31703
-32768
-31465
-32722
1207
31730
32767
32306
32767
32128
-7288
-28470
-31092
-32767
-30882
-32767
-26217
23396
32767
30344
32767
29952
32767
-2511
-32768
-31169
-32768
-31784
-32768
-21514
21582
32767
31927
32767
32767
24479
-10397
-30115
-32768
-31390
-32768
-8243
29696
32767
32767
31654
32767
3681
-26546
-30637
-32768
-31825
-32768
-32768
7591
32767
29270
32767
29532
32767
16097
-30254
-32768
-32012
-32768
-31671
-32768
2553
32767
31646
32767
32161
31924
7871
-23661
-32768
-31060
-32768
-11753
26949
32767
32428
32767
32767
6357
-22672
-32452
-32768
-32227
-32768
-31938
5856
32767
30291
32767
29980
32767
14813
-29468
-32768
-32012
-32768
-31826
-32768
-965
30418
32767
32767
32766
31973
10743
-18644
-32768
-31420
-32768
-9100
27981
32767
32126
32767
30665
9246
-20259
-32768
-32460
-32616
-32768
-29724
7604
32061
31645
32767
30800
32767
10418
-30154
-32768
-32480
-32768
-32524
-30410
1595
29015
32767
31714
32767
27417
5853
-20785
-32767
-32352
-30642
3792
32074
32721
32567
32767
28575
4250
-26990
-32768
-32247
-32768
-32768
-26288
11824
31915
32750
32767
32161
32767
3504
-30393
-32329
-32768
-32328
-32768
-24730
7420
29791
32767
31717
32767
20621
-926
-25490
-32768
-32767
-23998
16065
32767
32182
32767
32767
23073
-4122
-31622
-32767
-32512
-32732
-32768
-19039
18133
32197
32767
31990
32767
29189
-6368
-32223
-31758
-32768
-31597
-32768
-19191
13674
31606
32767
32687
32767
17076
-4287
-29391
-32768
-32768
-15922
20735
32767
32663
32726
32767
18918
-12509
-32767
-32155
-32768
-32113
-32768
-14710
23854
32767
32767
32235
32767
28090
-9508
-32622
-32205
-32768
-32163
-32768
-18016
15361
32767
32752
32597
32767
17973
-6059
-27801
-32416
-32768
-18850
20946
32767
31815
32767
31817
19169
-11559
-32768
-32301
-32768
-32527
-32768
-12661
23990
32767
32767
32036
32767
27709
-8709
-32078
-32196
-32768
-31926
-32768
-19411
15660
32681
32657
32767
32713
20744
-3815
-29133
-32532
-32768
-20408
19191
32767
32011
32767
32441
20439
-9591
-32768
-32518
-32768
-32557
-32768
-15430
22150
32767
32767
32131
32767
29149
-5638
-31180
-32196
-32768
-31889
-32768
-20568
14054
32040
32767
32426
32767
20615
-2935
-27627
-32768
-32768
-20004
17504
32767
32289
32767
32463
21156
-8822
-32768
-32265
-32768
-32413
-32768
-17980
20080
32767
32767
32329
32767
29822
-2414
-29343
-32670
-32768
-32167
-32768
-20924
10977
30894
32767
32285
32767
18409
-4225
-26391
-32694
-32767
-20194
17488
32767
32211
32767
32767
18744
-9135
-32661
-32768
-32738
-32538
-32768
-18357
19856
32731
32767
32538
32767
32174
589
-29201
-32296
-32768
-32209
-32768
-24403
9537
31048
32767
32042
32767
17435
-4028
-24663
-32768
-32582
-26498
13186
32767
32767
32191
32767
25285
-2218
-29094
-32768
-32286
-32768
-32768
-27158
10123
32165
32558
32767
31824
32767
13672
-22603
-32418
-32768
-32721
-32768
-29978
-2199
26653
32767
31723
32767
25200
1553
-16801
-32768
-32604
-30896
-4286
27497
32767
32767
32253
32767
9101
-22054
-32768
-32484
-32768
-31971
-32768
-8826
28682
31995
32767
31989
32767
29898
-5563
-31387
-31779
-32767
-31831
-32768
-18321
11186
29195
32526
32767
32767
12465
-7966
-24420
-32167
-31853
-22140
5277
29320
32767
31796
32767
31901
1184
-27193
-32149
-32768
-32203
-32768
-32768
-3580
30224
31373
32767
31144
32767
25793
-8024
-28413
-32299
-32768
-32101
-32575
-16749
6670
19682
31167
32767
30509
13906
-4807
-17648
-22161
-21800
-15768
993
25155
32767
32008
32734
32767
6532
-23721
-30239
-32768
-31757
-32768
-32768
-17061
19326
30613
32767
31960
32767
32036
6902
-14327
-29544
-32768
-32519
-32273
-26689
-7472
1376
18799
31502
31388
22977
9695
-1456
-4936
-8304
-15925
-6832
10443
32337
32767
31278
32767
17648
-8913
-23424
-32768
-32367
-32339
-32768
-26873
-1040
23049
32767
32767
31388
32767
19718
3667
-17679
-32768
-32695
-32084
-32768
-22375
-11522
1487
22466
30768
28602
21155
12423
7526
1206
-10922
-10837
-1408
16819
32184
30692
32767
25090
3002
-11754
-32246
-32768
-31831
-32768
-31725
-18017
9244
30271
32767
30791
32767
29233
17540
-3005
-29135
-32768
-31119
-32768
-30291
-20750
-8585
15707
31120
30756
31548
22430
9879
4465
-6733
-16685
-14716
-2716
18808
31571
32767
32767
17433
4374
-14612
-32509
-31553
-32768
-32557
-30564
-14876
18746
32767
30727
32767
32628
29695
17737
-15308
-32768
-31780
-32768
-32768
-27344
-17662
675
24617
31980
32331
30314
13737
6809
-5497
-13737
-21801
-18787
2783
25020
32767
32767
31948
21275
8279
-24129
-32768
-31293
-32767
-31316
-32768
-12705
25494
32767
31024
32767
31505
28432
11153
-22553
-32768
-31034
-32768
-31628
-21974
-12638
7409
28941
31575
32767
26009
6230
-190
-9020
-15198
-18286
-10990
11161
30222
32767
32767
31384
16148
-5961
-32403
-32768
-32196
-32767
-31890
-30213
1300
31488
32767
31625
32767
30470
23157
3987
-26829
-32767
-30841
-32768
-25895
-12901
-6503
7597
21954
28290
26260
13465
139
-5168
-9221
-6221
-5275
3888
23637
32767
31869
32767
26369
2817
-20115
-32767
-31943
-32768
-32768
-32477
-22890
10443
32767
32767
31480
32767
25324
15233
2169
-26300
-32767
-31540
-32768
-18069
-8354
-6346
521
9652
17842
19783
10032
3139
-141
-460
5783
8647
18272
27329
32767
32191
