742
703
352
75
380
106
235
310
-272
73
91
101
382
533
452
346
581
337
-43
207
313
142
-1
-66
-27
90
71
-48
9
92
51
-93
-175
-146
-166
-211
-449
-544
-190
-206
-217
-172
-262
-594
-462
-223
-463
-470
-515
-340
-76
227
183
-172
-359
-51
-98
-273
-140
-439
-315
-126
-108
6
-124
-49
-17
-32
329
591
532
641
789
701
751
894
805
444
766
450
-4
-222
-657
-528
-583
-440
-484
-629
-344
-17
-83
-295
-216
-13
-156
-254
-271
-422
-208
59
13
100
97
-77
-156
-234
-207
-417
-679
-721
-685
-410
-252
-154
85
340
441
312
-56
-128
58
68
254
273
464
468
485
401
100
117
-78
-130
-148
-208
-60
-93
178
188
62
29
-164
27
52
209
82
102
121
-28
182
372
345
210
315
85
120
594
477
389
442
422
591
289
197
78
-288
-88
75
-239
-281
-141
-455
-544
-484
-501
-504
-376
-123
30
158
264
112
-143
-258
-333
-580
-690
-381
-351
-369
-21
285
292
368
666
423
252
476
307
146
153
228
387
471
489
518
423
542
663
171
-197
-505
-678
-473
-531
-529
-296
-37
180
414
607
304
41
-61
-565
-785
-869
-927
-428
-141
-50
82
-106
154
238
-104
-142
-266
-362
-325
-472
-938
-697
-544
-550
-232
-236
-247
-98
355
269
-93
16
-1
-11
-27
-124
-151
-65
6
-204
-328
-411
-444
-368
-127
83
394
719
673
735
804
753
513
251
230
-14
47
-83
-96
38
-103
47
-386
-423
-223
-303
-97
62
41
-18
-23
-188
-201
-20
-56
88
265
322
284
251
365
424
715
794
513
654
756
745
695
160
-219
-532
-761
-987
-1305
-1314
-1050
-765
-341
-273
-233
24
161
5
90
117
189
387
0
356
465
368
656
859
558
651
797
415
240
98
-30
-67
277
240
-44
172
499
561
407
42
41
96
-84
-146
-197
-270
-210
-211
-157
-89
-297
-281
-72
-146
56
239
51
-299
-509
-614
-551
-224
-284
-473
-560
-353
-18
110
-28
126
87
37
287
246
174
314
462
364
259
167
21
62
15
-202
-245
-184
-19
-33
-136
-58
-56
28
218
69
-119
-197
-246
-418
-472
-518
-693
-642
-467
-500
-382
-269
-363
-216
13
-106
-31
124
-35
-27
-5
93
-72
120
214
266
321
207
380
456
436
501
604
616
439
354
467
245
230
-6
-209
19
-132
-316
-130
-241
3
238
204
336
253
425
176
-46
-57
-45
-88
-217
-468
-571
-381
-444
-215
-46
129
301
266
224
33
-79
-163
-162
-92
-229
-208
0
75
-108
77
87
108
373
102
-21
145
284
218
381
620
397
123
323
252
149
154
9
44
97
116
153
472
440
334
297
70
41
73
36
-163
-146
-304
-482
-519
-394
-453
-535
-606
-781
-485
-572
-473
-224
-104
-142
-54
116
139
-97
-259
-151
65
473
527
678
786
553
308
146
-212
-111
-239
-316
-248
-309
21
-304
-157
191
145
-117
-366
-268
-99
-182
-426
-303
-94
45
226
269
-192
-260
-218
-315
-285
-245
-333
-221
-265
-139
98
175
439
217
186
98
146
187
79
114
110
-32
-42
-12
-91
-315
-315
-222
-182
9
-177
-195
-137
3
97
193
251
384
407
176
224
210
186
155
59
-187
-192
51
229
307
323
482
434
187
87
93
46
-130
-170
-319
-521
-537
-595
-604
-674
-372
5
-142
-40
279
326
277
123
145
49
233
263
159
202
330
620
357
-36
-24
134
256
47
-86
139
203
272
385
462
209
367
334
78
-66
1
118
117
378
499
433
512
113
-80
-99
-343
-141
-246
-190
-190
-105
130
54
-126
-9
-252
-292
-160
-183
-106
-56
-61
101
110
-145
-200
-9
17
-278
-182
183
269
120
292
272
359
-96
8
-122
-265
-68
-203
-236
-54
112
67
-14
-294
-273
-670
-598
-217
46
217
225
-69
96
-24
-312
-329
-298
-323
-592
-405
-125
-54
100
-69
-177
103
-261
-619
-530
-259
-135
34
-54
-290
-71
203
151
57
-105
-181
-291
-132
70
51
145
311
659
401
280
343
355
556
142
-197
79
27
-175
-20
-43
-23
-106
-94
-189
-354
-357
-222
-6
97
179
53
333
221
-27
-199
-276
-211
-152
171
397
213
234
421
73
32
140
354
210
-177
-11
180
35
-139
164
634
188
83
514
372
156
75
338
87
-55
94
63
214
149
137
150
-11
92
-79
-233
-43
-117
-349
-141
98
-89
-38
385
29
-251
40
-170
-319
-575
-551
-282
-264
-101
-42
-247
-252
-197
82
-367
-307
-142
-83
450
412
-19
256
583
92
191
85
127
-25
64
353
306
148
300
294
-99
-1
237
359
80
-74
-216
-601
-571
-553
-829
-827
-746
-965
-865
-789
-1100
-1812
-2748
-2566
-878
1305
2515
3114
2902
2208
1622
1088
1137
1220
349
-785
-611
-536
-1268
-1050
-207
-125
-208
-229
-134
69
-471
-315
126
-280
-108
244
254
232
374
408
444
775
643
696
571
175
109
301
371
202
378
276
53
-138
-254
-288
-289
-313
-418
-492
-626
-744
-90
139
-114
305
258
2
41
164
-61
30
433
412
419
817
772
284
37
151
355
190
-41
-191
-177
42
-84
-491
-145
424
83
-231
-19
138
36
-14
505
400
-143
-27
357
-153
-543
118
208
-10
186
62
-535
-558
-72
-39
-516
-387
0
-431
-257
143
-71
-45
96
51
-401
-324
89
-127
-203
218
56
-204
-8
233
170
353
546
-162
-524
-245
13
269
186
34
252
-533
-574
-99
-283
69
302
-364
-909
-53
384
-746
-579
482
-496
-776
289
235
-911
-811
317
-386
-473
387
3
-558
-172
508
-480
125
945
58
-6
-653
12
-529
-1023
-261
-1196
308
-801
-1401
-526
-1096
582
-157
103
-98
-851
172
-764
69
335
156
742
-408
-151
-538
814
1747
679
1392
522
858
1059
1429
1900
328
817
300
100
808
980
1526
727
869
569
893
1210
515
448
30
-49
-171
-324
-625
-1050
-1534
-2410
-2575
-2548
-3276
-3351
-3708
-3768
-3910
-3864
-2997
-2716
-2109
-1811
-1521
-1164
-779
-59
-119
239
478
913
1467
1933
2882
3320
3713
3891
3829
4207
4692
5071
5612
6144
6804
7240
9123
10627
11591
11760
11907
13463
15068
16071
2821
-27454
-32768
-32527
-31706
-12112
2277
17240
12274
6388
4117
5480
12835
5715
-228
-17573
-28885
-27687
-18610
420
13146
20645
17691
13053
11898
10064
13613
8870
1910
-7799
-15223
-14736
-12703
-2423
3724
7450
7339
5505
4997
1808
1001
-1399
-5658
-8728
-12197
-9183
-6475
-535
4828
7250
10512
5597
8582
4608
2695
955
-3148
-2324
-7115
-2939
-2646
501
3296
3108
4902
814
1054
-865
-2516
-2787
-4566
-3473
-3724
-1816
227
1179
4137
3383
3386
2403
1091
905
-1614
-626
-1889
-1329
-393
-285
1536
1216
2653
1573
877
451
-1164
-1277
-2811
-2102
-1935
-1748
-582
-704
411
8
303
190
-211
-376
-1145
-1049
-1160
-393
723
1614
2339
2236
2023
1444
932
616
-33
-316
-936
-920
-784
-491
233
776
782
953
275
284
48
-364
-386
-1219
-931
-1390
-570
-7
472
1081
550
368
-573
-3205
-5207
-5574
-4264
-1595
768
2752
2974
2447
1446
815
1065
1294
1118
575
-6
-248
136
716
1890
3029
3390
2966
2733
2138
1842
1476
692
-238
-1406
-1524
-1489
-650
311
795
1139
911
427
-138
-685
-1369
-1887
-2258
-2167
-1822
-1507
-645
50
451
740
151
-637
-1613
-2042
-2571
-4332
-3663
-2099
-175
1178
1665
2756
1611
715
227
-134
99
223
1027
621
56
799
1490
2519
3534
4046
3273
2172
1431
912
1711
2729
3484
4069
4614
4829
5321
6650
8856
10943
12138
11364
9152
7375
6988
-2434
-24689
-32767
-31999
-32768
-27950
-10824
9318
17035
16706
13939
6797
3252
75
-963
-4375
-11184
-13612
-16401
-13549
-4917
4708
13964
18461
20161
16251
9812
5393
-50
-2984
-4524
-6085
-7789
-8569
-6087
-4114
-935
3164
2595
-78
-2260
-2574
-2970
-3241
-1015
-288
212
1093
2018
3148
4255
5937
6978
6705
5928
4573
4172
4720
4753
4699
4076
3947
3758
3680
3784
3493
2842
2671
2139
1779
1574
1968
3058
3010
3785
3142
2411
-1777
-9047
-14230
-18396
-18255
-16300
-12174
-6624
-3842
-1468
-931
-852
123
753
2236
1554
300
-946
-3148
-2790
-1308
607
2343
3198
3589
2046
1387
2302
2539
3264
2894
1901
427
-1045
-790
-125
1554
2633
2752
2458
1473
746
163
-50
582
962
1361
1388
1073
1464
2229
3268
4017
4827
5157
4836
4258
4058
4142
4309
4567
4532
2879
-420
-3329
-5831
-7728
-9155
-9886
-9565
-9577
-9680
-9579
-9339
-8300
-6360
-4273
-2827
-1726
-969
-1036
-1091
-467
382
1192
1821
2354
2422
2863
3401
3884
3921
3551
3563
3116
2550
2003
1007
491
62
25
13
-583
-473
-615
-450
-130
24
-229
-549
-502
-163
495
1365
2309
2733
2761
2937
3352
3225
3223
3089
2804
2553
2245
2051
1827
1813
1623
1309
902
651
329
-244
-853
-1331
-1625
-1547
-1055
-928
-1073
-1476
-1918
-2757
-3045
-3280
-3595
-3435
-3677
-3377
-3016
-2530
-1673
-1297
-1370
-1725
-1887
-2041
-1993
-1496
-1021
-363
-90
294
447
563
515
339
611
999
1611
2054
2454
2595
2667
2829
2997
2917
2836
2698
2610
2834
2839
2842
2758
2914
2765
2597
2475
2225
2181
1522
1583
1872
3188
3973
4274
4822
4613
4379
3789
2808
568
-3361
-7711
-9617
-10590
-10390
-10094
-10155
-10387
-11325
-10297
-8037
-5407
-3568
-3126
-2665
-2747
-1715
520
1746
3155
3438
3193
3027
3265
4059
4703
4618
3879
2779
1392
1440
1669
1804
1206
276
-638
-1438
-1338
-1434
-1906
-2545
-2841
-2618
-2387
-1058
167
692
1413
1862
2283
2548
2876
3102
3409
3070
3377
3346
3215
3358
3174
3558
3569
3856
4000
3766
3466
3008
2431
1771
903
515
405
400
536
646
-43
-1483
-3466
-5233
-6069
-7033
-7456
-8055
-8501
-8676
-8238
-6576
-5158
-3659
-2549
-1519
-683
-42
396
291
-108
-779
-717
-284
251
642
729
1038
1838
2406
3037
2836
2615
2599
2082
2018
1527
1017
684
706
1301
1934
2144
2350
2340
2317
2218
2068
2722
3408
3802
3882
3342
3300
4096
4879
6001
6842
6956
6571
6202
7067
7771
6721
3445
116
-2933
-5575
-9094
-14858
-16937
-18594
-19230
-17910
-17100
-13988
-10449
-6110
-1684
1022
3070
4243
4416
5130
4814
4070
2763
1674
1435
1250
1262
1897
2386
2891
3333
3468
3576
2964
1754
-542
-558
-2433
-3920
-3302
-3239
-2729
-2379
-2089
-1757
-1328
-364
16
295
1769
2357
2805
2749
3402
3866
4238
4145
4054
4333
5350
6475
6555
6847
6821
6811
7368
7508
6686
7298
8960
10019
10937
12464
7774
-2424
-6682
-13263
-21116
-19164
-23785
-28790
-26167
-24681
-18677
-11949
-7110
-2285
1524
6877
10684
10563
10319
8833
6957
6213
3975
1807
-480
-2276
-2259
-2681
-1724
-640
392
1076
1625
1303
1646
279
-2174
104
-844
-2448
-3379
-6136
-4988
-1933
-306
433
-180
1116
3248
4306
6142
5287
4734
5598
6379
5772
5319
5478
5441
6500
6826
5961
3641
5615
7215
9474
9542
9101
8754
10003
13660
15800
8011
-8553
-17398
-24331
-17776
-21364
-32196
-32497
-32291
-20626
-9874
-8689
-6505
-355
8555
16652
16268
13417
11246
11162
11551
7334
1100
-2686
-4550
-3099
-2597
-5358
-5742
-4367
-225
3309
2240
1622
1402
3576
4960
3376
-949
-5950
-3671
-4524
-5430
-7653
-8657
-4149
-862
1354
2018
2683
4909
7959
8240
7046
6357
5937
7512
8596
6371
5175
3800
4198
4953
5056
4245
3751
5044
9211
10453
10461
11422
13657
16833
7337
-16537
-24524
-12581
-18048
-25459
-29801
-32768
-25779
-11254
-8670
-13513
-6299
7054
14335
17438
14714
7494
12739
15759
8893
2527
-2432
-3237
-1838
-1842
-5081
-8075
-5127
84
1325
1470
555
649
4328
5180
4105
610
-801
-5787
-3790
-2320
-7343
-8095
-7147
-3864
-2327
817
2043
2680
7112
9410
6820
8420
6913
9528
8319
6902
7190
4022
4381
4721
5606
2397
3418
3026
1821
1747
703
3087
506
370
2264
-2460
-2416
-1754
-7181
-11420
-8305
-10645
-15883
-16374
-14419
-12928
-8737
-5525
-6878
-2938
3854
7545
6354
7582
8006
8324
9016
6130
1359
696
1128
-253
-1761
-2909
-2892
-1645
-974
-522
-2208
-1259
-1868
-6016
-119
-3005
-3903
-1972
-3492
577
2105
2439
2145
2489
5196
3846
2830
4431
3905
5942
4442
5158
7497
10917
12230
11406
12084
12659
19557
18058
20689
14776
-4933
-21745
-17189
-5318
-27586
-31260
-32331
-31332
-17524
-16080
-15390
-15965
1802
14039
9971
12283
13668
13512
19602
14041
4543
994
278
1292
-4361
-6061
-6145
-6956
-4079
-912
-1197
239
3405
2927
4081
5262
4986
4338
2235
-114
303
-872
-3090
-5255
-6018
-4762
-4509
-4245
-3677
-1701
-591
1322
3459
3134
4201
5956
5026
6827
4979
1980
1852
206
3261
779
-1458
-4368
-9250
-786
-4025
-3454
-2636
-8015
-28
-2656
3741
4300
-2406
3945
4038
4933
6218
510
1066
4608
247
2740
-3059
-1879
2850
-2312
115
-3926
-1162
4677
-1225
2579
1194
-4173
4983
-2885
1224
2543
-2103
2214
-6731
-1162
-914
-1065
-1492
-4322
-3589
-4633
4163
880
-1151
-1184
-2277
3258
4474
4432
-2468
-1554
4450
3433
5967
1940
-4627
3354
1022
1256
2426
-5514
4257
-175
-578
2135
-4928
1640
251
-839
-1103
-2266
-2371
1202
-4758
-2721
-619
-3386
2769
-2632
-1048
-580
1268
823
-2024
-2761
2362
-1491
1833
4005
-4027
1378
1933
-2024
6321
-2849
-1424
5364
-6469
8492
-3375
-2603
2900
-3384
2986
-353
-2515
2290
-883
342
1463
-2241
3978
-3885
805
551
-915
2794
-3243
-1719
2289
3817
-432
2024
-2938
1059
6136
-1693
3001
-4191
-2259
3568
-1675
-1555
-787
-2949
1154
-534
-4347
943
-1419
-963
1415
-4973
-1168
2116
-1458
3565
-3177
-1161
1627
-1173
3606
-569
-1213
2323
-163
1257
763
-1995
1511
1500
1067
