1581
-2458
-854
3214
-981
-3794
-1257
1541
657
-3992
-2557
1316
-900
-3653
-53
168
-686
1026
1187
2114
1455
2233
2399
487
-523
821
-760
330
629
-2103
-1572
54
276
-292
551
441
1619
743
380
74
-648
577
-207
-2163
768
1529
-1194
-1066
1786
2683
-1305
-1507
1093
251
-2607
-587
896
-1400
-1369
714
-394
-2103
-769
1583
997
-2929
610
3798
-11
-968
441
1415
-165
-1582
1120
1138
-1364
249
1427
-177
-412
1698
672
-858
-380
-722
427
-1832
-527
-507
-779
944
-1053
127
1261
276
-1509
-704
290
54
-1201
892
1446
907
963
2057
2028
-643
594
-671
-1881
-3004
-2389
-1463
-663
204
900
1270
814
2077
1160
-358
560
1037
-3016
-2962
-873
259
297
18
252
1478
1829
-1156
-542
1323
905
-1440
-1423
257
1274
-1156
764
3365
470
-859
-25
111
96
-5
-1442
-1147
-670
-1558
-792
465
-254
931
876
102
-397
487
1281
-287
-1005
-381
-459
346
-1477
-2827
173
1097
490
-1438
133
2745
2040
-1834
-1576
1928
980
-396
277
182
794
1498
339
-463
-1130
463
418
-1576
-264
2026
491
-538
-311
1077
1444
198
-1205
-1061
2404
-528
-2881
2030
3628
-781
-3626
875
2870
-3758
-4344
3552
2633
-3016
-1419
1606
3247
645
-912
3468
1713
-2023
299
39
-679
-834
657
720
-2210
-2418
1447
755
-3826
-26
2663
-417
-1651
329
836
-1438
-2935
1469
2305
-1756
-699
1440
1528
993
-830
-362
704
-190
-587
-987
-1609
439
399
-498
950
1182
694
-231
2583
2131
427
-1170
488
1369
-3276
-2360
1168
942
-139
-1588
-892
627
-1624
-1027
635
249
-906
-655
1182
1664
-838
-797
1510
-986
-3028
819
-30
-545
-601
-91
1792
894
610
2020
956
-2194
852
-1278
190
1255
-138
-8
-483
1441
582
-1764
39
2193
-1527
-2342
175
1237
218
439
791
1
-438
312
-1251
-913
-297
297
326
-1096
-632
774
802
-881
622
1874
430
-1134
462
600
-1688
-2420
-847
-263
-416
-536
1927
1448
-604
-149
1924
1062
-1005
122
-631
-412
-706
-56
255
2301
1298
-1043
-637
1775
885
-1870
342
1354
447
-1387
869
2160
-940
-1290
990
56
-759
1
244
-157
-873
1356
1052
-1512
-1335
726
635
-132
-244
613
1604
212
-222
145
-36
-852
81
98
1215
443
-1002
481
39
24
69
-1480
-1536
873
-259
-862
-209
504
1175
-200
254
2311
-369
-2668
1252
905
-2891
-2926
400
867
-1658
-1839
1370
1725
-1105
-1178
937
408
-1690
-126
845
305
-917
-77
1728
670
-684
1686
1641
118
694
1461
-240
-2081
92
-614
-1801
-1920
390
1819
-887
-222
3496
1369
-1090
723
1621
105
-3054
-278
2757
-981
-2379
1854
1417
-1769
-954
195
518
-2220
-1168
1358
-213
-1175
77
593
5
532
1472
1516
43
-64
-440
-868
-149
-684
-1777
-928
-1179
616
1486
848
1051
1298
1543
-258
-1517
-372
629
-1573
-1706
-546
63
-334
-760
982
1630
-113
564
1378
533
679
-536
-1577
-981
-1131
-946
-1061
-1402
-459
74
63
137
211
1288
1570
728
1001
1276
-198
-1402
668
603
-1112
-1284
560
2291
1174
-448
1252
632
-1110
825
87
-1528
-686
-272
-219
-161
-519
-325
-2000
-146
2027
-495
-491
1772
1438
-1783
-723
1368
-687
576
252
-320
649
-1378
-1166
253
1213
2070
772
-554
-725
-1103
-159
914
-64
-399
624
-37
-783
-513
-92
538
156
-1458
-305
1065
-684
-230
1958
1539
620
-963
-440
1710
-1919
-2603
-16
119
-38
253
1457
1321
1523
-305
582
1642
-537
-1744
386
340
-2613
-350
1165
-405
-2542
1458
3278
-1280
-1711
689
628
-274
-1301
50
840
-1934
-1828
724
1979
978
-883
93
262
-3082
-2236
1035
1682
62
162
1519
1824
290
-3564
-3112
-187
-2780
-4198
2187
3893
1821
1618
1678
3364
224
-946
-166
-1830
-4066
-3804
-173
1387
258
891
1811
488
664
-1566
-1047
986
-1071
-3007
-450
2066
22
112
1863
3495
187
-704
1673
-500
-4998
-4201
282
-561
-895
557
2657
2202
1809
1810
2085
380
-1720
-1172
988
1279
-1881
-366
-176
880
1191
-409
-586
1789
-3062
-7683
-98
2115
-157
-1108
423
2876
1933
-5293
-711
4222
-1366
-3438
1326
6126
6268
4816
6154
8974
317
-2904
-513
-823
-2835
-4102
-2660
-4864
-11497
-10854
-5159
-8563
-15150
-13884
-7883
-9655
-9997
2855
17523
29135
32575
32767
32030
32767
31207
32767
8862
-32745
-31919
-32767
-32267
-32768
-32463
-32768
-32768
-28930
5149
31042
32767
32767
32631
32767
32321
32767
31364
32767
-12748
-32768
-27982
-32768
-31265
-32768
-30056
-28129
-32768
-18553
32767
23189
-22289
620
32767
3500
-18951
29221
31571
32767
29798
32767
17834
-32083
-32768
-31454
-32768
-30551
-32767
-23069
-28010
-32372
20761
32767
15623
-32072
16515
6382
-32768
-32768
10415
32767
28604
32767
29864
32767
-21663
-32768
-22962
-32768
-30484
-32768
-24334
-11788
-30686
23138
32767
32270
10988
1370
3
-32768
-26003
-32768
5613
32767
32767
30799
32767
27516
-24787
-32653
-19050
-32768
-26614
-32768
-18425
-9976
-23271
32767
30399
32767
-4421
11460
598
-32768
-29070
-32768
-28767
8999
32767
32767
29759
32767
-6865
-21117
27469
-31889
-32509
-32143
-32768
-22944
-32768
10255
32767
32767
27551
27371
27829
-30355
-32299
-32768
-31756
-32768
-26291
27800
32767
30661
32767
25427
27838
16449
-32768
-30857
-32768
-32346
-32730
-32184
20966
32767
31285
32767
32385
30573
-25208
-32768
-31752
-32768
-31858
-32768
20400
32767
30412
32767
30414
32767
21321
-29683
-32768
-31328
-32768
-30058
-32768
811
32767
29874
32767
30106
32767
5733
-32768
-28788
-32768
-28661
-32768
-14090
32767
32767
31577
32767
29917
32767
13589
-32768
-32446
-32195
-32768
-30295
-32768
1608
32767
29837
32767
30256
32767
-3694
-32768
-28372
-32768
-28299
-32768
-11739
32767
32767
31618
32767
30397
32767
19589
-29904
-32768
-30921
-32768
-29380
-32768
-1950
32767
30176
32767
30608
32767
10598
-32768
-29663
-32768
-29888
-32767
-19714
28667
32767
31948
32767
32394
32767
32384
-13230
-32768
-29714
-32767
-30381
-32768
-23611
29309
32767
32618
32515
32767
25003
-26761
-32768
-32098
-32768
-32015
-32768
-1075
32278
32297
32767
32174
32767
29502
27117
-5929
-32767
-30815
-32768
-31675
-32447
-18643
14713
32767
31363
32767
25773
-8913
-25192
-27867
-32768
-31464
-32768
-27722
-4238
25008
32767
32767
32486
32767
31917
32767
14520
-29443
-32571
-32768
-32086
-32768
-23476
-781
14845
27524
32767
31302
3062
-20491
-16690
-23170
-32005
-32768
-31056
-15134
6799
30082
32767
32678
32714
32767
32305
28493
-8418
-32768
-32242
-32768
-32767
-27837
-5061
3402
17410
25737
27175
13708
-17570
-32768
-31767
-30093
-32768
-31677
-16456
7688
28562
32767
32204
32767
32502
24134
19533
17661
-9331
-31648
-32768
-31684
-22385
-11344
-7143
-2961
575
6092
5081
-13286
-29083
-23276
-12184
-10749
-13563
-10894
-2041
11290
16005
25787
32504
32767
24795
17891
27527
25476
11403
-9644
-21670
-24463
-19913
-16941
-11743
-8757
-8659
-7105
-2771
-5466
-10342
-15062
-19190
-15513
-14996
-12324
-11809
-5063
5425
19101
29189
32680
32680
32132
32087
32767
21875
1056
-10456
-22252
-31364
-27609
-18795
-18930
-23580
-17819
106
575
-13301
-14764
-7320
-6055
-15108
-17664
-8747
-7188
-4830
10254
27674
32767
32362
32767
32460
32767
27607
5595
-12219
-28451
-32768
-30267
-18613
-13704
-16892
-2154
4391
2438
-981
-9145
-20465
-25726
-26834
-20538
-13439
-10850
-6631
18068
29466
30920
32767
32767
31972
28204
27636
17181
1144
-17611
-22442
-18761
-13948
-11013
-10336
-12308
-12925
-15930
-14927
-18244
-22037
-23517
-14088
-6593
-5488
-2635
330
6653
9100
12392
20245
32767
30769
31423
32273
32767
26734
3025
-10657
-13686
-25043
-31559
-23726
-24346
-23510
-18234
-2654
944
-5366
-5813
-5615
-4577
-15019
-22890
-21367
-21040
-15626
-8005
10430
31684
32767
32585
32767
32233
32767
22897
-1128
-22746
-32767
-32300
-32738
-24935
-12854
-8237
2992
10249
7081
-5616
-13392
-25985
-32768
-32037
-32767
-29397
-19647
-2095
20142
32767
32281
32767
32618
32767
32767
24777
9920
-8381
-24000
-26732
-20248
-13494
-10104
-10825
-9140
-6523
-9578
-20490
-23714
-25549
-27896
-29568
-25029
-12663
-8229
-7756
-894
13223
23121
30485
32767
32240
32767
32223
32767
29720
9468
-12464
-26819
-32603
-32540
-29973
-16629
-12954
-15303
-3471
2000
-6141
-24176
-29181
-25907
-30125
-32768
-25862
-11535
-1172
17517
31828
32767
32518
32767
32356
32767
30532
15767
-99
-10927
-24822
-28373
-17776
-12177
-10886
-8480
-9252
-12554
-20509
-32360
-32767
-32659
-32768
-27393
-10390
2097
8492
15847
27170
27423
19260
25899
32767
32609
22397
22422
30593
29060
16845
9624
-2709
-16361
-26719
-29209
-28599
-30450
-32183
-31057
-21758
-13561
-6906
-4151
-2011
-931
-1819
-1844
-4694
-13571
-16131
-6913
6129
20512
32684
32624
32767
32730
32743
32721
17016
-16190
-32683
-32768
-32471
-32768
-26888
-11440
-4492
5828
10430
8756
-3454
-14222
-22360
-30977
-32768
-29979
-18142
-8501
3323
19256
31656
32767
32734
32767
32767
31828
19489
9560
420
-12480
-24320
-27997
-23603
-10263
-7590
-10928
-5509
-4693
-13277
-21346
-19575
-21711
-26263
-25696
-11436
-4254
384
8618
8917
7242
14052
19987
24722
32354
32618
32631
29868
28362
23032
11621
-7805
-18777
-24564
-27765
-24427
-21366
-17177
-15494
-10041
-6844
-6922
-8235
-8697
-11703
-13894
-14293
-12625
-11500
-11140
-7069
-146
14720
26769
32767
32528
32767
32522
32767
27382
12965
-114
-23271
-32767
-31910
-24438
-20584
-19847
-10733
-1409
-1547
-6638
-11466
-12661
-14719
-25499
-23532
-14292
-13175
-12308
-5035
7529
17588
27793
32767
32588
32767
32538
32767
25370
11360
-4247
-15937
-24670
-28788
-28162
-14679
-7691
-10437
-3010
-2605
-12136
-15410
-18481
-25531
-24555
-20311
-15082
-9125
-194
810
3698
9121
15484
21137
30175
32767
32240
32767
32140
31472
20670
6331
-10658
-21467
-29132
-30614
-29177
-20397
-15541
-15565
-10162
-8490
-6227
-10736
-17207
-19198
-17106
-13383
-10287
-9149
-3981
3478
12241
20141
28741
32767
32203
32767
32306
32767
23916
4597
-11236
-19526
-27399
-32768
-32063
-23646
-15197
-13963
-11365
-9185
-4161
-7649
-13334
-13413
-9967
-12314
-15362
-10504
-5020
-5062
-1441
12209
25247
32767
32611
32767
32527
32767
26489
14586
1741
-17155
-31653
-32768
-31764
-26990
-22783
-11508
-3897
-4942
-416
214
-5959
-16086
-18370
-20406
-19118
-16847
-12663
-5390
4755
14082
24516
32767
32408
32767
32481
32767
31922
19287
1322
-11630
-24915
-32083
-32768
-28076
-27586
-23809
-12446
-8619
-6064
-6720
-7537
-6199
-11237
-16144
-13993
-11769
-16602
-15195
4233
8767
23304
32767
32722
32553
32767
32044
32767
24845
-11452
-24166
-32068
-32768
-32723
-32713
-32768
-29655
-16798
-3575
10687
12324
-2202
-639
1210
-16243
-21433
-16670
-19406
-12141
8712
25656
32549
32767
32522
32767
32569
32767
30408
-11502
-22230
-25513
-32768
-30334
-32768
-30544
-32768
-21805
-12624
-3272
14131
8269
7868
10070
-6020
-10911
-10156
-17806
-4662
18236
29660
31969
32767
31520
32767
30407
32767
13945
-12641
-8943
-32768
-32119
-32768
-32767
-32502
-32331
-20746
-20924
8696
15734
8367
15331
6763
849
-1960
-16862
-7412
4460
12098
28975
32767
32377
32767
32761
32524
32635
3874
-2484
-17828
-32768
-29952
-32767
-31058
-32768
-31948
-22420
-4583
13289
15292
13781
9431
3379
-4368
-14469
-12340
-6523
649
27878
32708
32767
32226
32767
31883
32767
27538
4644
2626
-26095
-32768
-31144
-32767
-31502
-32768
-31857
-25904
-9338
10364
6117
4542
13213
1241
-3554
-5951
-10667
-3669
7625
23998
31459
32767
31904
32767
31611
32767
27407
11252
6058
-28184
-32767
-31536
-32768
-31437
-32768
-30979
-32419
-9269
13417
8702
14603
19811
5308
1128
-196
-11447
-6835
4299
16344
29130
32767
32085
32767
32553
32767
32398
15040
9352
-21282
-32768
-30905
-32768
-31558
-32768
-31725
-32736
-15098
15040
14202
4573
24586
8671
-12429
4487
-14154
-21088
6622
6934
20222
32767
32462
32718
32767
31963
32767
22235
10494
-6827
-32768
-31645
-32768
-32396
-32767
-32768
-32617
-24825
2896
2616
-2084
18340
8438
-5768
5487
-1753
-14498
1554
7705
12848
30259
32767
32595
32767
32705
32767
32409
25229
17558
-17942
-32768
-31291
-32768
-31871
-32768
-32163
-32458
-18485
-321
1902
3410
14390
3824
-6125
6991
-6536
-15618
5387
1991
14191
32767
31926
32767
32309
32767
32357
32767
29054
11789
-20162
-32768
-31461
-32768
-31863
-32768
-31942
-32768
-21796
243
-2193
9745
11139
1625
4914
-1897
-9197
-5064
2717
2007
18735
32674
32767
32653
32767
32622
32767
32424
25985
13811
-18600
-32768
-31225
-32768
-31861
-32768
-32201
-32768
-24601
-1454
-6648
6876
14630
-2186
6925
7864
-3044
-933
8596
8703
20245
32767
32430
32767
32592
32767
32548
32767
25371
9177
-15901
-32768
-31956
-32768
-32519
-32768
-32767
-31065
-21936
-1159
2504
3937
11969
9682
-826
3206
4554
-3491
7954
6701
15605
32767
32446
32767
32767
32689
32767
32447
24708
13538
-9842
-32768
-32581
-32717
-32768
-32173
-32768
-30883
-29886
-8273
-152
3566
14250
7803
10852
8810
3318
1863
4457
7284
7781
20641
30930
32767
32660
32767
32528
32767
28880
17742
1405
-28467
-32767
-31754
-32768
-31729
-32768
-31369
-26241
-7378
7766
4241
14838
18166
781
3412
1958
-12361
-2543
550
1089
24856
32767
32484
32767
32737
32704
32767
30365
18508
-3050
-28675
-32768
-31482
-32768
-31368
-32768
-30979
-27346
-10074
4289
-713
13969
9430
1560
7082
600
-2517
366
2875
9737
23472
31508
32767
32398
32767
32263
32767
29611
15083
2678
-23723
-32768
-31042
-32768
-31601
-32768
-32268
-27463
-13127
9028
2241
9989
22917
104
3184
9486
-10497
-4262
4172
1843
21645
32767
32767
32489
32767
32338
32767
30124
18665
4326
-24270
-32768
-31710
-32767
-32342
-32768
-32768
-25724
-14778
6411
6679
7153
26420
3739
1274
14769
-9983
-6736
6224
-2021
18162
32767
32748
32635
32767
32502
32767
31077
17242
5214
-24208
-32768
-31367
-32768
-31986
-32768
-32768
-25404
-12310
5144
14574
17304
23883
8770
6150
7751
-7451
-8971
2047
438
11912
31764
32767
32649
32767
32732
32715
32145
8700
-737
-20781
-32768
-30712
-32768
-31750
-32768
-32768
-23911
-2484
9444
19323
19793
21859
14524
726
-983
-4369
-16085
-4457
6399
10140
30503
32767
32674
32665
32767
32074
32767
370
-8049
-15759
-32768
-30347
-32768
-31722
-32768
-31813
-27936
-92
16648
11682
14490
21763
11792
-2873
-2170
-2599
-14274
-7807
9425
13258
29474
32767
32712
32414
32767
31295
32767
6291
-14520
-13072
-32768
-31113
-32768
-32226
-32768
-31167
-21890
-10144
12072
17360
20999
16433
9027
11755
-726
-15377
-2209
-4580
-9426
14037
32487
31412
32767
32113
32767
31848
32767
25420
-21998
-23524
-28209
-32768
-30650
-32768
-30554
-32768
-24991
-1707
19476
8632
9515
29726
9539
-13563
1924
-2941
-20507
-9606
5274
8820
21447
32767
31716
32767
31636
32767
30874
32767
154
-29963
-24879
-32768
-32002
-32768
-32768
-28960
-14808
-10648
302
13664
3222
-4378
383
-2740
-11282
-8652
-6353
-2233
2072
2620
9142
16599
13601
23298
32767
32224
32767
32219
32767
16664
2918
-7190
-21506
-26301
-29692
-32523
-29386
-18278
