-23418
-22447
-8296
21184
30331
28339
29969
29113
24167
16327
-2269
-18554
-17406
-16834
-24140
-20961
-11675
-787
12012
19919
21877
27203
32767
29665
21801
18013
14883
11995
10432
10336
12114
20191
23217
19984
20644
11317
-16625
-32767
-32768
-31854
-32646
-32428
-32768
-25057
8130
32767
31618
29973
31636
32767
26589
1034
-18191
-31103
-31514
-32768
-32101
-32768
-17940
6313
9829
21924
32033
32767
32767
30878
10977
1237
-5065
-25561
-32768
-32768
-32499
-32768
-26382
-12323
3421
19423
27612
32432
32767
31153
20577
8537
-4052
-15822
-19739
-24708
-26682
-19986
-6920
1744
11637
22185
30113
32006
32767
30325
22679
18904
13587
7976
5025
7940
10904
16210
14656
20311
21078
11857
-9231
-31264
-32768
-29935
-31315
-32767
-32767
-29190
-398
28905
32767
22419
29630
32767
30118
9291
-14454
-28357
-27235
-29276
-32519
-32768
-23793
2080
6109
16844
23285
31856
32566
32767
16155
1801
1622
-13643
-28893
-32768
-31881
-32768
-19563
-15257
-11001
10430
28769
32462
32767
28453
18956
18415
7649
-14190
-23458
-24499
-23348
-15798
-10804
-6565
10693
26167
29739
32061
32506
32767
31674
24771
13602
10425
7575
4516
3923
8364
7254
15679
20721
14767
400
-28327
-32768
-27723
-29798
-32768
-31901
-32768
-10909
25728
32767
10510
24641
32767
32155
18314
-10518
-24542
-23260
-17628
-31363
-32768
-27835
-5023
3233
12490
13172
23959
32767
32767
22597
6861
5946
-8793
-25033
-32768
-31149
-32768
-23217
-17838
-10969
7667
24176
32383
32767
26842
16302
19930
9682
-11056
-21194
-22711
-20375
-10221
-6312
-4116
11711
27650
32473
32636
32741
32752
31022
25162
8920
-500
-813
-1812
-7303
-10557
-9561
3524
15102
14191
10140
18402
10221
-29626
-32768
-32427
-32718
-32768
-32459
-32768
-22441
14520
16843
7710
22949
32591
31101
27920
2924
-15467
-7881
-7318
-24011
-29137
-25567
-19793
-3241
6164
633
7148
24496
23843
18373
5726
-14983
-16992
-6978
-19096
-32767
-25191
-12818
-2637
7767
5543
5199
25293
32043
18792
12100
11261
10021
12386
6510
-6111
-3600
6400
7798
5992
7089
7211
15617
22043
16817
7733
4522
4470
-539
-7865
-15108
-15177
-6138
-2810
-3547
676
6764
10864
13270
11539
7638
12031
11139
3099
-9815
-17486
-19119
-20181
-22426
-23476
-21067
-16744
-7891
-3643
18
4408
5898
7083
7482
4198
1103
-4180
-6220
-6739
-8656
-10158
-10536
-7539
-5312
-5283
-6871
-4419
2187
4943
2401
831
2497
7378
6203
-850
-5840
-2869
3206
4019
1199
263
6664
13530
14210
10178
9271
12799
17903
16216
8069
2560
2462
4049
1504
-4062
-8482
-4971
-4
1936
-2269
-2519
7460
11224
9281
5541
2416
2845
5284
983
-8141
-8439
-5922
-5324
-3655
-5166
-1972
6044
8181
4890
733
-1305
-492
-1538
-5692
-11718
-14172
-11505
-10362
-10028
-11791
-14506
-11423
-1775
1127
-2611
-5028
-3157
-1948
-2880
-4944
-8730
-7302
-5564
-4589
-4994
-3515
563
4249
7071
5038
5662
7865
6628
4663
3518
4763
8913
8351
5918
5345
7195
8580
5454
3572
3275
4709
5720
4258
-314
-1139
359
1079
-1848
-3433
897
6668
5202
1810
2043
2995
5646
3073
-6352
-9626
-2688
-1870
-3695
-4543
-6077
1108
9039
3564
-3224
-1521
3958
4456
2934
-2517
-4171
-860
888
-4516
-9159
-7394
-3482
884
2868
-2045
-4173
600
1685
1745
-5121
-6422
-3354
79
-7336
-10748
-6014
-2738
-2052
-1882
-1651
-939
3905
5408
2123
-770
-34
1505
4567
1334
-2698
-1569
2745
4722
4053
945
515
2926
4121
1507
-2974
-2711
1149
1652
1242
-1315
-8
5061
2426
2158
372
-1850
1065
-116
-1164
-1885
1620
3541
2120
879
-2054
2761
3994
-113
1051
2599
4055
-762
-4636
-2563
-4474
-2591
-3091
-3343
-2367
1140
2309
-1876
895
2146
2361
1775
-1213
-849
1570
-698
-3380
-3086
-6220
-5279
-118
1100
-1605
6266
6931
2850
2892
4286
5730
-700
1060
-3065
-3425
-1908
-3812
-2529
-1016
-1051
-2303
3829
2703
-2710
-3231
616
-582
562
4635
-2862
170
663
-573
-3560
3011
960
-4736
7140
1324
1977
-908
-1234
-4753
-2795
2672
-5568
-9
2818
1762
3181
4017
3704
3235
7735
1253
-434
2778
-2363
-3745
-4086
-4900
-9322
1257
-142
233
2613
1192
2029
1757
6458
-4766
338
-1829
-1126
-6194
392
-8344
161
7871
-6273
5927
2442
9712
-3246
6405
2689
-4816
630
1640
-6050
3660
-3617
-13080
-567
-562
-146
-6102
8254
-2242
5570
4658
-3718
-3203
3759
1971
-4135
4048
-4235
3782
5125
853
-4862
627
6105
-5125
6740
-4692
-1971
-4287
-1252
-488
-2226
5267
-7004
8217
-1270
5487
-738
6785
-3558
-2475
4491
-10398
1897
-6713
3478
-6654
3277
-1955
-394
4244
-2891
5093
-1264
1768
-4436
2719
-2172
-2084
-1328
281
-2026
1815
3409
-4178
-705
2185
5208
1124
3692
-3678
868
-1679
1759
-2469
-2471
-2016
-3552
2395
-2909
2473
-1059
2911
-1351
-88
-831
-2162
1498
255
-674
430
1658
-1115
2570
2178
3100
775
3686
-1065
1383
185
-62
462
-3016
3708
-6873
2161
-1372
-639
2112
-2852
2735
1702
2679
-213
-2691
-1437
-880
-2276
-1185
-4687
201
712
3388
-184
3310
5463
332
1867
-1592
-835
-803
1358
-3679
-1092
-3564
829
523
-1715
2281
-3967
3399
-899
1358
1390
-668
4643
-4438
28
-1021
-1818
490
-354
1167
-4486
2115
-442
-130
1022
-2196
272
-1338
-358
259
-914
62
988
1590
7077
-480
1870
-745
-494
3024
-1026
46
-2926
3658
-279
-1929
-2447
-586
1892
170
2662
1462
-492
2366
-446
-2359
-1422
-2490
817
-1607
925
-1654
-2652
1139
-196
1504
2756
2709
-1114
2313
2125
-2567
1812
-340
-1375
-2442
-2461
-3306
-343
1045
-670
795
-73
146
1041
3586
-430
894
-190
695
-201
1193
1151
-4752
2778
-1960
-2905
-1502
-2030
-188
-2421
-21
1010
2283
1615
4011
875
-938
-796
542
614
-3196
1903
-1657
607
242
-2057
2293
791
2794
306
876
2229
-50
-1593
2243
-628
-501
-1328
-3709
447
-2349
-1840
-406
3740
-656
1843
1601
1066
2771
-416
1911
-1466
1003
176
-6245
-4255
-1098
-454
1793
656
960
1791
2826
2498
304
485
2449
-335
-130
-333
-1211
868
-1648
-935
-1097
-2086
-805
-327
-1412
-1141
-2064
645
-657
2075
2750
-3721
-2400
481
3191
1914
-962
-481
-1331
-464
2454
311
581
-210
3334
557
604
-1787
-4460
3333
-418
-46
50
-1262
222
1015
-582
-1837
-2368
424
-2658
1428
5299
-781
919
212
2714
2898
-96
-1621
-3407
51
1212
122
-2548
-1062
579
407
4873
-1874
3587
-214
1247
3417
-2066
1568
-3417
-833
-317
-3042
-1549
-169
-1514
-539
-194
-416
-2180
2028
-793
936
688
-1938
-1261
-3139
391
-519
-236
2294
412
2831
632
-2925
1634
-309
1856
256
-1896
-1355
811
756
-339
286
2302
1518
1020
-324
-1204
-1061
-1401
-1137
-2238
1239
-1282
982
706
-2616
267
1689
1663
1219
-344
1779
-319
294
-417
-1798
1796
-2017
-1398
-2001
1704
2914
-409
431
2040
543
16
-407
-724
570
836
-926
-2336
503
-966
-334
1605
-1029
-2829
2150
-236
1147
-583
-144
-333
-2733
2301
-1986
29
-766
-3281
974
506
2027
4002
124
1755
-131
-573
-2497
-1331
-780
-1891
2920
-2076
-1391
2284
-636
1073
2813
3188
-880
-442
1558
-2317
305
-1015
-1618
988
-1531
-2558
3830
2815
2072
328
2743
1029
-2517
-999
-3231
1431
-1728
-2271
-969
-413
1456
1509
2546
1336
-2130
2140
2013
-1975
1207
-2664
-750
-287
-421
1934
-1408
625
-3630
76
1465
-1243
376
1057
-830
-1958
491
-2129
-1260
207
5074
-3025
-1652
1570
1735
3051
334
63
-2705
1276
-2350
-170
1713
-180
-3124
-720
2265
436
2985
-1482
-36
-1578
10
2684
-1634
-411
-4430
848
2864
-754
-1042
-1883
3045
1308
2124
-138
-2452
1794
3136
233
-3887
-969
-1503
1075
584
-1656
788
1813
3948
-646
908
729
-1984
813
-1617
-1121
-2150
-1502
644
609
1423
-326
-791
-961
2540
3043
-967
19
-1484
1066
8
-1693
-414
-3311
1317
-1087
1292
1469
1219
3021
-994
1008
-406
-301
-1071
984
-1429
-2494
583
1040
721
-294
2569
-792
-467
475
-135
-616
-342
-746
-2690
-502
12
-18
-1412
2911
2889
2269
612
-745
1284
-1771
-1207
-2469
-2540
-2650
55
793
-1029
-31
1857
1411
167
1076
1054
2080
2916
2147
-519
-2148
-1599
-579
-2370
-1369
-2877
-303
1083
-954
2173
2853
868
-125
191
-190
131
104
-491
-1472
-1745
-1116
779
1264
2741
123
-7
-583
-1405
233
1046
1210
-2014
380
1375
484
745
413
-863
-888
910
-269
-1754
-1097
-1657
-2048
-791
816
249
1137
952
-2745
-1046
1621
246
-337
-970
-1764
-1885
-609
137
-438
1070
1645
2554
1347
2184
2291
1031
1136
16
378
919
574
-787
564
932
925
2026
3469
3213
1371
2032
1657
2178
1451
78
-837
-784
-134
-1045
-1301
-3178
-2830
-2346
-1960
-3162
-3888
-4127
-4582
-5040
-6467
-6675
-6430
-5095
-5244
-4445
-2996
-741
-169
185
401
574
2157
2394
2460
3012
3209
3056
3153
3800
4436
3764
5452
6157
5492
6486
7201
7291
6801
5854
5881
6838
6994
6701
7080
6900
6636
6706
7312
7062
6099
-524
-14607
-18838
-19126
-20499
-20098
-20866
-24594
-24137
-15291
-7328
-242
5261
7070
7371
11619
15593
15498
12888
8051
1875
-771
-710
-3004
-6663
-8952
-10999
-9921
-6293
-3304
-2055
-1085
348
-929
2768
4994
4306
2576
582
-963
-967
677
-701
-2172
-3383
-3057
-1733
1432
1747
1357
2756
4238
5217
7718
7481
6609
6507
5919
5900
6273
6756
4234
2900
4029
5757
7769
10289
11139
12384
15110
17079
14864
11837
-6709
-20178
-18910
-21532
-20221
-23195
-29194
-32768
-28482
-15489
-6943
1597
5153
4194
8822
17370
21051
20201
17216
9028
2627
1093
171
-3987
-7334
-13134
-18178
-15632
-9613
-5875
-4074
-2899
-4106
-822
5190
7691
7577
6928
4277
1923
2159
1435
-591
-2312
-4397
-5714
-3432
-698
717
705
778
1643
4585
8291
8751
7740
6543
6214
6651
7411
6603
3853
2336
2175
3465
5653
7273
7593
8634
10874
14364
16211
14829
10841
-7068
-15634
-14275
-17697
-17573
-20939
-28290
-32768
-28251
-18136
-10497
-2406
774
-247
5073
12658
17329
18234
16554
9912
5050
4563
3892
1358
-858
-5718
-10507
-9984
-6703
-4261
-2671
-2544
-5137
-4121
-1571
144
1154
1453
-354
-1159
-171
1198
1656
1417
240
-661
461
2812
3112
2295
1665
802
1531
2928
3441
3030
2567
2570
3793
3353
4758
4556
3946
4004
3908
5606
6447
6737
7092
7903
9163
10852
12342
10419
8739
3465
-7725
-9496
-10698
-13188
-14148
-17695
-22109
-24418
-20270
-15485
-11892
-6927
-4961
-4427
-1062
3542
6797
9586
10532
7745
6487
6560
6926
6590
6177
3760
1063
410
-3
-494
57
-797
-3666
-5028
-6002
-6484
-5778
-4445
-5033
-4446
-2420
-1107
309
2077
3106
3193
3645
3323
3034
3202
2615
1153
503
588
646
1276
1591
1933
2407
2704
2982
3234
4543
4356
4354
5359
6237
6451
7252
8113
8494
9705
10786
10636
9034
7763
-1790
-6816
-7572
-11289
-11250
-13397
-18112
-22797
-21714
-17749
-15147
-10895
-7724
-7522
-4667
55
4830
9059
12035
11267
8285
8180
8488
8205
8543
6498
1607
-1342
-1186
-1592
-1653
-2142
-5103
-7520
-6428
-6312
-6261
-3171
-2422
-2666
-936
810
978
2649
2756
610
115
1751
986
1075
1530
-85
-569
846
1593
1052
2639
3018
2616
2961
4128
3389
3919
4021
3024
3898
5229
5092
6218
6815
6473
7745
8435
9136
9864
10736
8757
7002
-3095
-9271
-9338
-13086
-13010
-14945
-20078
-25080
-23912
-19602
-15618
-9236
-4260
-3466
85
5728
10401
14743
16482
13041
8486
7414
6423
4961
3861
236
-4948
-7214
-7050
-6198
-4705
-3830
-6130
-5979
-4155
-3177
-15
2831
2195
1252
2340
1700
1606
1977
326
-2230
-2342
-1766
-1129
329
669
-588
38
2330
2405
3090
3899
2713
2612
3245
2792
3110
3775
3720
3594
5113
5608
6338
7742
8941
8397
9612
11167
11638
12113
12512
9510
7368
-274
-15571
-17146
-18874
-21717
-20541
-23479
-28431
-27641
-18577
-10847
-3890
3842
5015
6771
12851
16866
18103
18195
14347
6284
2782
1323
-2426
-5210
-8095
-13146
-14464
-11282
-8262
-5422
-1910
-1143
-746
4061
5144
4936
7277
5457
2688
1884
483
-3181
-4531
-4961
-7063
-5598
-3491
-3243
-1646
1213
2442
3750
7320
8250
7949
8527
6703
5258
6262
6139
3757
2920
2674
3085
5190
6417
5888
6083
8598
9136
11452
13756
14271
13503
12962
8085
6273
-5453
-24763
-27605
-31418
-31152
-29079
-29639
-32600
-27443
-12415
-1141
8881
15678
15739
17509
23152
24167
20317
14817
5249
-4956
-8078
-10862
-14339
-16655
-17923
-19575
-13950
-5107
1234
5774
9515
9704
11348
16157
11144
7056
3143
-3039
-8245
-9231
-13183
-16543
-14355
-13048
-10599
-3619
2385
4997
10223
13102
13447
14911
15987
11704
8897
6194
2604
373
867
-1053
-1943
383
2523
6220
11905
13687
13849
15488
18066
18028
16819
14863
11165
9204
7086
-1004
-26826
-32768
-32369
-32767
-31103
-29274
-31446
-31755
-14520
378
13269
21531
20833
16673
21518
25080
20590
13422
2306
-11065
-14049
-12818
-15206
-17417
-18013
-18834
-13831
-1042
6444
10220
12603
12678
11411
15659
15130
6071
-2211
-8272
-13450
-13169
-12222
-15325
-16867
-13659
-8777
-1077
8140
10653
11241
14103
16083
16180
16715
12282
5589
1635
246
-1177
60
-469
-1818
-1896
1757
5971
10822
13799
14050
12898
12963
12802
11153
8729
2792
447
-2558
-2276
-4995
-3611
-21585
-25797
-25511
-23733
-17574
-14758
-13733
-19256
-6520
-2831
5736
7817
9820
3657
6418
9194
7434
5549
1705
-3041
-6367
-1976
-3527
-3502
-5047
-3741
-5098
1135
3754
5103
4363
4068
922
1390
1259
-3237
-5186
-7429
-6840
-6551
-3423
-4295
-3540
-2209
840
3714
7243
8568
7843
8467
8547
8649
7305
6476
3931
2148
1049
1119
1557
2082
3053
3041
2053
3712
5780
6216
5005
2021
535
53
1112
1059
152
-1904
-3021
-2780
229
2187
2520
3324
5521
3106
-323
-3977
-8523
-9111
-9202
-8752
-13096
-13663
-13475
-10728
-6998
-4559
-3044
-2795
573
3308
5275
5391
4853
4486
3904
2899
1030
811
762
-855
-1756
-2893
-1482
-920
-932
-1865
-2357
-2768
-2355
-1120
-1156
-1150
-341
-550
-111
896
179
957
1473
2895
2997
3291
2294
3696
5010
4486
2183
757
1182
1771
1928
1512
1814
2470
3339
2926
2272
397
1189
1
530
256
2967
2710
125
762
33
-304
-1003
6
-1350
-1429
-1788
-927
-324
-694
-140
-303
-1233
-735
-583
-148
-196
-307
-548
-1555
430
192
117
525
-1099
-2021
-1252
-748
-1403
-3162
-2786
-3556
-3304
-1979
-2362
-2548
-3909
-2146
-1650
-558
-1753
-2383
-593
-406
764
-675
1572
2285
1425
1501
1688
1769
351
1640
1041
781
393
-21
509
-201
491
287
44
865
1451
1317
1060
2034
1252
837
1052
1011
1340
2061
1317
