32414
32767
32199
32767
28790
-20991
-32768
-29848
-32768
-14886
14159
15890
28360
32767
27695
11666
-26013
-32768
-29994
-20704
-10722
-2695
-902
18020
24090
17800
11740
-3711
-10933
-11980
-12827
-11825
-7408
-5883
2891
6018
645
-292
-2669
-4787
-3018
-6822
-250
6795
10921
15319
21067
24442
31020
32428
30594
32767
31001
32767
-8739
-32767
-30185
-32768
-22561
15533
20016
21349
32767
27594
18592
-18099
-32768
-31926
-21416
-14014
-2136
-102
14651
30090
19339
9851
-5386
-13252
-11623
-9269
-13872
-7774
-6572
3231
10469
7371
-1266
-4388
-12022
-9672
-4988
-2747
6757
10365
15651
20561
25694
26415
32767
30947
32767
31441
29757
5721
-32574
-32361
-32768
-30160
3550
19705
20795
32767
30418
22578
-8671
-32768
-32397
-26711
-15203
-6894
2086
11787
28702
22995
11523
-429
-9432
-8603
-9808
-14547
-13127
-4580
5373
11684
3089
-357
-4865
-8680
-8904
-9784
-10435
-3132
363
7366
13350
17436
22772
26348
27084
30022
30854
27493
25467
20898
2928
-31196
-32678
-32768
-26100
5367
15292
15071
31373
30551
13823
-14547
-32768
-29238
-18683
-12034
-9726
-115
13142
29920
20492
5342
-3614
-7878
-5830
-9730
-12712
-10325
-3903
2252
3728
1615
226
196
-1891
-9115
-10576
-7481
-1401
4165
5694
5752
9281
15364
16733
20100
22907
28232
27163
29126
26215
26672
195
-32768
-31502
-32768
-17641
2896
1605
14414
32767
28095
15143
-19565
-30479
-17734
-14228
-14243
-12517
-832
16335
22352
12467
6721
2165
3199
-6791
-16485
-21053
-13810
-2936
4638
3634
6145
7134
6355
4194
-5381
-6638
-7465
-5114
-3300
-353
1034
8260
7192
6446
4631
3752
5492
6658
9985
11827
20806
25141
30528
30205
26224
-9115
-32768
-31599
-32768
-22520
-9637
-1574
24446
32618
26399
14233
-11314
-7101
-7031
-20352
-27353
-20709
-8379
9157
8294
5334
10555
12619
9846
-2379
-12005
-12929
-8514
-7309
-2841
-64
8232
11467
11740
3688
-1680
-4504
-7641
-7192
-7381
-4627
-1211
4598
7715
9494
8742
11248
10114
7742
5826
520
173
-219
-775
2098
2899
5832
12521
16056
17844
12600
-14814
-32768
-30146
-26097
-17800
-13954
-6300
10850
13232
8686
1506
-4955
-1826
-4535
-8415
-4912
-434
6668
9974
9419
12227
14162
16380
15396
11887
9895
-4897
-21935
-24791
-23522
-17340
-12115
-5109
8741
15467
13003
5849
-1114
-1445
-4868
-8244
-8385
-5167
-38
4219
6332
7823
8920
7585
4601
2486
2950
2016
7182
17137
30894
32767
19834
-12605
-32273
-32122
-30982
-31719
-26674
-9902
17061
31100
20609
18056
13005
9895
-4599
-22915
-25261
-19771
-13211
-9989
-6450
5886
16525
18519
16007
9904
6653
760
-8106
-13686
-12809
-7825
-1042
2650
8020
13291
15617
13393
6888
-117
-6752
-10986
-12225
-11229
-8788
-5031
-621
5515
10068
10654
8812
3055
-1233
-5629
-7846
-7557
-6378
-3167
-550
2702
5271
6162
6048
5130
2595
976
-2163
-4041
-5699
-5424
-3438
-1556
343
3380
5364
5295
5404
3400
1786
111
-1848
-3610
-4111
-2810
-724
-802
-102
893
2543
3108
956
-114
-589
-1156
-2117
-2141
-2220
-225
1049
1812
1405
1118
1067
109
-2
-427
-147
-836
-1425
-5452
-4312
-2608
-2265
-1663
-2087
-1015
-348
292
1202
3379
4097
5779
6414
7339
5803
4042
1652
1080
462
-1267
-1176
-1510
-495
-138
-1012
-594
-1185
-2470
-2614
-3891
-2873
-2253
-1461
-899
430
1717
2666
2741
1937
30
-1509
-1956
-1517
634
1892
3938
3468
2051
1207
378
-28
-1551
-3320
-3338
-3309
-2388
-1739
-1359
32
702
1064
1014
1193
573
1206
531
-43
-121
-947
-679
-207
1362
1189
966
221
987
1131
775
521
316
634
392
100
-1348
-2019
-3063
-3612
-5457
-5804
-4435
-2554
-1663
-847
-437
120
724
788
1403
1841
1183
1380
1828
2890
3734
3981
4867
4685
7352
7253
10500
3239
-5774
-3721
-4840
-6907
-11178
-12450
-6375
-3461
-2762
-719
931
6416
5081
1968
1505
1051
1420
-1525
-3611
-2724
-2788
-2293
-3617
-2959
678
2431
3915
5000
5336
5880
3778
962
-303
-1934
-2694
-4628
-5401
-3060
-1241
-93
1592
2239
4852
5139
4009
2406
916
-351
-1543
-4105
-3686
-3728
-1643
-964
-3061
474
49
2193
2266
1654
2982
1743
1312
1410
-752
-102
167
519
2057
197
2025
2598
4254
8086
7626
14734
7160
-4731
-994
-4600
-5693
-12350
-17659
-10216
-10115
-9146
-6042
-4680
5268
7605
6935
11045
10501
12027
6595
44
-192
-3602
-4100
-6947
-9343
-5860
-5893
-5311
-4227
-3189
2640
3831
4133
6401
5806
6912
4176
606
531
-1525
-2222
-4193
-5363
-1796
-1436
-27
1075
43
1405
1193
49
527
-1100
-983
-1491
-2320
-637
-1318
-682
-834
-1352
-227
35
1297
2574
2678
2887
1720
1336
1253
800
778
-401
-374
-266
-886
-1003
-1729
-1554
-221
-694
-287
49
19
1392
767
86
336
-360
-321
64
-417
306
228
597
1174
982
1446
1423
1136
527
-910
-1872
-1777
-1624
-1590
-2099
-1389
-523
487
929
934
1731
2282
2439
1924
842
367
58
-267
-261
-774
-463
-397
-225
-145
-49
-6
-834
-1340
-872
-676
187
875
832
1413
745
693
1142
1344
1015
-50
-836
-532
-445
-347
-555
-1118
-1045
-905
-849
-1099
-499
-35
69
92
-200
31
170
395
686
1172
1534
1485
1776
1312
766
98
-44
-222
-1140
-1929
-2224
-2109
-1595
-1233
-1024
-525
-227
95
92
-383
-276
249
662
564
289
257
326
663
730
925
736
393
-112
-484
-705
-725
-436
-519
-1069
-1235
-1235
-1472
-1109
-687
296
1044
1052
1163
526
741
928
634
327
-141
105
718
455
76
-100
-439
-296
-1100
-1115
-424
399
551
532
601
851
1168
769
256
-367
-732
-973
-513
346
1708
2137
1883
1424
458
-437
-1207
-1927
-1662
-1064
-1013
-724
-392
120
294
519
600
1058
1043
1248
1618
1068
396
-29
-117
235
522
105
293
12
-72
-220
-1046
-1200
-1399
-1372
-603
33
632
915
435
225
-41
-321
-23
379
1178
1272
782
239
-367
-295
-94
-12
-355
-473
-54
-365
-994
-1316
-1141
-298
-86
-78
81
356
759
770
958
675
632
491
186
91
-340
-173
-62
-37
-314
-189
-47
-30
-182
-637
-434
-490
-302
-388
-627
107
122
-114
-165
-198
599
1047
386
-55
-736
-869
151
277
846
660
366
147
-2
-458
-714
-579
-32
804
808
1009
268
182
115
128
-408
-716
-514
45
126
-4
81
207
584
-4
-60
-894
-899
-663
-718
-488
-354
49
337
491
364
228
99
-124
-272
-517
-264
63
-231
-563
-981
-812
-1089
-733
-995
-1323
-1218
-1270
-510
-391
-350
-277
300
873
1338
717
372
325
183
220
-259
-465
-567
-371
-491
-261
-661
-383
-2
75
357
-286
-244
-80
218
457
388
477
1141
1207
697
457
253
348
302
325
194
194
569
702
682
475
73
-366
-366
-311
-292
11
226
747
946
922
427
475
591
672
290
-205
-6
29
64
-337
-318
-455
-240
-172
-53
-177
-145
301
268
346
12
-269
50
-41
72
-89
-137
434
350
388
-99
-64
231
574
597
384
171
-59
-177
-850
-1248
-1429
-939
-541
-125
248
584
1129
954
539
10
-572
-607
-219
-216
-619
-481
-539
-83
-70
-287
-139
-101
38
-296
-275
-276
142
220
307
284
79
-120
-300
-504
-409
-420
-396
-246
-204
-118
-384
-466
-552
-388
-634
-539
-307
-147
117
82
50
245
99
294
145
-37
-80
-143
-150
-326
-307
-485
-177
-51
-56
-220
-497
-313
18
25
158
146
571
761
1041
788
701
725
582
430
70
151
285
656
387
671
427
338
164
-143
-455
-823
-761
-214
184
149
122
-213
31
238
254
101
161
343
234
102
-119
75
555
515
245
-3
51
102
-152
-537
-562
-637
-378
-183
-319
-49
-135
299
228
180
166
106
173
143
233
-158
35
8
488
350
386
251
70
225
31
210
20
141
278
590
485
289
359
697
522
76
-348
-605
-513
-496
-492
-595
-518
-105
63
-25
-234
-231
-259
-382
-540
-384
-312
-282
248
232
393
-160
-202
-628
-819
-904
-1076
-982
-846
-120
-304
-179
-512
-494
-727
-684
-667
-214
107
111
446
379
538
242
183
-181
-525
-847
-589
-604
-357
19
-143
57
-122
-51
-181
-276
-207
-20
369
297
404
572
1152
1046
972
896
658
707
197
-120
-540
-437
-335
-178
-145
31
456
356
362
344
345
219
259
218
349
371
311
332
237
578
327
673
353
311
319
372
337
102
318
-46
74
-58
186
128
469
332
266
132
237
320
194
608
270
495
357
274
292
329
360
67
-148
-264
-106
-39
59
-212
-135
-44
-27
-206
-280
-40
129
386
136
177
-146
85
-228
-269
-177
-59
-206
-302
-504
-401
-552
-554
-485
-499
-376
-428
-397
-588
-475
-620
-79
-105
351
23
373
-5
449
-186
441
-396
138
-577
-51
-521
7
-532
-354
-517
-529
-536
-554
0
-209
1138
-203
1603
-671
2023
-1910
2371
-3948
4639
-13061
-18442
4181
8685
11852
3552
10597
3024
-175
-414
3196
893
-1490
-4306
-828
-1104
-654
-3419
-4340
1990
2396
2894
12
233
1324
426
-2798
-1138
-2267
1464
-2305
-2563
-1382
384
-354
174
-2100
2486
1389
344
693
49
2972
-134
516
-1295
2702
128
891
-1720
1564
-74
-83
206
-437
1338
-576
-2295
-1038
-237
-32
330
-2006
638
-1238
957
-115
-205
1051
405
-84
-182
8
774
182
318
700
685
825
99
-1
413
-526
402
-472
546
771
183
980
-217
137
-357
-855
-869
-600
-1629
-1118
-1549
-645
-141
-240
-14
414
68
444
-8
936
441
-2
35
-865
-125
-479
-130
-88
-198
34
335
118
571
-114
196
142
-172
38
-801
-314
-615
-1081
-834
-867
-325
-224
-45
143
159
206
565
282
546
468
75
78
-293
-328
-360
-316
-232
-370
-92
138
26
-206
-138
341
-119
166
-226
-289
-341
-447
-268
-331
-275
-191
-360
-158
249
-18
-79
-34
314
93
-234
-387
-168
-205
-361
-400
-95
456
521
212
451
424
570
421
258
269
394
344
357
587
359
474
125
346
90
336
-8
-151
164
352
327
130
375
355
642
74
159
146
146
4
-55
-257
61
248
91
209
17
77
-29
203
-352
-356
-736
-395
-289
-86
127
63
271
-83
168
203
214
-110
170
-18
-124
-214
-154
71
43
-101
-66
50
-87
-5
158
125
-162
-51
214
331
42
187
202
-8
-363
-316
-287
-130
158
363
279
180
233
112
27
-61
-334
-382
-316
-355
-237
-525
9
26
430
308
315
206
67
-2
-187
-239
-367
-78
-62
162
-6
230
49
102
54
182
87
-7
190
100
155
43
120
185
-69
-35
-124
-182
-124
-93
-129
-37
-252
-232
-238
-339
-228
-588
-354
-451
-353
-236
-74
-3
173
40
50
123
306
370
314
389
118
15
-96
300
109
-120
-106
-104
-110
-85
-63
-66
-161
-82
75
345
269
178
306
239
379
300
248
110
281
267
389
262
255
529
388
590
295
-67
-122
-287
4
-38
-27
36
92
211
-20
26
-51
-98
-265
-260
-134
-55
75
167
181
121
93
325
263
303
359
241
214
72
-17
-102
-146
-83
-1
-7
-92
24
-90
-222
-41
72
164
67
136
147
112
-5
18
-380
-467
-416
-328
-67
-187
-96
-135
-119
-74
-262
-176
-360
-311
-229
-341
-294
-365
-140
-200
-84
-189
-101
-2
-40
-84
-220
-128
-77
-112
83
137
18
130
-160
-111
-153
-106
78
-59
-78
-173
-278
-237
-223
-283
-278
-200
-256
-189
96
-63
116
22
92
-39
64
147
-90
13
-208
-136
-347
-200
-218
-103
-187
-52
-7
32
156
32
-30
-38
126
224
311
358
369
322
349
210
263
8
288
289
224
194
200
118
-24
150
134
438
109
41
183
147
163
122
186
168
150
13
99
207
144
18
64
-197
-237
-198
-204
-16
-67
37
-89
83
-19
-10
164
135
39
-88
14
17
26
-93
75
-9
-52
-92
-258
12
-39
-41
-89
-5
-22
-191
-73
-1
-74
-119
15
-32
247
403
305
136
185
161
93
39
-167
-181
-272
-51
-213
-194
-112
-165
-124
-149
-44
-199
-161
-189
-158
-26
-75
-217
-202
-129
-135
-109
-31
-104
-183
-209
-260
-226
-167
-128
-144
-104
-293
5
-177
-79
-88
-106
-37
33
239
77
250
103
341
13
86
-111
127
121
-200
-9
-142
-65
-41
-73
-58
-14
-10
159
-39
130
26
114
131
129
200
51
-15
-165
-196
-120
-294
-15
-193
-15
180
-5
198
23
169
140
245
-49
230
156
288
113
133
274
16
107
-147
27
-211
-149
-142
-319
-259
-236
-263
-22
-26
-45
-73
100
214
152
1
60
27
58
84
0
185
119
-82
-109
145
201
236
-132
14
40
74
64
-43
140
63
113
149
162
131
3
74
18
-173
73
100
2
110
-37
65
-186
-39
-64
-286
-137
-291
-31
-57
88
-17
126
120
12
-63
-136
86
-98
-61
-17
-27
-100
-358
-45
-61
-198
-113
-257
-119
-162
-321
-75
-78
-33
-214
-236
46
-4
295
148
278
237
361
259
302
526
262
270
138
34
-79
79
47
-10
68
76
71
94
265
246
208
151
91
-8
112
81
-134
3
-144
-97
-337
-534
-394
-353
-205
-426
-226
-146
-320
-161
-275
51
-4
-140
-179
-228
-152
-185
-138
-123
-43
-195
-165
-272
-194
-161
-126
-25
-98
-88
-104
161
136
81
246
30
194
149
192
166
80
30
17
159
49
193
96
215
41
170
123
65
189
29
108
-21
37
-27
-151
-80
71
27
68
77
72
364
347
332
263
425
394
111
60
35
-8
-155
-85
-122
-21
-30
-95
-161
-85
-101
-234
-57
-177
-141
-305
-75
-7
39
122
-102
55
-108
5
-76
143
170
125
113
89
97
-115
17
47
33
-32
-128
-114
