-24581
-9442
-9531
-11138
2187
16153
17334
12740
9298
12257
13650
3214
-4146
-4594
-1502
-4351
-5832
-6081
3130
5527
4925
9903
16717
22451
22218
14598
-4895
-10749
-8934
-16172
-27302
-31480
-23643
-9539
-9663
-11520
2157
15168
16571
12302
9202
12375
11538
1720
-5367
-3990
-3749
-4129
-7865
-5957
3791
7822
10758
18563
24687
28191
25303
-4040
-14746
-6191
-14477
-30503
-32768
-29379
-13097
-9203
-16944
-906
15550
18408
13078
9466
11935
14337
1465
-6998
-5067
-3693
-5848
-10973
-9362
5140
9133
8701
15561
26467
29802
30157
17745
-8386
-9623
-9451
-23467
-32768
-32768
-27345
-10772
-14736
-14709
4953
17050
17647
13619
10426
14608
12100
-1787
-5523
-5530
-4885
-5027
-9542
-6009
8190
12262
13960
19216
27348
32083
31186
3310
-16171
-7433
-13211
-29563
-32768
-32768
-20435
-9892
-20481
-8665
12656
19149
14526
9873
10997
16124
5896
-7370
-6476
-3837
-5148
-8970
-9031
3048
11330
12835
16049
25862
32251
32044
23203
-6219
-13087
-7775
-21123
-32768
-32768
-30002
-15412
-16162
-19637
1120
17333
16262
11616
10915
15351
14757
-1585
-7188
-3685
-3989
-6968
-10487
-3923
9010
10469
14073
22007
31459
32081
31434
15426
-9846
-10766
-12127
-26789
-32768
-32768
-27867
-13419
-18072
-15101
4832
17589
16421
11170
9778
14896
11424
-3257
-7454
-4302
-3545
-5137
-7921
-3378
11453
12413
14763
22091
30201
31686
30872
17328
-6909
-12173
-12960
-24483
-32768
-32768
-28326
-15676
-18556
-17066
985
13013
14517
10780
9605
13150
10779
172
-3882
-3420
-3071
-5735
-7054
-2838
6605
11404
15800
20001
29205
32162
29878
22424
-2462
-13128
-12361
-20970
-32585
-32768
-31962
-20308
-16310
-20038
-5835
9259
14454
11703
9985
11697
12664
3114
-4234
-4040
-3515
-6116
-6882
-4395
3886
11485
12902
17983
26245
32154
28145
26651
11873
-8463
-10534
-14362
-26856
-32767
-32768
-27695
-17803
-18652
-13308
1745
9571
10998
11126
10158
11465
8965
-737
-3660
-4206
-5261
-4889
-6537
-3663
7506
13611
15400
19227
24761
30957
25673
19536
9119
-5499
-10614
-17090
-26420
-31684
-32125
-26747
-17943
-17349
-12476
1200
7768
8433
10168
8601
8364
7401
588
-2952
-3802
-6166
-7669
-3027
1767
7967
13159
15095
21741
26351
24468
22504
24740
14578
-4409
-12034
-13237
-20117
-28311
-31229
-27325
-17820
-16581
-15478
-4729
5485
8450
8324
7165
8667
9626
2100
-3239
-3437
-4882
-2578
-539
-1471
3844
10486
11463
14197
15952
19331
24449
17069
16901
13932
-2772
-8728
-11554
-17113
-22433
-26283
-26837
-19432
-14359
-14811
-7501
879
5874
7789
6214
6881
9120
3912
-2575
-3153
110
-520
-5484
-2703
6054
10476
8487
6999
17927
24355
19193
16104
14987
14357
4844
-7382
-13053
-15679
-18228
-23150
-28215
-22519
-15065
-12956
-9689
-3641
4240
8710
6918
3621
5674
3799
-671
-317
-887
-3007
-647
186
1630
6013
7128
12514
14757
17293
16982
13634
16218
14906
11484
-2959
-11402
-9856
-14036
-20947
-27832
-20725
-13421
-15408
-15148
-6193
4114
5249
2993
2967
5515
4941
1947
-460
-2548
-355
-787
-2537
-2856
342
9207
10435
8810
8994
14993
19844
13370
8026
10731
12501
2122
-8108
-12377
-10858
-11740
-19361
-19977
-16283
-9021
-6315
-8350
-3206
2939
5390
3172
-1878
3018
4047
-747
-2918
-3760
-830
1172
-1620
-1344
9538
12157
9317
7847
10049
15700
12804
5320
7174
7219
6267
-914
-9426
-6482
-6647
-9089
-13694
-12820
-6564
-6168
-7611
-5712
-3442
-1309
-2462
-1281
-1628
-1892
1618
51
-4156
849
1934
1085
2462
1881
10026
6512
5664
7438
8521
9080
5222
3514
5678
7457
2179
1847
-927
710
-3137
-6622
-8260
-5585
-4648
-7665
-9743
-8253
-2863
-5917
-7723
-6009
-730
-1245
-2715
-4119
2285
3980
2454
-1408
4623
8798
5004
3900
4055
11743
6187
5385
4733
1849
8149
6646
1317
540
2254
2630
-2746
-5708
-2780
-2116
-9223
-9488
-5087
-5456
-8053
-9864
-7526
-1119
-2705
-4836
-4019
463
4765
-100
-142
4063
5867
2501
2316
6123
5337
3131
4618
1901
5232
4828
1624
1139
2207
3034
-28
-471
-1560
803
-3713
-4676
-4451
-2454
-2563
-5307
-5717
-4746
-1695
-3218
-2709
-1509
-324
-646
1308
88
140
2121
2769
2162
529
1038
5190
4259
1918
-317
2919
3306
800
2422
3124
4630
-1509
1368
781
1048
-606
-3208
-2858
-1632
-1620
-3914
-3504
-1922
1572
-2806
-3690
-38
2583
-394
-2106
-534
1828
2046
-131
-714
427
2198
-1304
-754
433
1184
3214
150
2137
1368
1238
1787
-54
94
-725
19
-1496
-604
-2803
-2090
696
-855
-2244
-292
236
-217
1352
-632
2212
980
489
-394
659
-364
-1777
363
-666
258
-495
59
270
2103
-1889
2438
2096
-2140
-811
-937
2102
-879
-1019
-103
1373
-2532
243
1371
-1283
91
-228
1711
-1436
80
-58
64
1476
1743
1088
-1152
-159
-609
697
-265
-377
-388
-1531
1711
-109
993
-128
-776
2092
404
-3648
-228
1372
-1709
-2765
-2046
1653
-401
-2134
-3734
753
1190
284
139
-1451
759
2134
229
72
-345
1262
707
-838
-1553
-1333
1594
-405
-1444
-755
402
-991
297
106
-546
1251
816
-941
694
-2060
658
-1638
-786
431
-980
2380
-1382
576
828
1556
-405
2485
555
1620
369
-1133
688
-1255
-849
-1342
1295
-753
49
488
-562
1253
430
-95
182
216
918
-2031
-684
116
780
-788
546
239
630
-703
-421
1813
341
-363
-14
2765
-1131
48
895
567
-1214
-722
1145
85
-3210
608
2103
-1318
-817
1474
1566
-1530
1666
-112
-1016
1518
1754
-482
-1550
1362
-886
350
-690
583
1645
-312
853
-887
1957
554
-1714
168
-290
-1582
433
-1638
1234
-662
590
1093
-2235
1044
1306
2100
-2089
-2076
838
1976
-692
918
54
-101
139
-595
1313
-324
1900
1521
-1738
642
2654
-1316
400
-1816
-1096
474
-2838
-1769
-267
842
-1818
-949
-34
920
-1069
-1357
1492
1842
-1007
-1634
609
1213
-947
-341
891
884
483
-1341
1794
696
495
-395
370
191
680
-929
-2973
80
207
-1063
-2812
-1744
198
1253
-591
-572
-348
252
1308
29
-791
907
1095
1551
-86
-834
854
2345
754
-503
-44
639
1485
26
1194
-1343
1012
-1004
-31
-1462
474
823
-2002
-410
-219
407
-1212
539
-1653
1462
1019
1039
-1029
-113
1247
1145
370
-739
1262
1696
-1186
-2295
2051
-522
-592
52
-1450
1428
-273
-1032
799
-629
-320
-86
-467
531
-382
-1917
-85
806
1500
-1727
415
1369
580
1014
-1413
2472
1668
-71
-1141
847
1321
194
-937
-1298
2059
370
135
-1217
-1065
1055
-772
-503
1192
-2241
1030
445
1410
-1199
-2314
1676
-539
-554
-99
570
302
-270
-93
2648
-2055
-698
1816
1289
-1280
-682
-630
3764
-1714
-1234
-1020
-524
1592
-1734
-629
-1862
3147
-2031
1554
-2749
1534
1254
-88
-772
-251
965
1146
-59
-2032
487
-211
1779
-1591
989
-2902
2159
-236
-1298
-189
173
504
-2714
-1516
1235
205
-1531
112
-902
2251
87
-1643
716
152
1384
-1922
534
1413
-33
-157
-731
1277
-477
460
204
1639
-1556
-451
519
2121
-2731
-868
-99
352
114
-337
903
-386
1137
-1517
1962
121
898
-1121
1964
-953
-41
183
-169
1894
-2478
10
621
880
-349
-1419
764
1849
-601
-9
-1071
826
-1345
586
70
-3100
2215
630
-1453
77
684
619
399
72
-1043
1397
1847
-3404
1512
54
-568
-1676
-836
2314
-60
-722
-224
1218
1678
-135
-2612
1502
-352
-71
-796
-743
-385
-260
-1685
-491
-261
39
-488
-379
2146
-607
1506
-684
-1313
1007
253
-669
1044
-2010
264
963
47
-156
-778
-170
921
1032
3
-197
-1275
1519
-180
-583
-1588
5
461
433
-1467
-757
1086
906
1200
-1489
-177
1935
1442
-1290
280
-852
-917
118
929
-1643
-307
2261
-954
1083
-259
-1371
713
1394
-883
-1309
-869
918
341
-2451
-1679
767
1029
-988
-1506
142
1686
61
-91
-847
162
1305
-497
-501
-2867
1306
1223
-2626
-512
-1289
2497
-1964
-46
1762
75
957
661
-311
-541
1747
-275
-227
-2190
1917
-654
-973
-101
117
-174
754
1524
171
660
274
363
1206
499
-170
-2
-733
2849
-1815
700
-1949
2956
1034
-1660
371
506
2369
-1976
-1171
213
715
-3440
403
-1136
-199
-1402
1198
-722
34
-479
511
1645
699
344
-2198
2457
-700
359
-1402
1292
-2744
1878
-80
1118
74
-308
850
709
1743
-1874
1774
-2105
2763
-2420
1004
-626
1383
-1522
-289
2868
-1059
605
-545
430
934
616
-1646
-53
258
914
-908
148
-2089
2270
-818
-317
769
-877
1122
306
-355
458
893
-247
-76
1153
-120
-1093
-24
-592
453
-1451
1008
-960
500
185
264
-124
-880
311
544
252
-1895
-453
578
960
-1582
442
-811
2060
-927
-208
1316
154
-1664
-1139
2453
-1267
-242
-1413
793
-1411
739
-320
198
-651
255
-655
671
-458
34
341
-444
1312
-631
185
-1281
1851
-826
1021
-3605
2673
884
-831
-1360
1275
1439
-1431
304
-1254
-560
-306
1027
-1818
-682
-533
2576
-665
477
-340
1944
137
580
-132
1480
-287
1326
-1064
-78
929
-1505
-248
-1133
394
-1235
2610
-2564
917
-1658
1781
-1260
255
-1081
1518
-646
-1095
-2
532
1279
-2279
93
-379
2455
65
1172
-2949
2121
-1171
2362
-1574
-1797
268
1036
547
-2762
-151
218
973
307
-477
340
96
1075
136
408
319
-374
383
-276
2788
-1537
1439
-2671
2530
-250
2274
-333
-559
305
1448
1876
-3949
880
1721
-293
-3288
719
617
1886
-3488
1214
397
-100
-555
-324
756
-3
-2399
303
1367
-982
-879
-1236
2195
-260
458
1107
-240
-788
82
1431
-902
99
443
-1362
1236
-1717
2029
-2152
765
-873
-995
980
-1202
-375
-2452
3758
442
-2936
-654
1749
651
197
375
-749
-2100
1217
1081
-129
-1082
-459
535
197
-9
-15
358
-900
-933
-787
588
-456
-757
-2658
864
827
-1203
784
-1246
285
-56
1550
-297
-791
-320
1858
1018
-833
999
-867
1779
-2584
2783
-88
1051
768
-2675
3059
522
216
411
-1954
699
1385
-1894
-126
-2541
2604
-692
53
-1671
171
-419
-581
161
-1403
1965
-720
-284
-932
448
1329
412
-304
130
-412
2327
169
325
-1241
942
238
-31
-1453
-457
178
1167
-232
-2395
-336
-416
2945
5
615
-2263
820
56
1108
1790
-119
291
-1579
362
963
2173
257
-769
-635
-380
1949
922
578
-508
-1631
719
489
164
-910
-1268
-180
1491
1264
840
333
-669
-162
34
583
393
-434
-1122
-315
1069
1018
-908
-2333
-2020
-487
1391
2183
1727
473
-557
-965
142
1133
1316
49
-396
-1099
-1282
-372
442
1194
489
-329
-426
-25
288
474
76
123
-101
-229
-290
-34
40
371
263
-144
-372
-335
-56
73
258
222
202
-385
-459
-470
52
101
-66
-314
-304
-153
-255
-340
-212
-39
-428
-381
-392
-88
-188
-105
-227
-219
-106
-58
-72
-92
10
59
68
-240
-138
-4
112
-35
-148
-198
-38
105
-6
-96
-166
-306
-58
-225
-168
-232
34
1
-224
-271
-368
-151
-391
-279
-514
-89
-261
-16
83
173
206
239
376
96
154
42
36
-94
-364
-531
-392
-251
-29
-203
169
-50
126
-30
246
306
246
346
556
695
380
318
44
298
272
329
201
277
178
324
201
362
204
232
44
37
130
131
48
-312
-312
-326
164
126
18
-12
25
148
165
154
68
-17
-315
-289
-152
-164
-240
-494
-321
-245
-128
-180
30
37
177
109
-64
-169
-25
-114
-112
-36
-6
104
54
121
95
76
288
332
361
370
167
427
-5
237
-107
135
3
-1
-66
-42
-53
62
469
199
589
266
333
147
105
25
41
-154
-25
-105
-203
-57
73
151
159
144
109
53
61
-35
-149
26
-97
-147
-344
-233
-421
-320
-270
-253
-267
-219
-231
-80
-233
-246
-280
-371
-472
-401
-377
-447
-326
-325
-309
-494
-317
-188
66
-18
-13
-29
110
8
-81
-161
-30
67
213
123
-29
-217
-155
-2
79
4
46
152
126
11
-24
209
96
32
55
189
38
282
194
245
161
273
267
298
127
208
58
27
32
39
187
-59
85
-252
-152
-69
133
223
237
124
11
61
9
41
-43
27
-46
-148
-42
-109
-121
-253
-172
-59
48
217
205
165
180
113
44
-82
-97
-92
-154
-224
-335
-354
-232
-60
-192
-228
-277
25
-5
16
82
-47
99
-26
110
-62
-11
171
47
37
-36
112
144
386
387
308
186
185
289
243
104
12
135
-41
189
-18
-26
114
141
299
122
324
132
238
127
104
62
-14
-5
-132
-121
-334
-175
-58
-80
-188
-38
-57
81
-10
-71
-219
-46
-160
-119
-201
-300
-209
10
213
-11
130
-76
-89
-168
-109
-197
-138
-399
-245
-395
-199
-297
-381
-413
-271
-59
-365
-99
-105
318
141
50
-12
-9
0
-16
-263
-78
-79
15
-52
-64
-40
-98
1
-69
118
17
149
-59
127
-24
0
-382
-315
-115
159
188
159
106
193
513
337
358
166
234
-16
-16
-33
-125
-88
42
-133
87
68
95
57
101
25
118
210
282
149
42
-15
-46
78
-71
-98
-244
82
171
277
103
301
132
181
-4
65
9
28
103
83
-22
-11
15
-108
109
25
196
-4
246
35
156
71
133
84
90
-4
-7
-224
-164
-135
-24
94
42
298
189
316
1
215
151
247
50
-21
-172
-84
-30
33
-88
-154
20
7
167
41
-98
-71
29
175
168
-79
-73
-77
152
38
16
3
-90
128
61
65
-81
69
44
-54
5
-240
-23
-119
-64
-80
-54
-125
-179
-202
-128
-133
-227
-218
-279
-274
-100
-72
-163
-93
-243
-19
-9
-34
5
16
-102
-138
-120
-98
-158
-291
-142
-151
-14
-93
-158
-302
-223
48
-138
-239
-385
-186
-221
-41
19
-43
-98
-178
-35
-101
57
-44
56
60
-32
-142
-183
66
-16
174
91
189
145
89
151
201
369
269
361
130
300
216
555
430
395
314
93
382
324
553
234
131
-26
-92
95
-106
7
66
-20
-7
61
163
55
131
-111
-105
-226
-222
-222
-196
-293
-288
-77
-99
149
43
278
91
310
274
275
248
252
320
264
398
