5
-138
-181
-19
53
382
584
574
556
287
-88
-340
-528
-594
-503
-560
-584
-666
-510
-383
-97
249
370
711
583
502
401
414
499
530
373
138
-74
-435
-804
-978
-897
-764
-548
-270
-68
277
571
663
807
819
805
423
153
-203
-472
-581
-746
-800
-714
-763
-608
-326
-177
220
587
1006
1152
1194
950
663
482
181
-39
-195
-375
-471
-541
-553
-539
-394
-236
-155
-148
-154
-171
-187
-182
-212
-25
25
131
196
337
626
694
493
488
449
315
191
-34
-120
-326
-391
-210
-305
-201
-61
-199
-342
-384
-315
-225
32
156
465
683
755
823
762
578
359
143
-218
-400
-569
-605
-547
-515
-276
-41
90
210
346
523
588
474
538
388
318
378
132
-26
-157
-342
-362
-473
-590
-656
-517
-250
-222
-171
-132
-137
3
165
78
53
10
-115
-237
-194
-78
-118
-47
98
130
159
99
269
424
425
184
-25
29
-7
15
-68
-208
-97
-69
-159
-167
-255
-169
-249
-161
-8
-40
-93
-101
-148
-135
-178
-208
-68
-64
70
67
130
137
159
223
231
119
-38
-114
-307
-530
-644
-503
-462
-301
-110
-62
48
210
304
435
634
743
780
669
534
325
75
-135
-408
-493
-846
-922
-960
-818
-627
-346
32
295
701
670
784
760
727
526
497
368
167
155
95
54
173
111
7
-33
-119
-234
-361
-435
-314
-208
-245
9
-49
-3
42
54
15
90
165
124
90
51
45
90
88
22
-2
-65
-14
-13
54
279
227
142
-51
-306
-478
-749
-545
-501
-369
-100
48
312
477
551
521
331
68
-234
-505
-399
-287
-201
-56
110
173
231
279
277
169
214
241
83
-125
-391
-468
-473
-278
-177
12
-63
-53
65
80
216
304
364
382
409
349
206
208
163
45
-118
-505
-741
-926
-972
-788
-157
181
414
751
791
697
636
546
466
496
521
465
261
167
-90
-132
-307
-485
-607
-838
-866
-852
-714
-440
-84
94
384
454
520
349
162
335
172
111
-74
-237
-131
-9
17
136
367
510
566
373
124
82
-44
-12
-18
-185
-146
-306
-266
-260
-236
-80
-99
-110
-227
-251
-181
3
301
476
790
809
732
645
346
174
-122
-409
-507
-522
-443
-328
-278
-84
-52
-15
-60
-97
-70
-45
6
183
339
346
326
387
419
432
295
139
180
-39
-164
-186
-195
-163
-175
-388
-514
-506
-336
-194
-25
113
303
445
389
353
125
133
212
-7
80
64
-105
-116
-265
-216
-174
-246
-120
-88
-205
-303
-367
-424
-631
-548
-347
-240
24
217
360
475
509
479
315
115
-122
-275
-354
-196
-162
-253
-345
-476
-373
-321
-473
-261
-160
-56
157
179
383
366
467
364
181
34
-137
-206
-105
-101
-63
15
-57
-69
-68
10
-117
-29
4
61
76
38
-155
-178
-194
-375
-367
-377
-137
-49
175
345
514
632
548
275
134
85
163
83
33
172
8
-272
-595
-686
-691
-531
-680
-704
-475
-223
145
423
749
933
827
792
492
197
80
-70
75
212
250
137
-33
-10
-14
-126
-24
51
-13
-44
-215
-258
-155
-104
-133
-36
-3
38
2
-32
259
371
241
72
-60
-201
-96
-64
65
208
312
159
-60
-199
-328
-311
-441
-461
-383
-336
-319
-78
150
404
556
496
260
151
88
-23
53
-49
-72
27
-18
-94
-177
-191
-52
-69
-194
-186
-257
-90
68
153
185
159
189
188
265
200
351
289
114
-80
-182
-255
-233
-69
-26
30
30
106
149
101
-88
-107
-143
-155
-297
-329
-337
-283
-193
-152
135
270
305
268
413
382
146
80
134
117
-17
73
-188
-261
-370
-558
-390
-431
-354
-392
-281
-279
-270
-358
-253
-98
13
277
353
577
548
508
512
510
497
333
205
-17
-214
-114
-263
-362
-368
-426
-350
-383
-305
-101
19
35
55
121
237
267
490
607
646
607
402
403
221
-41
-134
-262
-353
-326
-324
-277
-276
-221
-97
-75
83
144
235
364
351
350
203
38
11
8
-71
-146
-116
-159
-128
-88
-69
-80
-173
65
-16
-160
-365
-430
-225
-272
-219
-221
-391
-282
-107
41
191
299
240
136
127
33
149
188
443
487
400
185
-62
-190
-241
-154
-109
-130
-64
-187
-208
-33
-185
-129
-112
-123
-120
-113
-82
10
268
369
209
135
-45
-8
-19
84
226
203
166
71
99
67
47
-94
-151
-266
-354
-367
-378
-257
-70
-17
48
39
24
81
147
73
24
-1
-28
-291
-350
-291
-456
-228
-80
-27
-41
-82
-26
59
49
49
-10
66
20
202
265
447
549
318
259
238
266
56
133
190
157
22
-19
-226
-343
-222
-260
-242
-132
-241
-304
-300
-136
-48
71
384
439
550
597
548
407
459
527
617
621
448
298
44
-342
-411
-534
-491
-315
-446
-325
-247
-58
33
183
425
605
534
423
327
138
170
7
21
-5
7
-51
-409
-381
-200
-201
-46
64
268
345
195
172
37
-8
143
198
146
58
-48
-74
-151
-112
-36
217
336
181
148
157
56
107
89
89
43
14
-54
-169
-133
-110
-132
-138
-12
-211
-212
-195
-262
-121
-121
-156
-50
-233
-104
-22
-112
78
202
262
212
242
39
-157
-111
-64
-35
-76
-123
-68
54
47
28
180
207
192
67
143
129
47
105
125
-26
-287
-302
-492
-414
-288
-261
-216
-220
-174
-116
-77
-142
-43
-116
-165
127
187
133
235
127
62
44
-7
-35
-113
-136
-68
-9
-15
-8
-56
-45
-61
-139
-186
-46
3
192
251
216
224
127
14
-245
-138
-39
165
225
324
462
482
347
196
92
-72
13
-37
-62
-179
-272
-309
-302
-240
-144
-38
52
12
-109
-70
5
188
278
491
433
318
300
0
11
8
35
138
145
40
-85
-119
-95
-65
-104
-99
-23
-192
-101
-129
-193
0
16
4
-95
-31
78
303
360
365
332
206
34
-139
-145
-140
-92
-26
-64
61
116
73
385
404
324
188
-127
-87
-117
-216
-106
-187
-185
-89
-76
0
40
55
68
122
52
-7
-59
35
-11
159
277
128
44
-86
9
-100
-241
-276
-242
-63
20
33
107
85
351
390
242
150
-49
-194
-335
-405
-391
-224
-137
-219
-294
-413
-542
-389
-286
-87
3
-42
-45
26
129
30
155
273
245
21
-38
19
-2
39
176
179
114
-30
-212
-97
-193
6
171
69
23
-79
-131
-201
-167
-15
159
234
247
170
35
208
224
195
39
-97
-136
-515
-577
-326
-18
28
39
11
49
-1
44
105
221
309
115
247
295
289
334
211
236
96
-27
3
-55
132
21
-58
-18
-39
-131
-170
-208
-248
-168
-169
-165
-2
-33
34
-22
15
83
-98
-16
-127
-78
-136
-74
-109
56
33
-7
114
33
225
324
179
28
77
36
-184
-108
-7
-152
-156
-153
-74
-132
-70
23
99
142
87
19
-49
-125
-173
-149
17
-17
37
171
172
91
134
261
161
134
87
-77
-181
-34
-116
-72
164
241
135
0
-55
-87
-122
48
6
31
18
63
158
29
75
-2
15
-164
-257
-215
-120
67
10
-100
-81
-89
-19
71
168
183
111
6
-29
-15
-110
-109
-113
-84
-233
-193
-70
67
116
-9
46
15
-9
-55
-30
3
-35
94
94
60
152
134
34
-184
-223
-230
-182
-84
24
58
175
114
7
-238
-315
-258
-198
58
126
160
-69
-82
-111
-124
-68
-33
-224
-147
-101
-124
142
317
525
523
395
226
41
1
9
21
16
-119
-259
-171
-157
-90
-66
68
230
290
393
234
272
165
121
34
26
-112
-233
-153
-286
-218
-77
37
49
131
274
233
188
44
59
90
-35
146
-24
-132
-54
-102
-32
-52
-24
-133
-131
-179
-154
-76
-68
2
-17
-163
-326
-144
97
274
213
-51
-115
-266
-414
-208
-71
52
67
-66
-212
-202
-83
-96
-187
-68
3
5
90
33
79
148
31
-84
11
102
152
203
251
280
76
-82
-110
-75
-25
-180
-273
-279
-286
-256
-137
61
-66
-97
-139
-198
-113
32
-9
-107
-58
-267
-234
-409
-292
-135
-73
84
5
143
200
193
284
341
301
345
326
113
-43
-93
-122
-135
-143
-153
-87
-19
28
152
242
132
139
185
112
-48
-177
-116
-45
127
-10
-55
50
86
-13
-58
-54
-47
3
-19
103
202
344
320
150
329
324
144
167
121
300
175
-12
-37
-25
-96
-43
66
-151
-62
-193
-385
-403
-302
-187
-78
-68
-118
-51
122
416
303
360
186
-57
-140
-222
-28
104
229
320
210
28
-137
-3
36
105
75
-152
-246
-361
-159
-76
0
114
-34
-143
-237
-233
3
218
249
7
-81
-314
-338
-190
87
189
65
16
-185
-284
-286
-165
-150
-20
129
60
-2
26
-33
74
-1
23
141
123
148
153
14
-34
-118
-283
-55
-15
-50
43
-41
-173
-92
-5
37
-48
-25
-73
-202
-279
-384
-286
-278
-199
31
57
129
201
14
2
30
-3
-97
98
260
171
111
27
-94
-277
-261
-248
-174
50
129
25
10
13
-79
-280
-151
36
-23
1
180
157
68
164
113
115
146
94
164
176
-18
-171
-134
-60
-90
57
7
98
76
-27
-12
46
74
78
74
-63
90
148
107
17
103
-7
-105
-164
-129
191
90
46
46
-20
-22
-40
-31
-81
71
85
125
181
30
-9
-14
-134
-232
-421
-353
-88
-46
45
170
118
227
212
167
221
30
70
-70
5
83
105
187
66
30
0
-69
-44
-34
147
284
291
52
-75
-22
-14
35
105
57
-245
-112
-210
-223
-344
-399
-102
16
60
25
42
102
152
196
121
42
116
46
110
134
7
-257
-282
-22
98
201
60
1
-37
-93
-69
-60
53
20
-26
-290
-376
-302
-336
-97
67
76
30
-37
9
107
154
98
29
-16
112
200
211
307
44
61
-155
-257
-335
-268
-47
-185
-6
-73
-37
-135
-18
93
241
225
216
36
-136
-71
10
149
190
-39
-252
-314
-349
-63
-142
134
216
164
11
-77
37
155
387
539
258
-10
-202
-285
-82
31
82
42
-68
-92
-197
-313
-73
71
94
33
91
18
-10
139
313
165
-38
-37
-216
-399
-319
-165
4
101
-4
-28
59
159
317
419
343
120
-81
-69
49
130
363
126
-17
-181
-428
-401
-368
-78
-30
2
35
251
306
447
492
364
100
-55
-249
-352
-221
-222
-118
-142
-48
-190
-203
-41
-80
-112
-15
9
41
55
-9
78
60
134
365
242
187
79
-101
124
91
96
106
-77
-144
-434
-439
-448
-253
-35
-75
-54
-226
-146
-293
-312
-22
-27
97
77
-15
45
96
183
200
57
7
-80
-175
-45
16
-43
-32
147
23
-53
-120
-138
-143
-132
-195
-178
36
91
115
138
319
280
204
108
-1
152
223
211
162
45
7
-196
-223
-76
10
91
34
-49
-66
-77
-6
70
154
161
229
145
62
275
382
391
265
-10
-190
-129
-65
8
169
188
70
39
25
-17
1
-22
47
115
-80
42
-102
5
210
281
209
9
-38
-155
-60
-123
5
-90
-215
-230
-201
-185
-64
100
224
304
267
285
167
180
137
168
119
39
3
-84
-180
-291
-55
-47
106
89
161
186
-25
97
-46
-48
-86
-72
-57
-143
-52
-80
-201
-201
-170
-41
-1
54
195
171
34
47
116
97
93
157
142
146
7
-160
-69
-80
-166
-97
-5
35
-5
1
-83
-204
-175
-207
-218
-203
-116
-112
-93
-73
-55
-106
-25
-46
96
95
41
157
99
207
124
43
-26
-138
-131
-36
-13
15
-48
-42
-97
-156
-67
4
86
158
195
6
-23
-68
13
-99
-133
-120
-209
54
37
188
146
21
-114
-148
-188
-275
-27
295
417
309
233
152
71
89
130
57
124
-75
-179
-293
-267
40
207
304
194
-94
-273
-279
-233
36
37
-19
12
-10
59
20
111
243
144
79
60
9
-3
-23
101
26
-94
-185
-155
-49
-10
113
154
218
152
171
46
43
56
118
42
34
91
-62
116
220
224
194
200
204
319
317
223
58
-37
-235
-278
-59
50
138
36
110
-19
-157
-191
-134
81
52
-30
-204
-177
3
-19
6
103
-108
-173
-51
-47
21
48
12
-44
-8
-111
-338
-190
-20
4
-45
-161
-64
-51
43
154
285
187
73
1
40
64
-15
-58
-166
-12
-166
-226
-168
-61
-98
-142
-133
-128
-41
-248
-353
-256
-55
-19
52
-117
-72
39
-86
136
15
100
148
7
-59
-6
-6
29
117
76
-38
-258
-237
-272
91
259
215
91
-120
-24
-40
-71
93
188
157
-42
-247
-224
-184
-61
-132
-107
15
79
163
196
183
165
19
-130
-56
-6
139
151
78
69
83
-20
-32
101
133
0
-172
-55
43
-79
-2
98
151
126
14
-117
-93
-14
-154
-66
68
262
251
267
347
183
8
-175
-105
128
158
231
249
95
32
28
145
221
93
-69
-163
-153
-237
-216
-68
2
65
23
-96
-88
-4
-78
-77
-119
-5
5
30
-31
