-8571
-4127
-221
6530
12461
14177
17047
22029
22161
23068
23302
23165
22139
20585
18322
19365
15737
12188
15110
14750
15905
17500
21429
25178
27906
25735
26894
25893
16382
-3385
682
-4379
-32021
-32087
-32768
-32486
-32768
-32606
-32768
-32685
-32768
-32768
-31341
-26688
-20934
-14436
-1660
6767
9822
12893
29530
29789
27517
32767
32397
32767
30155
29298
26826
21238
7053
4411
1941
-10777
-14216
-17215
-17322
-27908
-30113
-24581
-30016
-31573
-32768
-28222
-24431
-24759
-16830
-9254
-3088
3377
13155
18264
22856
26749
28659
32767
29616
28120
28035
27043
22056
20557
18136
16221
15194
11467
13536
12191
13147
15081
17322
20864
20203
21867
21383
19126
14199
-10289
-2382
-8599
-32768
-31587
-32767
-32173
-32768
-32473
-32768
-32703
-32691
-32768
-28048
-23141
-18957
-8060
904
9942
15732
17783
31084
32597
31379
32767
32656
32767
28557
27990
20132
16147
4283
-173
-1007
-12245
-16354
-20067
-21410
-30865
-28411
-31492
-31538
-30745
-32768
-24951
-24822
-18701
-12198
-2227
3044
8289
16686
21762
26438
24707
30634
29934
26916
25876
24754
22986
17891
18791
15884
14535
12669
12179
13351
13466
15284
15611
20471
22167
20895
26520
25255
26405
16448
12778
-4462
-13481
-7956
-30678
-32768
-32523
-32768
-32556
-32768
-32599
-32768
-32691
-32767
-32451
-23391
-21461
-12519
2125
9764
16788
19578
30644
32767
32366
32767
32178
32767
30524
29457
25696
19395
10957
551
4299
-10793
-19740
-22032
-26483
-29496
-32768
-31792
-32768
-32409
-32554
-27549
-19542
-15169
-4626
5118
11063
16006
22444
30203
24685
31613
29891
27950
27103
23692
24209
19184
15017
10549
13732
8140
6550
8850
6722
12331
11257
18638
20722
21919
28770
29375
29863
27457
28317
15995
8105
-15596
-10055
-12829
-32768
-31643
-32768
-32408
-32768
-32768
-32621
-32768
-32347
-32768
-30125
-18763
-22066
-7767
8534
17882
14884
21498
32767
30910
32767
32125
32767
31644
25719
32303
23650
12213
1966
-8925
-9863
-19668
-25157
-32768
-28632
-30668
-32768
-32655
-27779
-20155
-23447
-6548
-1549
400
13585
19816
25214
26491
32767
28724
27960
31088
22533
20838
15896
18394
11391
11471
13128
6923
6629
2178
5280
2773
4878
10793
11116
7877
7063
14123
17290
11940
11507
16018
12188
5222
-5228
-5769
6293
-16763
-32768
-15830
-21057
-32767
-32768
-29137
-20788
-32768
-32156
-24097
-18691
-16110
-25203
-7189
5221
5690
5494
2401
29823
22191
8951
18164
25899
22733
2828
11669
16932
6103
-1642
-1196
-805
-7386
-10279
-11995
-12998
-11392
-10567
-16766
-12947
-4610
-5883
-4986
-1499
5938
5106
6379
11744
12278
15678
13037
18737
17298
14265
15892
15685
15323
6672
9521
7232
6046
5126
2277
589
-2257
444
-894
1374
71
-900
2202
742
656
620
1908
3666
2088
5636
4555
4725
6433
7484
8716
3494
4395
894
683
-2063
-10737
-12747
-19366
-16210
-21577
-27644
-24071
-26516
-24590
-23497
-14542
-15601
-15036
-6491
-4985
289
-28
4365
8037
7484
7382
5991
10811
9091
7966
7300
4077
4968
634
1842
-1711
-1179
262
-4829
-2173
-1662
3291
-1289
-1564
4360
2254
2411
3843
9008
5621
5682
9165
11226
9702
6047
10505
6676
5395
5546
3446
2121
3125
4230
-970
204
227
-166
-238
-3006
-272
-2644
-3236
-1344
-2544
507
-1583
950
1063
1411
2518
-824
5103
2270
2275
2504
704
5034
354
2803
179
-2616
-1876
-4141
-3553
-8735
-7723
-7424
-6650
-6807
-7945
-5464
-5042
-2468
-3178
-5145
-2508
-2883
-3369
-3663
-2310
-3316
-4810
-2675
-4402
-3681
-3798
-4056
-1635
-1690
-2238
-511
957
156
-449
2850
1777
1827
3527
3625
3941
4464
6310
7721
6415
5720
6997
6252
7898
5626
6052
4397
3998
5136
2409
2478
1176
720
-1473
-4064
-1366
-4716
-6140
-4013
-5541
-3363
-6518
-1644
-1559
-1512
1403
-1224
2407
1739
3677
3437
3120
3741
2379
5020
1992
865
621
-2077
-1107
-3422
-2644
-2684
-2264
-2444
-3119
-956
-1332
180
-401
-1395
-743
-1139
-257
943
-671
-1568
2192
3282
-115
794
987
2208
742
-2270
806
-156
-645
-2549
-2971
-2104
-2157
-1085
-3685
-4093
-1974
-129
-2568
-2590
22
701
250
2500
2934
2806
5708
5326
3247
798
2470
1320
227
-99
-2413
-1664
-1472
-1322
-382
-365
-411
-1797
-1415
-1656
-1339
362
-985
948
2017
2594
2832
2401
2542
1475
2127
2623
738
-138
-1094
1485
575
-2983
-170
-554
-408
-4
1407
-1380
-3588
-1123
464
1919
225
-676
185
1392
513
1142
927
1498
1693
-674
680
339
-977
365
-905
-2542
-3241
-3807
-2254
-4542
-5442
-5527
-5912
-3726
-3032
-519
-1304
-1000
1754
2117
3961
4760
2761
2960
2917
685
2206
4055
2653
219
360
312
379
-871
-119
-1289
-2937
-691
-2627
-3465
-2530
-513
-7
1068
976
2310
727
1422
5377
1685
1309
556
2314
1385
-610
4074
1873
-21
1527
243
-596
2068
2828
-1329
-1338
-511
-1949
-1561
-624
-1216
-1279
-865
727
192
-571
2747
1472
-215
516
1510
2370
1967
3859
4414
3134
-390
-1384
67
-1160
-4342
-5142
-3729
-3210
-1904
-3447
-3607
-1876
1143
-373
-1103
1068
-1379
-3758
-1766
-376
-871
584
-883
-2760
-2876
-2667
-1264
-232
-973
-4460
-6517
-2655
-828
-982
-216
838
396
-616
1930
5117
5069
717
-105
1174
1210
4435
4336
3214
2790
3550
4155
4985
4107
3001
5177
4840
2033
-2686
-874
2989
1506
-1035
-1681
141
-799
186
1578
-784
2101
3919
2320
1942
6703
4253
3527
3934
868
2056
256
995
-336
-4334
-8957
-8294
-7894
-6473
-6112
-7743
-8832
-9138
-8012
-4731
-4410
-9427
-10376
-6525
-2785
-3137
-6217
-8399
-4719
-3739
914
2176
3468
-481
-2179
938
2951
5733
644
8146
11249
6284
3467
2149
5275
9112
6508
5967
4900
4905
6530
4375
6344
5807
4339
5725
7829
4498
2898
4377
6415
6240
6262
1362
1781
6967
6242
4630
3190
5078
3217
5067
6992
4687
-307
-2805
-10725
-16162
-14483
-14162
-16153
-20494
-22340
-20101
-14997
-12706
-10400
-11023
-10384
-9339
-5923
-2470
-739
1588
2191
4073
7413
8007
5700
7623
13576
10774
5439
2581
1365
1032
-99
-1989
-4977
-4003
-6017
-8039
-7999
-5983
-4970
-2976
-1488
-4869
-5861
-1519
2433
2985
1975
5129
5697
8650
10012
4981
9322
13813
15165
11908
9561
11135
11697
13334
15776
15006
12799
12066
15168
17502
18915
18884
14062
9215
6324
3409
-4804
-17666
-23548
-22317
-24703
-28180
-30476
-28596
-26145
-21901
-17453
-16413
-16076
-15356
-12825
-10937
-7702
-4150
-2476
-521
1851
4568
6551
6414
9226
12024
11445
12195
11572
11893
11822
10809
9855
6250
4145
2076
-806
-4568
-6776
-7846
-11304
-12539
-11788
-10220
-10557
-11682
-9548
-8297
-6524
-5042
-1959
781
3031
3817
4525
9640
11731
10437
10499
15490
16544
12844
11078
14661
19505
17682
15724
18622
19032
18062
18781
18900
21449
23597
21805
15390
7988
-215
-13788
-25032
-24712
-28438
-32762
-32636
-32768
-31147
-30007
-21840
-15266
-13159
-12208
-10773
-11859
-13850
-9192
-4543
-4170
-2439
1269
2187
2883
6271
11356
12317
12922
13376
13390
11658
10711
12427
10224
6741
5658
2798
-2235
-5865
-7986
-11039
-15362
-15381
-15444
-14766
-14509
-10714
-7684
-7648
-3299
-436
780
1802
5167
7811
8192
9528
12369
13618
13389
14718
15225
14896
15568
15624
16420
16808
17597
18611
19710
23323
24554
24248
24678
24944
21029
13156
2921
-13658
-26147
-30361
-32768
-32702
-32768
-32679
-32768
-31407
-24257
-18261
-15160
-11501
-7861
-10867
-13215
-9623
-6217
-4786
-2108
2195
1499
2240
5300
7364
8236
10991
13551
11576
10404
10918
10149
8832
7899
7884
6311
2813
1056
-2738
-6572
-10999
-12565
-14100
-16362
-14772
-13984
-11406
-10421
-6770
-3193
-871
2476
2888
5601
5933
7549
8801
9769
11404
10500
11530
11155
12954
14363
13892
14452
15393
16214
17656
20481
23081
25607
27414
28670
29555
26763
19994
9391
-6569
-21535
-24254
-24959
-31662
-32768
-32657
-32768
-32464
-27672
-20919
-19637
-19092
-15893
-15679
-17219
-13717
-8860
-8086
-6448
386
2186
2710
6160
9742
10201
9659
13282
12366
12100
13092
14664
13945
12609
14672
11550
9105
6489
2766
-3556
-7345
-10054
-15130
-17698
-19672
-19187
-17552
-14140
-10451
-7950
-6258
-3421
384
3830
5105
6436
7849
9107
9696
10876
13115
12613
13030
12730
13433
12804
12424
14414
15658
18315
20929
22849
24179
26069
27384
25774
23617
19339
11015
-481
-13905
-18384
-23505
-31789
-32757
-32768
-32594
-32768
-29499
-24691
-22845
-21375
-17795
-18462
-20017
-14825
-13003
-11685
-8544
-1157
-76
1679
8898
10826
11065
11669
14715
12222
11549
14555
15541
14304
14642
14978
13134
10608
8579
5774
111
-3382
-7630
-11722
-15932
-15760
-17329
-18367
-15668
-14224
-12375
-11184
-7153
-5063
-2155
653
3353
6273
7577
10237
11318
12123
12502
12600
12525
11926
11145
10079
11243
12823
14484
16757
18049
18633
20409
23644
24586
24338
24136
19130
12938
7359
-2577
-10077
-12552
-20374
-28735
-30312
-31358
-32658
-32768
-29118
-27344
-26571
-21381
-19442
-21452
-19453
-14815
-13217
-11565
-5569
-1474
-375
5004
9099
11008
12805
15826
15205
14616
16969
16497
14760
14772
15431
12108
9889
8401
6044
2746
259
-3939
-9006
-11080
-12804
-14973
-15927
-15061
-15383
-14158
-12292
-9739
-7606
-5064
-2077
62
3139
5445
8066
10138
11705
10917
11212
11345
10458
10126
9211
9231
7696
9077
10346
11308
13803
15509
17599
18605
20981
22009
22242
22269
19141
15068
10076
1151
-5106
-8914
-17452
-24828
-27628
-29271
-32526
-31296
-28666
-28546
-26614
-21600
-21447
-22308
-18719
-16168
-15427
-13257
-5923
-3390
-836
5474
9726
11508
14512
19150
17906
16927
18778
17401
13596
12232
11487
7485
5544
5335
2518
-630
-1060
-2489
-4739
-7418
-9264
-11133
-13730
-13155
-13439
-13606
-12727
-10482
-9073
-6844
-4057
-2475
365
2925
5550
6671
7603
8570
9250
9643
9991
11011
10241
9596
8910
8967
8736
8068
8373
9634
11119
11676
14703
17103
19359
20755
22307
22916
19917
16839
12823
4182
-3830
-6709
-14369
-23771
-26591
-27154
-31210
-32768
-30091
-28872
-28289
-24102
-19839
-21688
-19732
-13799
-11660
-9514
-3863
1431
3128
7931
12142
12844
13961
15775
14658
12410
12528
11521
8709
6995
6269
4323
3308
3157
2628
704
252
-564
-2491
-3114
-4163
-5860
-6861
-8074
-9875
-8966
-9002
-9159
-8262
-6929
-6681
-7156
-3979
-1647
544
3084
5502
7103
7617
9283
9750
9430
9282
9232
7943
6755
6975
6350
5999
6497
7770
9308
11977
15285
16592
19018
21324
22636
22604
22364
20092
15290
9623
6
-5629
-9888
-18599
-24872
-26828
-28644
-32047
-31383
-28709
-27911
-24918
-20645
-18988
-18942
-15147
-12173
-11487
-8572
-3315
-676
251
5320
8481
9386
11865
14601
13619
12300
13324
12343
8577
7103
8151
6301
4883
5260
4004
1946
1448
915
-1060
-3172
-4940
-7000
-8843
-9218
-9507
-9395
-8897
-9155
-8680
-7395
-5803
-4884
-3528
-1755
-312
2147
4887
7366
8663
9619
10475
9576
9248
8403
7319
6138
5466
5224
4570
6344
7091
8326
10078
11252
13054
15601
18341
18604
18641
19944
19982
16682
12196
6986
32
-3659
-8460
-15922
-20231
-22550
-24921
-28559
-28643
-28046
-28433
-26232
-22445
-21306
-21197
-17370
-14143
-10997
-7499
-2317
801
2474
7667
10172
11641
13087
13804
12800
11388
11943
10773
8215
6662
6219
5167
4229
4235
3941
2172
1267
934
-667
-1735
-1831
-2618
-4804
-5317
-5523
-6804
-6860
-7296
-8023
-8395
-7740
-6413
-5890
-4360
-2137
-199
1654
3746
5152
5643
6524
6643
6017
5951
6257
6184
6214
6975
6904
7337
8815
9871
10225
10592
11610
12493
14269
16414
18411
19026
19703
20577
18410
15019
9317
2010
-3418
-7885
-14918
-21592
-24252
-26814
-29814
-30402
-29007
-28777
-27629
-23561
-20586
-20299
-17742
-13402
-11485
-8508
-3270
200
1412
4214
8479
10363
11804
13745
14261
13427
13491
14005
12808
11154
9916
8579
6694
4868
3132
1699
12
-734
-1344
-2139
-3051
-3399
-4627
-5807
-6735
-8663
-9554
-10065
-10322
-10880
-10360
-9120
-8156
-5778
-2946
-1182
1098
2662
4888
5996
7819
8997
9840
10177
9790
10850
10270
10459
9799
9725
9355
8669
9360
10158
10596
11371
12707
14642
14994
16528
17694
17202
15889
13538
9869
2264
-2079
-5862
-12228
-18631
-22359
-24422
-28278
-30561
-30488
-30507
-30172
-27334
-23378
-21578
-19032
-13956
-10393
-7881
-3083
1971
4149
5865
8739
10779
11666
13568
15874
15522
14440
14726
14230
11506
8524
7356
4960
1746
719
1296
608
-160
437
277
-1261
-2188
-3762
-7009
-10146
-11707
-12759
-11642
-8711
-8192
-8616
-8347
-5349
-3413
-2816
-1926
95
937
3745
3550
-654
2912
8371
12324
13152
9732
7631
7766
8619
11311
12080
13865
13441
10818
11256
13137
18016
22260
26106
27759
30591
31421
28731
23146
14220
-2730
-26857
-32767
-32341
-32768
-32507
-32768
-32505
-32768
-30578
-18853
-7453
510
11935
18796
17541
13812
11105
7856
3469
2208
3027
-499
-6805
-10267
-12547
-13923
-10282
-1953
5716
10023
13483
14977
13185
12263
15204
17390
15717
11379
4892
-4563
-13547
-16909
-15689
-13770
-12742
-13581
-17633
-19804
-16826
-9762
-585
7913
13154
12347
7844
5684
5478
6784
8289
6912
1599
-4764
-7288
-4593
1315
7463
10988
9569
5157
2546
3418
6743
10157
11563
11337
9889
12308
16907
23645
27624
29164
30422
32089
32758
32720
26211
13163
464
-24321
-32768
-32064
-32768
-32388
-32768
-32490
-32768
-30962
-10633
18704
29252
28175
21331
10293
914
217
3644
-1653
-15809
-26787
-30358
-28003
-15559
-548
6655
5443
6021
12542
20464
28675
32767
28854
16278
6353
3656
1271
-2647
-8428
-15657
-23073
-22310
-13968
-7363
-6848
-7465
-4662
-914
4659
10484
10528
4662
391
-774
-1780
-3570
-4403
-7224
-10431
-8474
-2670
1886
4941
8687
9496
8534
9932
11854
10868
8217
7591
7295
7089
10564
17990
21659
19748
20214
22349
26701
32767
32490
32767
32519
29932
21761
12618
-2765
-28528
-32767
-32168
-32768
-32346
-32767
-32300
-32767
-21740
14714
32767
30623
19964
15250
23474
21051
10405
-8008
-28821
-32768
-23907
-14493
-15301
-19011
-11932
-714
13516
27131
28084
21605
20646
27637
27523
15802
3647
-7018
-14211
-14154
-11561
-20498
-32768
-24229
-4603
574
1855
2842
4644
10790
20023
20389
3907
-3456
-1181
-4188
-7439
-9784
-14298
-16692
-6636
2568
-1137
-1244
5784
11369
12775
14816
12902
8284
11061
16626
14138
9012
9091
11955
13676
15362
16145
14647
15439
22708
31522
32767
32767
27577
22486
23857
20301
10279
-7380
-28686
-32768
-32444
-32768
-32653
-32768
-32768
-32313
-23645
-598
26709
29068
29241
29667
14913
3520
1317
-5102
-22224
-26061
-19675
-22881
-20769
-10120
-5798
-5381
6917
18483
16351
16498
23301
25764
19024
16442
12550
3623
-192
-1255
-6422
-15435
-17865
-16098
-12990
-7683
-5943
-5494
-2613
3745
8801
7138
1280
-5234
-7227
-7045
-10866
-14044
-13128
-8261
-2429
3997
10327
11372
14902
20880
22115
19733
18856
19274
16691
15338
16624
14420
12862
13616
10395
5229
5482
10221
8340
5111
8307
10730
9512
7933
10223
10510
9414
8714
4546
3363
8265
13221
5170
-5996
-23455
-32768
-32269
-32768
-32507
-32768
-32759
-30737
-11916
-315
-2862
-4380
3745
18311
14758
-2746
-11286
-6877
-783
5365
3631
-5699
-7281
2443
7296
1190
-2347
-3224
1558
13460
17122
9977
5257
