10576
32767
17889
-10920
172
6405
-7799
-14764
-32768
-26455
-12877
-14257
-30531
-9691
4616
7192
8695
8156
13775
22367
15872
2517
9873
8336
-1442
-7459
-9153
-7373
-2498
-4188
-14223
-4121
2410
-9433
1028
7414
2690
6575
10236
1976
7046
8984
-3201
1965
7493
8060
18386
32767
23897
22657
32767
31660
32767
28040
30532
29255
32767
16467
-20737
-32768
-22045
-22704
-32567
-32768
-26643
-5300
12286
-102
-17696
20529
32767
14301
-15664
-5080
-1984
-5752
-20905
-32768
-27703
-11066
-8739
-24551
-7334
5620
16837
13251
6594
9634
20441
16050
751
-315
159
588
-8222
-13212
-10861
2025
-336
-8144
-1114
-4931
6946
9985
1292
-1370
12237
10192
-1332
-597
2059
5915
3928
987
11800
30451
32767
26769
28688
32767
32511
32767
31001
30964
31973
23583
-16416
-32768
-31978
-30320
-32390
-32251
-32768
-15442
15764
26386
-869
246
32767
29004
3345
-17964
-15750
-18748
-14166
-28794
-32768
-25053
-6330
-4892
-6297
4485
10176
22949
19410
10467
5720
12511
7795
140
-6668
-10473
-6169
-3881
-6014
-9025
-278
2076
3837
-2548
-6244
6083
4956
-2023
-5730
2721
853
-589
3870
9471
15775
17665
23347
24674
32169
32446
32767
32295
32767
32230
32767
27499
19454
7015
-25364
-32768
-32027
-32768
-32496
-32768
-32369
-6209
22403
27721
2088
3089
26214
21537
-4729
-24581
-25480
-23874
-13254
-26763
-31612
-15927
4489
5449
4845
9791
12140
21712
15448
3070
-2841
2793
661
-5966
-9267
-10833
-3213
836
-2759
-4800
4765
10685
7277
4964
-1624
-4207
-2586
-494
-5394
-3679
473
2753
4935
3908
4394
8105
14006
16692
20204
30325
32622
32767
31477
31947
32767
31155
29465
24166
19577
-15880
-32768
-32257
-31713
-32273
-32341
-32768
-15046
18203
32767
12700
-5580
19325
26058
4470
-22290
-28130
-28942
-14282
-17643
-32768
-25614
-3053
9194
7960
9578
6147
16333
22808
9738
-4198
-3530
1743
-582
-5694
-13192
-10451
2442
4043
-114
-301
6747
10796
9912
2936
-1766
-889
916
-192
-4096
-1415
3474
6683
1911
1460
9454
17559
19837
17965
17919
28102
32767
32502
28548
28825
32767
30575
31146
-3309
-32768
-32768
-29157
-31288
-32605
-32768
-21905
12621
32767
19904
-8676
16192
31012
11897
-15344
-27691
-32768
-17712
-8901
-31847
-30348
-8360
9683
10694
12903
4951
11923
26648
14932
-3846
-5150
816
-2307
-3345
-10515
-13280
-814
7565
3387
928
8189
7889
11404
9049
-809
-4426
831
-649
-8440
-2473
1784
7127
6238
2387
5373
13863
20143
17071
20114
17360
22573
29243
30361
29007
32767
31540
32767
28563
-21449
-32768
-25387
-26721
-32768
-32768
-29721
-6446
30604
29227
-9695
2639
32002
24915
-4854
-20383
-32768
-25034
1082
-22953
-32768
-19273
4572
9998
19186
7547
-1281
22084
21105
4767
-7308
-4393
-4339
2109
-686
-16430
-7827
8819
10537
5113
1110
3856
13053
15930
2583
-6925
-1625
1371
-1780
-3487
-4041
1820
12990
7345
2943
8687
15401
20010
20795
13248
16023
22204
19302
12938
17217
23484
28316
32767
-12001
-32768
-30021
-22393
-27651
-32768
-31691
-24013
18120
32122
3101
-6940
11864
19486
7109
-7281
-27523
-28394
-5563
-9093
-22655
-21883
-8535
2105
13359
8598
-1750
7386
16026
10552
198
-4752
-5028
1459
1783
-5154
-6267
1136
5009
7116
5319
2214
7638
13478
6807
2063
2119
2799
2530
5713
1367
133
5669
6437
4595
6182
13418
16652
23479
22866
17466
18501
26609
26353
32767
423
-32768
-31421
-31236
-29084
-32768
-31567
-31964
-1293
24150
14601
5119
6197
12725
10774
5404
-16876
-29536
-17127
-12381
-15801
-18146
-15368
-5731
9603
12435
3816
6534
9126
9381
5703
236
-3487
-3597
-885
-3228
-1674
681
2997
5321
5849
8272
5458
5039
8667
6588
1204
760
1533
-2206
797
2073
1365
4443
7328
7232
6771
12291
10793
8927
10724
15406
12830
9261
7949
20103
18130
-18567
-28526
-19690
-13392
-20755
-25203
-24661
-11940
10139
7545
-110
-2856
2022
4458
3131
-6770
-18359
-12727
-7028
-7785
-11063
-11980
-8077
-322
4891
-867
-1835
2439
4306
3047
-746
-3117
-2472
2537
1007
130
-1797
285
6401
6392
7942
8438
7471
7375
9479
5872
1945
4614
3062
4630
9657
9831
8517
10669
12849
10745
18931
18286
16255
20175
31246
11648
-29571
-30565
-26984
-28624
-32768
-32268
-32768
-12912
10463
7084
7144
8366
13141
16076
11379
-4100
-17047
-12793
-11091
-14022
-17706
-19483
-11010
422
8151
4527
5433
9139
10915
10423
5550
1143
-511
616
-1358
-443
45
-156
3476
8288
9263
6919
6102
7952
7555
6049
-82
-2840
-766
44
-2382
-6360
-4522
-1621
2090
1741
-1253
-943
2597
3060
-817
-2853
-7409
-9701
-4181
-4773
-8371
-7397
-1287
1295
2259
2572
-1509
3887
8861
6301
2219
2150
4068
6152
6242
2821
880
2183
4863
4805
4308
4049
4193
5920
7795
9385
9443
6666
6697
8958
13109
-3769
-26570
-23441
-14890
-11844
-16306
-17825
-15928
-1933
11961
6564
-1344
-2339
3308
6280
3957
-5415
-13036
-7988
-3202
-3146
-6503
-9280
-4907
3065
7679
3678
2447
4241
6010
6429
3586
46
-1407
1052
599
-909
-1517
-1262
1465
3696
4056
1290
549
-2222
-13120
-16401
-9957
-7257
-4472
-1923
-1051
1090
7752
10046
7486
8969
14595
23420
28620
32767
31274
32767
26521
19023
-1755
-32768
-32133
-32768
-31144
-32768
-31794
-18109
1269
29461
30344
14982
13866
17323
16534
4730
-9073
-27862
-25681
-9806
-11743
-12699
-10616
-3816
5427
17260
14998
4737
7333
8331
5455
2376
-3400
-11303
-10759
-3319
-3850
-3731
-2557
-2707
2948
9594
8153
1941
2384
4512
4046
3177
-1572
-5523
-2866
201
-1279
-3085
-1616
368
4046
5866
3855
1854
1115
1695
-5
-1727
-4590
-6966
-5663
-3824
-2513
-3156
-1911
-109
2292
4735
4360
2446
2556
4623
3335
612
-1902
-1790
-842
-1178
-2051
-1450
823
2481
2758
2165
2656
3341
2557
244
-583
125
-24
-1694
-2847
-2289
-841
-632
-2468
-2917
-1342
51
-721
-2478
-2067
-370
484
281
-1142
-1299
307
1445
1104
366
1018
1133
1374
1495
1300
1019
1284
1057
-47
-161
-750
-1246
-1222
-1230
-1467
-1194
-352
305
862
1212
1229
815
1139
1258
491
266
-125
238
-139
-1023
-1143
-190
-35
-130
579
1106
1319
632
1130
359
-150
-716
-1212
-335
-665
-1044
-800
40
-306
-606
139
1255
1924
448
-766
-369
597
-330
-3153
-4230
-3034
-1415
-1031
-1893
-1291
861
2292
2436
2224
2744
3320
2712
944
591
858
372
-761
-1802
-1028
-582
-699
-1317
-1305
-439
1
186
268
1691
2222
1076
55
322
1023
362
-930
-1656
-433
1320
-101
-1246
6
1652
2167
652
136
341
1864
1625
-861
-1578
-900
-321
-1245
-1922
-1693
-225
-58
-948
-489
553
984
-42
-786
-973
-597
-764
-2033
-2209
-1080
-297
-793
-504
729
2332
2558
1352
1011
1687
1878
848
-123
-1242
-1350
-1051
-1263
-1881
-1385
-808
-239
313
584
684
813
1334
1497
1457
135
109
240
35
-732
-810
-217
35
558
136
526
1350
1506
554
345
404
125
-455
-700
-1090
-1990
-1412
-1183
-1286
-1515
-1567
-772
1191
1975
395
-86
1397
1919
1112
300
-448
-355
-155
-841
-1915
-1849
-811
-55
149
-21
326
1194
1780
1768
495
-307
-169
85
-639
-1643
-1385
-879
-268
471
797
644
1075
1387
1030
727
146
-697
-766
78
380
-753
-1067
-79
1185
912
-358
-162
890
1243
501
-83
-142
750
886
-318
-1043
-533
630
-217
-381
146
-862
-484
-886
-1184
-830
322
548
-2000
-1101
665
631
-289
-800
261
250
-353
-1225
-1184
286
1744
1502
-25
117
1903
1827
287
-344
-430
-267
-590
-1106
-1485
-949
1
320
468
829
1207
1392
1237
901
580
-175
-748
-565
170
19
-779
-258
787
1308
964
87
-484
226
444
-813
-1514
-687
82
279
-408
-1549
-1384
-51
434
-924
-1443
-950
477
747
-80
-555
-55
675
655
462
-127
-7
817
1200
347
-445
-344
-155
-301
-674
-864
-108
469
605
292
329
726
791
176
-744
-334
57
81
-458
-832
-356
97
410
85
83
117
-80
-14
-188
-339
-713
-304
827
724
73
-112
264
695
358
-394
-473
124
269
-432
-359
312
517
168
-560
-538
78
527
21
-441
-151
733
920
106
-588
-393
370
341
-501
-609
170
618
171
-506
-175
-31
-163
-855
-1274
-857
-204
-6
-344
-98
667
1570
1375
82
-26
871
636
-316
-1126
-1193
-1181
-1020
-794
-326
114
12
270
894
1165
676
7
2
766
1036
86
-682
1
619
445
-1079
-1460
-113
756
481
-82
-25
371
807
112
-995
-933
75
274
-279
-612
20
213
-152
-739
-951
-177
320
-9
-124
474
609
292
-69
77
68
-220
-605
-548
-69
-339
-372
91
495
326
93
431
682
592
428
221
-239
-552
-959
-876
-763
-838
-417
285
658
972
1085
843
1006
892
517
356
675
227
42
104
45
587
501
80
291
649
372
-403
-634
-462
-315
-467
-1341
-1523
-1136
-401
-187
112
361
715
1002
888
402
-231
-177
-932
-1052
-766
-637
-519
-602
-513
-50
372
-30
-531
-255
810
1070
559
457
543
687
880
636
47
-181
-147
84
-159
-672
-1064
-659
112
441
267
-241
295
1083
1310
616
-99
134
465
564
380
57
214
385
188
75
-15
-147
-10
-322
-878
-598
-342
-320
-7
-207
-607
30
777
317
212
504
132
-22
-429
-1470
-1881
-977
-889
-1491
-1055
-106
519
899
959
1018
1811
1861
1056
836
1160
1478
1225
548
-152
-519
-91
-274
-1106
-1370
-1070
-560
-604
-1095
-1139
-268
-443
-1236
-1261
-731
6
192
-97
-517
-87
176
-130
-179
-211
-146
5
-170
-550
-297
-124
-191
395
662
642
903
1484
1927
1745
1012
389
770
1153
680
-131
-577
-477
-563
-936
-1708
-1913
-1153
-735
-917
-814
-120
336
509
352
206
24
-53
-261
-847
-1257
-1293
-1286
-1596
-1909
-1778
-1211
-268
654
1382
1814
2836
4273
5209
4979
4078
3922
3395
2257
498
-782
-1808
-2866
-3570
-3950
-3987
-4050
-3682
-2793
-1837
-749
108
467
1158
1867
2325
2168
1798
1199
754
693
-293
-1346
-1838
-2220
-2499
-2684
-2405
-1921
-1083
-386
438
1421
1634
1906
2558
2933
2562
1929
1525
1233
934
547
-527
-808
-469
-299
-634
-870
-356
90
290
209
382
411
555
688
570
241
100
-174
-380
-673
-873
-1297
-1552
-1186
-864
-700
-410
152
261
353
276
286
546
1019
1034
656
555
808
864
495
-235
-43
719
860
133
-347
-448
-327
-68
-1068
-1574
-857
223
501
386
216
866
1182
862
341
-154
-300
-779
-1022
-1128
-1512
-1935
-1780
-1763
-1274
-1371
-1332
-429
-36
811
1495
1801
2372
2384
2586
2736
2438
2826
2946
2050
1847
1865
1114
64
-1011
-1077
-1429
-1700
-1848
-2001
-1621
-1385
-1360
-1371
-935
-731
-706
-635
-449
-416
-645
-779
-590
-587
-940
-1113
-1062
-975
-857
-524
-327
-31
137
-5
116
513
705
420
96
481
1083
1190
674
-37
-255
-734
-803
-489
-247
1000
2243
3239
3707
3877
4575
4524
3660
2727
1660
568
-336
-1176
-2521
-4198
-5076
-5101
-5123
-4622
-3803
-2812
-1654
-864
-90
203
612
1053
1244
1328
1133
825
660
198
-208
-809
-1015
-654
-492
-596
-813
-428
-78
122
-209
153
665
1272
1363
1103
1422
1724
1852
1353
648
504
528
128
-62
-279
-232
-237
-536
-973
-1278
-1162
-983
-1074
-773
-369
-105
-272
-131
36
25
157
19
-88
-19
76
-135
7
16
-85
-434
-416
-213
29
138
172
558
744
538
358
326
324
404
65
-354
-471
-249
-328
-625
-742
-606
-381
-250
-320
-117
111
113
-3
-135
-223
-28
189
-27
42
-78
146
328
28
-341
-304
319
523
320
108
390
1138
1209
623
383
418
625
765
529
771
1344
1328
1411
1297
1128
1027
368
3
-442
-1241
-1785
-1661
-1757
-2430
-2347
-1855
-1602
-1541
-1138
-551
-54
195
228
338
743
1148
737
246
-6
41
-244
-609
-694
-591
-398
-166
-87
11
858
1235
1245
1047
898
991
1138
1201
897
625
628
710
618
414
179
-197
-221
66
2
-530
-792
-368
134
223
-361
-685
-571
-220
-240
-475
-408
-184
106
14
-241
-314
-170
-254
-329
-50
-45
157
384
179
184
279
213
239
455
544
485
204
493
446
-4
-59
-240
8
-287
-758
-370
146
250
84
-20
119
305
351
233
-90
-222
-403
-622
-785
-896
-738
-563
-457
-126
7
82
155
24
12
279
501
466
204
51
227
210
330
66
-276
-161
-154
-204
-345
-284
-340
-378
-450
-602
-563
-783
-709
-626
-444
-390
-346
-71
245
196
97
134
104
38
-220
-182
-73
214
183
227
84
64
200
257
320
58
48
116
29
-136
-223
-177
-35
134
534
419
63
119
46
-75
-361
-760
-563
-209
-222
-258
64
343
143
21
59
293
258
32
41
288
571
353
182
83
71
296
248
166
47
49
-72
-66
-178
-384
-286
-570
-357
-250
-86
-19
-124
-109
-14
-177
-491
-570
-676
-367
-276
-141
-138
18
171
300
364
359
480
660
816
682
688
509
619
947
651
173
95
219
196
-142
-499
-576
-336
-214
-296
-273
-304
-163
-104
-62
-198
-625
-604
-345
-258
-469
-571
-325
-153
-5
-47
-126
-44
158
486
579
865
1094
1427
1851
1974
1911
1828
1708
1547
1094
343
-222
-388
-475
-913
-1350
-1347
-981
-1062
-1109
-1120
-857
-966
-1101
-858
-962
-674
-737
-697
-607
-590
-594
-825
-871
-721
-249
-234
83
607
830
1048
1032
1096
1252
1292
1238
1111
1209
1229
843
897
874
852
684
319
224
41
-5
-270
-723
-770
-770
-764
-917
-981
-1072
-931
-462
-456
-377
-210
8
-9
-184
-242
33
121
75
-23
295
406
82
166
143
406
359
98
-44
166
452
463
416
433
183
261
476
202
-11
-147
-177
-201
-191
-387
-337
-121
127
131
95
188
142
257
437
205
-116
-22
-83
29
-64
-244
-156
-43
-170
-434
-445
-255
-18
-41
-150
-202
-16
-39
-131
-61
-173
-199
-61
-40
118
316
390
127
-53
-40
-137
-27
55
-16
-19
124
7
-90
-143
-294
-307
-265
-364
-456
-329
27
-8
-274
-349
-250
75
118
157
184
222
387
407
182
58
113
306
201
-33
