6464
8225
8338
8153
6664
5972
5848
6566
7667
8166
9529
10367
13737
107
-15711
-24035
-28818
-25734
-20301
-10590
-4389
-8005
-7946
-3451
1784
9780
14562
16725
11598
3076
-217
-2587
-3522
-1735
-2167
-3793
-8681
-10790
-7312
-3942
219
5274
6945
6215
3143
3091
5546
4959
3421
566
-4514
-11694
-15187
-12613
-8413
-5417
-971
2021
1473
483
2307
5722
7387
7758
7394
4642
606
-1344
-791
345
1480
2549
2335
1313
1866
3867
6329
7535
8378
7919
7323
5746
6373
7701
8673
9652
13044
15925
-1435
-18555
-27185
-30624
-26695
-20380
-8527
-4245
-9980
-9190
-4151
2376
10997
16818
19852
12752
3288
44
-3184
-3374
-1679
-2074
-4541
-10324
-11254
-7720
-4761
-277
5088
8334
7398
4343
5142
5952
4070
2699
-150
-6158
-12585
-14590
-11235
-7729
-4345
620
2329
931
380
3036
6540
8345
9055
8125
4139
279
-1416
-648
379
1895
2930
2342
1335
1664
3362
5953
8256
9110
8716
7638
5531
4848
5855
6787
8889
11386
17146
5666
-13954
-24921
-30982
-28983
-23242
-11605
-3380
-7337
-9923
-6237
-516
7936
14695
19274
15613
5772
474
-2405
-3237
-1737
-1207
-2098
-7336
-11003
-8869
-5882
-2420
2406
6716
7643
4929
4234
5353
5029
4461
2175
-1663
-8811
-14769
-14470
-11227
-7111
-2283
931
1653
-122
557
4224
7175
8993
8835
6231
1896
-1271
-1548
-192
1288
2948
2653
1374
331
1473
4138
6387
8233
9653
8437
6886
5263
6059
7023
8135
9689
14062
15789
-1822
-18240
-27254
-30805
-27480
-20513
-8452
-4656
-9738
-8834
-4221
2431
10601
16765
20041
13000
4297
-21
-3970
-4511
-2856
-1756
-3417
-8937
-11029
-8611
-5635
-1119
4330
8083
7775
5248
5010
5546
4160
2370
894
-3625
-10610
-14968
-13634
-10308
-6028
-189
3705
3290
1331
2396
5227
7068
8462
8857
5933
1184
-1688
-1119
49
2004
3652
4035
2967
1927
2899
5268
7051
8809
9236
8489
6341
5877
6340
6906
8143
13626
16777
-1110
-18640
-28313
-31680
-28289
-20939
-7176
-2954
-8440
-8446
-3953
2579
9942
16502
20966
14351
5191
302
-3946
-4642
-3362
-1194
-2178
-8308
-10356
-8419
-5793
-2085
3318
7982
7731
5064
4738
4893
4074
3175
1961
-1026
-8479
-14902
-15913
-13458
-8868
-2807
2535
3875
1802
1538
3299
5262
7145
8298
7165
2660
-1139
-1887
-779
1349
3592
4435
3438
1028
1471
3123
5559
7257
8207
7938
6061
4860
5760
6928
7968
9401
11564
16058
2358
-15429
-25793
-31718
-28943
-23722
-11985
-4162
-7516
-7831
-4221
1310
8725
14301
19870
16091
7544
1903
-3255
-5085
-4180
-2517
-1894
-6550
-10077
-9760
-8040
-3930
1816
7678
9248
6579
5074
4728
3945
3655
2989
619
-6937
-14462
-15830
-14134
-10099
-3835
1739
3592
1339
1599
3888
5261
7593
9437
9097
5018
605
-672
-571
631
2740
3808
2788
882
441
3117
5659
8339
9736
10124
8516
6885
7015
8689
10557
15374
19142
3486
-16119
-28505
-32768
-31898
-25297
-11532
-3895
-7247
-8276
-4621
1752
9432
16581
22544
18062
8880
1956
-3463
-5738
-5329
-3188
-2487
-7174
-10444
-10413
-8812
-5022
1562
9220
11398
8994
7024
5399
3613
3242
4418
2564
-3879
-11172
-16455
-18256
-15951
-8977
-1170
2531
2710
2964
3481
4882
7099
9923
10473
6758
2474
-394
-1681
-986
1247
3321
3712
1798
869
1481
3158
5469
8047
8979
7926
6361
6413
6862
8379
11049
13382
17767
5992
-12399
-24881
-32768
-31130
-26022
-14526
-5123
-6908
-8123
-5979
-1064
7160
13731
20326
18816
10200
3030
-3364
-6390
-5494
-3035
-1271
-5099
-9843
-11044
-10088
-5721
751
7552
10387
8038
5769
4725
3899
4979
5144
2902
-2493
-10306
-16211
-17721
-15698
-9516
-2742
1499
2499
2345
3493
4755
7137
9722
10199
7630
3295
-434
-1591
-1540
897
3010
3555
1895
606
743
2954
6113
8596
9272
8054
6208
4928
5917
7999
11386
14320
18711
6304
-12773
-25329
-32767
-30654
-25076
-13193
-3950
-6013
-7808
-5877
-589
7518
14236
20848
18791
9697
2147
-3673
-5522
-4424
-2476
-699
-4971
-10156
-11124
-9555
-4936
1431
7947
10963
8262
5618
4488
3692
3788
4072
2738
-2811
-10123
-15418
-17132
-15514
-9811
-2915
1935
2647
3068
3891
4764
6786
8966
9602
7443
3667
631
-868
-790
1409
3305
3397
1571
-276
-144
1527
5165
8593
10758
9436
6849
5167
4493
5320
7325
9455
10121
15017
3709
-13809
-24143
-30427
-26749
-22187
-11371
-2469
-5389
-7264
-6051
-1214
6524
11943
18267
16130
7225
921
-3826
-4428
-2941
-1336
-249
-5491
-9703
-10032
-7771
-3321
1013
6467
8380
6136
4806
3994
2593
1107
-47
-1713
-7442
-12344
-13025
-11463
-8229
-3559
1874
4459
2831
2727
3269
4000
5944
7922
8042
5366
1551
-196
-1170
-11
2742
4070
3955
2130
1781
2650
4348
6922
8763
9364
8565
6597
6553
5965
7846
8809
15230
11412
-7299
-20576
-30764
-31531
-27388
-16930
-3339
-2227
-5836
-5668
-3648
3004
9154
16772
19523
11947
4798
-1686
-5599
-5400
-3530
-311
-2387
-7350
-9015
-8717
-6015
-1455
5030
9948
9324
7497
6058
3355
1463
-55
-132
-3598
-10239
-14020
-15201
-13903
-8683
-1383
5149
5871
4330
3720
3139
4612
6827
9164
8042
4262
817
-1548
-2509
-236
1893
3995
3186
1933
2355
3030
5486
8111
10304
10661
7996
5830
5290
5163
7296
10162
17131
6912
-12019
-23853
-32433
-31136
-25679
-12461
-978
-3210
-5987
-5371
-2622
3826
10301
18428
18263
10219
3584
-3124
-6783
-6309
-2942
348
-3065
-7451
-8815
-9062
-6519
-974
6372
10176
8504
6911
5230
2504
1746
1585
966
-3695
-10481
-14514
-15983
-14234
-8041
-645
4460
4837
3743
3269
3214
4917
7485
9058
7815
4198
752
-1632
-2404
-247
1976
3640
2860
2084
1763
2489
4656
7603
9520
9647
8388
7763
6894
7106
8234
11753
15467
2234
-13740
-25288
-32064
-30565
-24493
-11003
-2424
-3894
-4261
-3781
-369
5317
11648
18951
17571
11025
4102
-3070
-6474
-6671
-3849
-1693
-4779
-7605
-8916
-8886
-6259
-462
6793
10553
9969
8594
6255
3354
1542
1343
476
-3431
-9274
-15067
-17543
-16275
-10256
-2248
3451
5625
5586
4881
4647
5156
7104
8900
8013
5372
1694
-983
-2351
-1369
1024
2887
2817
2328
1893
2767
4428
7212
10108
10573
9763
7958
6231
5437
6876
9313
15758
8078
-8777
-21289
-31363
-32080
-28199
-16443
-4302
-2869
-3820
-3442
-1810
2522
8046
16399
19441
14069
7634
-89
-5520
-7388
-5940
-2272
-3698
-6521
-7894
-8557
-7533
-3692
3379
8799
9397
9448
8069
5008
2671
1542
1672
-1634
-6414
-11273
-16324
-18169
-14571
-7575
-744
3173
6332
6647
5036
4809
6111
8227
8590
7282
4812
1183
-1936
-2129
-935
1035
1587
2461
2291
1764
2665
4590
6690
8467
8744
8938
7709
6449
6231
6583
7724
7998
9901
-1132
-14771
-23468
-28380
-26060
-21967
-11658
-3311
-3412
-3087
-2029
429
4776
9336
15896
15593
10544
5626
-567
-4668
-6840
-5951
-4001
-4960
-5661
-5759
-5558
-5088
-2192
3254
7666
8775
9167
7578
3418
-745
-3328
-3828
-7526
-10887
-11183
-10906
-10168
-7231
-1680
2657
3372
4734
5435
5011
5368
6788
8571
7609
5382
3578
1408
-284
-86
937
2442
2249
3350
4639
5771
6606
7566
8940
9169
8709
9447
10124
13925
15880
2942
-11423
-24290
-31727
-32146
-27720
-14738
-6301
-5506
-4409
-3737
-727
3284
9726
18606
19358
15621
9205
1480
-4429
-7762
-6591
-4689
-5944
-7208
-7979
-8895
-8367
-4656
2501
7754
10016
11298
10146
6674
3002
1527
755
-2090
-5322
-9197
-14833
-18561
-17063
-11129
-4507
997
6080
7580
6003
5078
6013
7471
7639
7802
6999
3716
448
-999
-880
159
1193
2146
2349
1565
1988
3363
5565
7080
8798
10332
10234
9292
9303
9644
12158
14628
3767
-11064
-23648
-31496
-32136
-28558
-16752
-7188
-5287
-3901
-2973
-561
3165
8831
17485
19499
15916
10393
2369
-3973
-7942
-7460
-5310
-6044
-6371
-7124
-7938
-8246
-5445
1342
7090
10579
12513
11174
7400
3177
665
-511
-2631
-5307
-9877
-14803
-17715
-16793
-11449
-4390
2157
6697
7691
6977
5728
6059
7557
8526
8604
7030
4313
1568
-676
-1015
-774
-124
864
1594
2691
3649
4644
6008
7356
8265
9586
9738
9688
8150
8005
7211
10469
5359
-9338
-19107
-27559
-28976
-27167
-18827
-7125
-3732
-2875
-1506
7
3736
7188
14085
17794
14514
9749
2613
-3812
-7959
-8814
-5985
-5003
-5295
-5248
-5795
-6060
-4994
610
6584
9454
10632
9411
6220
1238
-2448
-3270
-4874
-7983
-11779
-13047
-13588
-11974
-6205
509
4624
6399
6897
6279
4629
4825
7136
8409
7830
6051
3614
221
-2351
-2748
-444
1053
2843
4054
4776
4842
5511
7002
8947
8861
9544
8603
7687
6248
8730
12135
-909
-12956
-23466
-29554
-30229
-27275
-13947
-5445
-4268
-1931
-1242
1586
4106
9340
17639
17695
14663
8904
1403
-4812
-9682
-8413
-5678
-5517
-4980
-5386
-6305
-7426
-4499
2494
8170
11493
12944
10983
5843
-804
-3587
-4778
-7100
-9369
-11745
-12894
-13441
-10633
-4342
1233
4887
7167
7337
6363
4948
5998
7424
7305
6307
4783
2248
-138
-1434
-866
110
902
2070
2876
3757
4524
6228
7709
9256
10665
11478
11060
10894
10069
14854
9681
-6221
-18150
-29170
-32398
-32197
-23673
-10614
-6252
-4285
-2766
-1229
2279
5849
14242
19467
17548
13796
5962
-1234
-7136
-9209
-6388
-5844
-5635
-5688
-6670
-7625
-7217
-1678
4883
9173
12107
12518
9619
4000
-440
-1635
-3675
-6996
-10975
-13443
-15349
-15243
-9990
-3120
2347
5681
8007
8338
6723
5935
7113
7638
7384
6374
5007
2240
-694
-1618
-1396
-653
141
2121
3884
4675
5261
6885
8346
9105
9111
9339
9636
9532
10894
14079
7552
-7585
-20048
-29391
-32541
-30742
-21222
-9535
-5682
-4337
-2937
-1289
1482
5985
14236
18687
17144
12715
5474
-1732
-7563
-8855
-6197
-5321
-5333
-5595
-6979
-8489
-7641
-2156
4553
9451
12469
12857
8979
3839
668
-297
-1556
-3504
-6785
-12162
-17484
-18895
-14710
-7917
-363
6311
9821
9266
7093
5546
5549
6385
7918
8630
6934
3147
-416
-2682
-3372
-2020
29
2099
3151
3559
4363
5047
6254
8208
10320
11287
10764
9548
8174
7639
9717
11069
1970
-10834
-21606
-29404
-31376
-28023
-17098
-7452
-4172
-1861
-872
264
2152
6843
14005
16599
15368
10995
3783
-3119
-7831
-8355
-6823
-5757
-4575
-4767
-5825
-7023
-5273
-204
5059
9357
11668
11365
7866
2544
-928
-3553
-6075
-8207
-10502
-12043
-13365
-11795
-7227
-2171
2572
5747
6982
6799
5885
6308
7289
7998
8151
6578
4084
1134
-1438
-2140
-1914
-272
1094
2656
3856
4781
5955
7354
8431
9095
8939
7766
6846
5701
6291
7902
11173
3932
-8695
-18721
-27137
-29313
-27116
-17288
-7074
-4046
-2335
-1991
-1877
-42
3844
11685
15352
14429
11231
4669
-1792
-6884
-7776
-5057
-4037
-3065
-2924
-4207
-6321
-6555
-2110
2583
6296
9444
9686
6423
1276
-2358
-4609
-7735
-9749
-9480
-8567
-8125
-6329
-2815
-521
691
2637
4558
5764
6488
7989
9188
8070
6052
4250
2281
532
-265
-412
-505
-386
185
2098
3751
5713
7217
8177
8342
7866
7099
6797
6012
6640
7222
9903
9988
-1556
-11902
-22078
-27375
-27271
-22765
-11581
-5593
-3738
-2667
-2818
-1303
925
6675
13010
14450
13449
9215
3073
-2944
-6710
-6050
-4783
-3764
-2535
-2785
-3871
-5779
-4035
-74
3590
6762
8535
7581
3567
-300
-2794
-6671
-9562
-9413
-8095
-6628
-5559
-2730
-1171
-1197
1
2177
4049
5389
6891
8451
7756
5916
4857
3270
2091
1362
1218
943
-29
133
1381
2440
4242
6004
8130
8854
8380
8005
6812
5425
5044
6131
8074
10132
2487
-8383
-18352
-26518
-27907
-25158
-15738
-7445
-4178
-1980
-2209
-1911
-180
3610
10525
13887
14487
12111
6329
328
-5039
-6775
-5862
-4872
-3228
-2408
-2983
-4575
-4867
-2396
538
4219
7694
8612
6562
2802
-1288
-5092
-8991
-10492
-9356
-7693
-5829
-3857
-1676
-779
-406
1336
3437
4743
6229
7643
8117
6857
5083
3598
1924
863
1292
1520
1218
1091
1426
1885
2588
4177
6318
8068
8159
7872
6671
5742
5104
6571
7897
11920
8939
-3164
-13280
-23646
-27771
-27571
-21053
-10120
-5233
-2692
-1809
-2265
-1244
454
6876
12554
14508
14203
9891
3775
-2836
-6494
-6220
-5649
-4130
-2840
-3136
-4294
-5760
-4196
-1320
1983
5717
8510
8724
5315
1490
-1752
-6241
-9973
-10647
-8970
-7295
-5320
-2103
-230
-197
621
2506
4401
5447
7149
8463
7739
5918
4453
2664
574
127
831
1158
704
510
935
907
2041
4348
7184
8822
9163
8980
7792
6130
5179
6242
7515
10945
4709
-6086
-16230
-25791
-28203
-27126
-18524
-9087
-4944
-1670
-1134
-1198
-288
2168
8367
12333
13965
12718
8261
2445
-3448
-6262
-6453
-6022
-4202
-2971
-2489
-3751
-4616
-2749
-346
2875
6015
8329
7750
4533
1036
-2823
-6817
-9705
-10684
-9528
-8071
-5792
-3020
-797
374
1401
3405
4897
5958
7201
7921
7432
5719
3829
2072
559
-16
308
520
317
126
219
887
2101
3991
6130
7714
8412
8522
8060
7069
6059
5534
5850
5708
4771
170
-8359
-15808
-21157
-22856
-21145
-15880
-8594
-4082
-1423
122
733
1689
2994
6447
9490
10441
10013
7020
2761
-1981
-5250
-5932
-5605
-4066
-2164
-1278
-1637
-2475
-1986
-331
1234
2982
4414
3936
1503
-2905
-6912
-9063
-8887
-5883
-2164
497
1491
943
280
-834
-519
1819
4393
6923
8105
7789
5864
2903
1093
676
1073
2269
3121
3713
3196
2498
2615
3132
4228
5539
6841
7341
6427
5408
4279
3782
3502
4788
3610
-2956
-9573
-15997
-19753
-21042
-18259
-11703
-6662
-3050
-571
278
429
501
2891
6202
8059
9521
8613
5851
1454
-2791
-5058
-6016
-5362
-3305
-946
-127
-845
-1512
-1131
-977
144
2115
3280
2102
-1080
-4225
-7178
-8459
-6840
-3118
448
2111
2135
909
-1008
-1582
-225
2577
5036
6708
6962
5269
2696
603
175
730
2146
3759
4540
3955
2807
1980
2069
3106
4606
6244
6878
6612
5668
4268
3128
2954
3708
4990
2756
-3701
-10265
-16377
-19782
-19786
-15673
-9164
-4769
-1732
-34
-175
-586
110
2802
5817
7758
8865
7209
3645
-435
-3777
-5034
-5344
-3861
-1292
287
337
-376
-1134
-1730
-1244
59
1825
1793
-317
-2453
-5014
-6178
-5786
-3314
246
2110
2873
2277
391
-1267
-1697
145
2981
5146
6666
6273
4589
2429
1350
1401
2057
3531
4918
5123
4091
3024
2176
1935
2533
4128
5764
6190
5755
4748
3841
3237
3118
2599
-1562
-6992
-11830
-15803
-17114
-15756
-11218
-6205
-2870
-645
407
651
739
1865
3907
5557
6195
5745
3961
822
-2364
-4202
-4894
-4626
-3282
-2007
-1246
-944
-166
762
1070
1825
2477
2699
1446
-1035
-3671
-5860
-6319
-5632
-3931
-1771
-192
924
1133
630
465
828
2308
4116
5349
5696
4537
2731
995
24
406
1549
2983
3796
3872
3306
2541
2468
3062
4154
5082
5833
5925
5163
3986
3342
3395
3666
1120
-3959
-8869
-13662
-16259
-16178
-12455
-7504
-4266
-1327
412
313
-178
207
2281
4191
5457
6185
4773
1757
-1587
-3805
-4822
-4768
-3580
-1989
-1081
-1003
-773
102
679
