196
95
87
141
60
16
15
7
-114
67
-69
-49
-131
-18
20
112
39
65
69
-3
80
26
-15
-40
-76
-61
37
131
237
165
37
-129
-176
-186
25
-17
106
29
157
120
70
130
70
-2
-55
-62
0
71
-37
74
-48
3
-184
-29
16
-77
-146
-142
-162
-161
22
-114
66
39
89
53
2
-57
-15
95
101
203
179
291
176
220
102
298
350
303
267
97
97
-18
25
-146
-89
-38
29
-19
125
37
124
25
27
63
-7
-40
-103
-67
-136
-2
-99
-43
-145
-45
-90
-61
-195
-67
-32
-35
-66
-58
-100
-71
-69
28
78
-27
-103
-122
27
-74
-74
-40
50
-36
124
-73
16
-174
-96
-77
-46
-53
-117
-383
-294
-177
-186
-69
-31
81
-53
133
-86
-92
-202
-86
-24
72
-19
-7
-133
-81
-90
-104
-145
-95
-52
-144
-143
-80
43
64
128
-32
24
-35
58
15
245
100
189
121
286
195
257
275
122
190
-7
3
-86
40
-120
6
-110
-140
-300
-280
-264
-234
-188
-87
21
34
-30
-57
-68
78
121
174
224
164
91
124
157
59
134
-25
212
112
197
103
166
64
11
51
-52
-116
-66
-26
37
62
44
80
42
163
163
223
128
24
-22
-49
-74
13
-180
-68
-190
-53
-92
-145
-99
-188
-90
-42
31
-76
-77
-8
-66
-30
-69
-33
-44
-55
-10
-63
19
-5
94
48
125
59
19
-1
104
19
107
36
-14
39
-20
133
142
156
-56
-188
-179
-121
65
-29
-29
-214
-168
-7
-85
22
-52
16
2
-40
-137
-107
-159
-42
-33
-38
41
9
-128
24
17
32
-12
-71
-110
-315
-185
-143
84
-40
25
-100
55
-65
-31
71
0
240
-67
86
-43
69
18
125
74
25
148
45
63
55
83
-46
54
9
90
25
120
95
174
222
185
143
109
126
186
49
26
63
107
56
19
138
117
115
-13
165
43
230
173
81
-89
32
75
139
136
3
37
-63
10
-101
45
-173
-82
-53
-27
95
23
-27
40
98
156
84
-36
53
47
115
5
-15
-36
-11
30
67
99
-32
-131
-207
-99
-182
-186
-164
-152
-125
-234
-217
-345
-188
-170
-174
-231
-143
-218
-281
-88
-184
-32
-118
-62
-69
-42
-8
-37
-10
-38
56
114
16
-4
-46
96
118
39
-40
-99
-64
-74
45
1
27
-10
-46
-38
-9
-46
-35
-92
-123
-145
-143
-144
-53
-33
5
28
70
-13
74
58
50
69
-99
3
32
30
-6
51
-31
38
43
72
-43
-8
-43
14
12
117
54
-9
60
28
108
130
208
-57
-107
-229
-70
28
93
38
96
87
102
77
-3
-38
30
-22
-115
42
-72
194
44
23
21
58
117
57
117
152
18
-67
115
4
-35
-94
98
14
-13
-40
-51
43
-1
-27
-84
14
-145
-1
-41
20
28
3
1
69
112
78
-9
25
38
25
107
182
207
122
180
36
122
15
82
50
73
38
-33
-54
-29
66
206
137
232
125
-27
31
214
308
266
293
152
91
-47
-3
53
70
98
56
-123
-149
-184
-107
-108
-18
-230
-225
-212
-201
-257
-243
-237
-201
-139
-138
-197
-170
-9
53
55
41
-35
-139
-137
-181
-128
-40
-105
-166
-40
-168
-69
-184
66
-131
31
-29
6
-16
-118
5
-90
-8
34
39
-84
-4
-78
35
29
154
-20
62
-51
-54
-88
-17
10
128
68
66
125
68
10
-13
66
-104
72
-125
-54
-159
-3
27
79
41
55
77
96
198
119
192
128
253
63
114
-45
-133
-72
59
264
166
69
-19
47
115
324
276
233
88
114
122
-2
76
68
118
15
69
160
198
222
122
0
118
125
216
23
34
-42
0
25
-132
-43
-102
-24
-70
39
18
45
-137
-98
-98
-34
-8
76
-4
-69
-11
-52
16
-44
76
-22
-2
-60
-31
-82
-29
60
35
46
-32
48
-103
-160
-222
-245
-232
-227
-145
-108
-184
-176
-117
-135
-3
-108
55
-76
-111
21
17
104
122
29
-17
-63
-42
-52
-29
-137
-232
-91
-49
38
18
52
46
102
54
-40
-161
-115
-188
-127
-42
2
51
255
74
140
101
29
62
41
89
20
-71
-39
34
-150
-13
-228
16
-203
-75
-142
-137
20
-48
21
-79
96
39
78
57
25
-22
95
66
146
54
109
106
9
63
-119
-66
15
86
149
76
117
183
139
213
217
84
171
136
73
184
105
160
109
209
141
55
-7
12
180
242
155
-24
-75
-129
-75
-76
34
-23
-73
-171
-82
-74
-65
-63
-29
4
39
92
59
52
-65
-38
-91
18
27
26
-3
-131
-57
-110
-76
23
-7
-98
-229
-207
-107
-96
-95
-99
9
8
-160
-22
-74
-14
-22
5
32
-33
-114
-138
-121
-245
-197
-61
-106
-168
-145
-161
-106
-77
19
66
61
10
69
-132
-119
-141
-51
-46
-16
-10
-30
-38
0
89
-14
-2
-58
-81
-135
20
-53
8
10
34
-54
-161
-26
12
75
112
156
103
75
137
215
247
158
223
201
155
143
104
112
33
-126
-149
-124
-40
-64
-21
6
-24
-29
-8
128
156
270
201
205
170
214
248
320
211
191
35
40
54
20
-29
39
75
-46
21
-36
-67
-17
44
6
-10
-93
-71
-136
-102
-156
-52
-96
17
-115
-26
23
37
125
23
-80
-25
72
-23
32
16
72
-133
-25
-94
-76
-149
-194
-185
-170
-46
10
58
-93
-72
-72
-96
-125
5
53
86
92
98
134
91
43
-17
90
55
159
109
158
-10
-56
37
12
117
34
76
59
77
65
6
129
102
-39
6
-24
62
-49
-77
-105
-24
-81
-136
-196
-80
-24
35
90
-18
42
-86
-144
-122
-103
-81
-16
11
77
65
138
45
-5
-78
-45
69
120
236
175
195
189
114
157
196
61
-36
-20
-135
-197
-162
-93
-47
-105
-115
-18
-51
19
-7
16
-141
45
27
34
69
42
34
50
79
-39
-24
-17
108
47
120
53
89
-38
160
152
197
23
-52
-93
-45
-114
-17
-176
-127
-18
-53
63
-171
-72
-196
4
-36
36
-113
-41
-76
121
205
234
155
111
-28
-71
28
45
147
52
80
-118
-23
31
42
12
-12
-212
-107
-227
-102
-97
14
-29
8
78
6
50
-92
-99
-202
-165
-169
-162
0
69
-125
-122
-311
-45
-52
9
-40
-71
-72
24
56
12
-5
2
-43
132
282
161
233
99
147
-39
40
-51
-49
-128
-59
-60
129
15
18
-34
-103
-55
-89
-37
-71
-3
-75
94
83
67
47
112
47
55
17
210
123
233
68
20
71
64
20
-95
-44
-110
-12
-12
139
62
-50
-115
25
-87
91
27
-4
-58
-100
-17
29
35
-40
-53
21
-5
99
214
63
12
-129
15
-51
-13
-12
45
42
38
-55
-44
-10
-124
-199
-176
-136
-51
-88
-118
-77
2
42
17
-35
-102
-71
-100
-51
-23
-87
-70
-104
-18
59
10
49
-116
-109
-317
-123
-110
-54
-31
-126
-154
-152
-42
93
113
118
57
-1
185
86
180
37
148
113
123
68
116
125
126
76
37
146
-20
-109
-106
11
-78
-48
-61
-14
-158
-93
-113
-31
-23
14
-11
-13
-16
-18
61
146
157
63
174
210
262
102
85
-46
24
23
114
-28
-63
-76
43
80
58
17
-107
0
-19
-49
-11
-49
-75
83
25
28
16
-64
-31
17
55
116
-75
69
41
104
78
-90
-42
-14
28
7
-27
-94
13
45
48
53
18
5
140
8
-6
8
-48
-56
13
18
-82
6
-85
-74
-224
-168
-124
-98
-34
-82
-158
-112
-105
-93
-46
29
31
6
-122
-123
6
-10
-31
-76
-61
-186
-27
-68
72
-3
38
-4
5
-19
-198
-109
29
25
102
10
-13
-67
-46
82
-51
32
-28
33
81
218
102
31
66
130
11
96
-29
-8
-32
-41
19
-53
14
28
-31
124
110
49
50
-47
4
-44
140
66
165
58
200
129
255
123
59
-23
-70
80
-13
152
-57
85
71
224
68
-36
-43
5
96
148
81
75
185
170
269
135
245
134
194
300
226
198
198
127
129
-27
18
58
102
51
45
23
-59
41
13
95
-8
53
-30
-34
-29
105
71
90
-13
-13
-46
25
42
-13
94
-13
-46
-132
-116
-118
-98
-132
-118
-186
-137
-215
-180
-185
-135
-198
-164
-115
-199
-188
-139
-83
-39
19
-128
-81
-200
-130
-123
-38
15
-19
31
-56
6
-25
-31
-4
-11
-71
-83
-114
-62
-126
-28
-130
-96
-65
-142
-26
-202
-173
-260
-147
-179
-35
-1
38
187
153
84
-129
-28
-85
100
22
37
44
-58
57
-12
20
75
84
24
53
-50
87
12
-73
-129
-123
-62
-54
-4
7
93
9
51
110
178
76
137
61
110
170
159
93
46
-14
48
106
134
152
34
67
41
230
143
248
245
262
166
125
73
-73
-69
-72
55
92
84
17
-34
-186
-87
-143
20
-107
-57
-52
-120
-5
-236
-88
-175
-31
-120
-78
-46
-12
31
-1
-6
1
60
-25
22
-13
8
-6
61
61
72
33
17
34
127
-36
-19
-13
1
-25
28
-37
-71
-130
-182
-104
-109
-18
-51
5
106
209
52
110
125
139
17
-15
-95
21
76
102
-4
-134
-195
-163
-121
68
88
-98
16
-82
73
-182
-146
-251
-297
-268
-276
-131
-146
-120
-239
-144
-188
-179
-42
-96
-119
-124
-119
-93
-35
37
74
-21
4
-79
-69
-36
39
57
91
22
-38
-70
-196
-92
-145
1
46
23
-13
-7
50
140
65
-28
-189
-29
-16
131
85
76
17
-58
-7
97
120
15
81
10
118
-46
117
4
76
112
126
50
-10
79
89
160
276
307
197
134
49
17
102
40
79
115
64
62
-28
70
12
35
38
42
94
-67
17
-36
9
30
-24
22
-42
-49
-72
-71
-131
-107
-41
111
87
109
-9
147
69
197
41
-22
25
-28
26
-7
-8
-66
65
-54
-94
-194
-141
-310
-106
-139
-24
-85
-1
3
-55
-37
-107
-77
-126
-75
-141
-51
-90
-37
-113
19
-17
86
3
94
-45
-69
-61
-80
-46
-53
62
54
242
112
120
-90
0
-24
21
24
7
-54
15
28
29
108
-30
77
-19
3
-50
40
40
111
-25
-6
42
-8
-8
-23
-22
81
78
157
120
7
118
-29
0
-111
88
-15
-10
-37
31
-29
-20
-21
-72
-6
-65
56
19
174
-3
89
138
189
16
99
93
205
226
53
61
-72
57
-59
18
-34
-30
-70
-3
52
180
92
102
-39
66
83
59
239
50
136
-56
36
51
159
108
82
82
-22
58
84
154
55
-14
-92
-177
-52
-224
-59
23
-6
-93
-121
89
42
138
61
61
-85
-54
-67
46
69
89
-34
-30
-57
-111
-49
-111
-13
-41
20
-110
-131
-108
-158
-186
-148
-367
-261
-325
-335
-203
-190
-76
-168
-81
-173
-119
-141
-17
54
33
78
49
151
56
259
179
148
16
-183
-133
-206
-17
-14
-51
-172
-25
-137
-138
-36
-85
-68
-6
127
67
108
48
101
66
21
-15
160
173
176
76
88
105
152
187
146
192
83
96
25
151
207
147
133
55
-104
14
-39
87
-26
15
73
66
17
-11
66
4
50
38
24
4
165
-5
100
104
203
192
218
168
128
122
103
177
75
105
-100
-51
-103
-88
43
-89
81
47
190
108
117
171
14
150
20
47
46
84
46
7
-42
30
11
49
-40
-90
-32
-2
1
-145
-255
-97
7
19
-70
-152
-214
-219
-20
-69
-7
-41
-144
-85
-58
-172
-85
-107
13
17
-28
-49
14
-119
43
-36
-149
-153
-201
-118
-185
-78
-153
-108
-25
-52
-127
-19
-144
-2
-58
40
-21
-58
27
-68
1
-41
15
-21
36
67
5
-38
12
-54
-130
-187
-130
-115
-168
-90
-151
-154
-134
2
55
45
39
-63
66
-13
71
47
42
-9
59
53
62
119
103
279
164
179
68
126
14
137
162
163
56
41
48
25
144
171
135
-24
-10
18
13
22
49
-22
-18
-140
52
-20
67
112
85
-58
-120
-115
45
41
89
64
-28
19
106
106
-60
130
90
222
68
40
28
-19
-79
149
6
-102
-129
-10
74
48
-47
-119
-123
-182
-127
-177
-132
-165
-80
-212
18
-21
125
117
141
28
-7
-3
42
170
100
22
-100
-76
-35
-10
12
78
-39
15
-22
121
-37
42
-39
36
24
13
-32
-95
-70
-21
0
-12
38
-60
-37
-135
-35
-202
-157
-208
-228
-97
-104
-52
5
-22
66
10
-24
-41
131
-34
93
10
-17
3
54
159
3
65
2
116
26
73
-101
-27
-230
-92
-140
-39
-38
-48
29
106
210
86
167
155
160
182
134
103
183
149
266
119
211
156
196
170
142
95
101
13
37
56
18
13
123
92
110
26
57
-49
