-2006
-2458
672
-1293
416
-634
-845
-1880
-1696
-1159
38
-1224
-746
1109
-72
7024
-4279
2036
11884
1423
998
-1283
3323
5155
947
-1760
-1175
-516
365
2947
-574
-642
-2158
-453
3034
-106
139
-581
1154
-929
-286
209
608
784
-2572
-643
1579
95
1089
-1476
752
-163
-1343
5232
-2241
3326
1868
-182
-1534
-3016
-4575
75
10827
1200
-5219
-1846
4346
3162
-6088
-1115
5896
182
-1703
-2644
101
-3479
-60
577
2487
175
-4409
-799
-6587
-1218
-3892
706
-1345
-7224
6998
866
1556
-9214
-6479
12948
5532
940
-7654
4284
10343
6022
-5050
-11091
4195
6260
-1866
-5664
2028
3571
-5032
-3605
4938
11254
3664
-18414
-4499
7113
-296
-1810
-12746
-9864
-922
6334
2564
-13557
-9148
5666
9234
1944
-8118
-7230
13143
5613
-253
417
4782
16386
-2743
12631
1911
-16742
21748
24870
1503
-5682
6600
31965
23645
-5164
-10790
-1851
3055
-8628
-28068
-32768
-30607
-17517
-18284
-30559
-32768
-14100
9831
-499
-12180
-2226
16083
28876
20842
8352
17195
27827
31899
17624
12183
29106
32767
29853
29142
26626
32767
9292
-29202
-24057
-3797
-19906
-32768
-31505
-32767
-19085
-20670
-32768
-28462
1369
28265
18680
-545
9060
27379
28059
-1329
-28141
-23470
-4668
-14867
-32729
-32768
-17509
5926
2245
-2197
10671
31921
32655
32767
32743
32732
32767
32594
32767
27007
606
-21355
-18885
-29034
-32768
-32658
-32751
-32768
-32599
-32768
-24285
-6511
11217
16337
9086
16490
30881
26548
7536
-975
-836
-4966
-16071
-26048
-28861
-20073
-9894
-8337
-3056
13311
29642
32636
32767
32362
32767
31797
32767
17818
-15027
6037
995
-30995
-32768
-32752
-32079
-32768
-32672
-32180
-15343
-1955
-99
-67
10326
29989
28012
9842
6720
15529
9089
-8116
-15044
-12767
-9562
-9864
-10542
-3189
11707
21195
22676
29913
32767
32636
32767
29050
-430
7946
19155
-14633
-32768
-27764
-15090
-29602
-32768
-29622
-13972
-17164
-19605
-3049
8345
15206
8298
7690
16313
18052
1076
-7716
2340
1804
-13142
-14475
-1300
1602
-1570
2415
13226
19245
23171
23918
25323
28663
29877
19595
-5550
5289
14366
-11203
-31593
-15306
-6582
-27426
-32768
-17670
-7367
-20595
-16707
1220
6275
-369
3624
8099
5400
3395
1085
-2811
-1754
-1777
-7396
-6172
1304
2201
-3450
1754
10713
10401
6350
10785
14737
14649
13258
13080
12926
14208
4670
-2376
5776
3613
-9638
-14068
-3988
-6000
-18009
-15264
-4111
-7196
-12501
-5501
201
-3910
-6044
-2209
-675
-2559
-7198
-6810
-2539
-2309
-5832
-4773
281
47
-2766
237
4859
4076
2797
5620
8837
8494
7712
9476
11186
11336
10368
9475
10148
8652
5498
4108
2694
365
-2307
-3574
-4929
-9018
-11335
-9463
-8805
-12157
-12620
-8100
-7026
-9503
-7963
-3818
-2647
-4288
-3525
-489
175
-356
-121
2152
3141
2846
3003
3860
4559
6300
7110
7065
6410
7867
9107
7911
6535
6328
9307
7052
5349
4182
4099
3633
-149
-2815
-3270
-3492
-6891
-9904
-10003
-8682
-9510
-10927
-9213
-7539
-5225
-4087
-4157
-2748
-317
474
-670
692
772
1782
1507
1538
2021
2016
3496
3670
2867
3261
4257
4593
4022
3103
3714
4738
3931
1923
2735
2828
1432
477
651
115
-287
-959
-2180
-2442
-2042
-2032
-3577
-4318
-3641
-2675
-3134
-3524
-3370
-2336
-1760
-1753
-1380
-551
-629
19
1855
1918
1362
1917
3194
2872
2005
1111
2156
2478
1590
1184
758
1308
687
887
612
-272
-228
136
-190
-1681
-1410
303
-166
-1849
-1583
-277
281
-646
-894
-1148
-799
236
-344
-845
387
1369
1084
1071
1792
2427
1341
1023
1274
486
5
170
-887
-1181
-880
-463
-665
-1051
-1202
114
1805
-868
233
816
-293
303
-145
-1213
-1587
-1154
-1322
-1600
-2015
-1513
-918
-743
-188
1431
1361
943
1405
1971
1807
1481
1824
876
194
68
-314
-724
-923
-519
-897
-1189
-589
321
168
-161
364
615
615
-67
-1243
-1502
-795
-1246
-2577
-3244
-2403
-2340
-2427
-2437
-2236
-1746
-268
1170
986
1205
2110
3358
3031
2479
2466
2104
1639
996
-119
-71
253
-2
-808
-803
-323
80
501
699
509
443
1212
912
-197
-1305
-784
-1101
-2214
-2873
-3218
-3316
-2959
-2726
-3223
-2471
-870
81
855
1564
1646
2145
3169
3266
1981
1603
1840
675
-270
-145
-715
-830
-938
-752
-556
417
2062
1216
771
1982
3002
1592
486
599
583
-484
-1898
-2818
-2539
-2615
-3332
-3390
-3809
-1693
-1878
-307
-952
182
2712
1183
2935
1202
2530
2220
846
1362
616
472
-125
237
319
449
-402
690
974
-176
83
888
929
3
284
1766
1156
206
-301
91
316
-1164
-1433
-2019
-2235
-2672
-2617
-1913
-1697
-1180
-87
73
531
1560
2088
2494
2084
2149
1840
1335
1291
922
175
76
525
1146
275
-619
420
1190
1232
297
143
421
304
-182
-786
-947
-1288
-1657
-2004
-2192
-2404
-2373
-3166
-3002
-2025
-1385
-1547
-1443
-194
789
1914
1662
1595
2200
2639
2304
1086
1023
925
1072
580
179
-280
-143
581
5
-148
242
443
-78
155
261
-100
-504
144
-450
-1025
-1599
-1457
-1524
-1494
-2466
-2154
-1998
-1467
-1801
-414
224
596
716
1543
1959
1975
622
795
518
523
-14097
-25701
32767
-2564
-15008
32767
-28473
11303
26022
-32767
19959
15846
-21007
2702
-31715
22800
11194
-26875
23388
-177
-8355
11242
-4305
-2474
9602
-3101
3933
3181
-6013
580
3138
478
3836
23590
-17392
-18054
24103
-4700
-8003
11285
1987
-2442
7369
-4198
-14
3979
944
664
3460
-8271
3793
-24115
-15003
32468
-25511
-11375
24787
-12418
-3566
23344
-10509
16070
3277
-24295
29236
-11577
-29333
32767
-17081
-14781
9090
-32768
20867
21450
-18325
20592
9372
-12796
25105
3644
-4476
23823
-11690
-4548
11609
-13694
175
7295
-11248
10034
-548
-7631
6667
11
-434
-1084
6554
-1350
409
-1720
718
2923
-6015
-971
496
-5787
1893
-3167
1871
-7489
2772
13245
-29786
5632
5077
-16854
23954
2068
-4800
18950
-9779
2048
17896
-4402
4784
17780
-17182
7420
10877
-18616
20043
-7538
-9774
12953
-16015
-2619
11323
-7687
2465
6985
3088
443
-1672
9231
-5176
10974
-1237
14279
-3295
-28118
13094
-18653
6975
16229
-8798
14326
-14564
-2454
23547
-16361
9075
4641
-7044
5117
-4174
-2955
-7224
-5979
15797
-18889
-152
24825
-30985
2699
19668
-5812
19572
-5206
345
26164
-32409
18879
1438
-22711
7059
4993
-12405
4922
2912
-1478
14501
-16060
8832
-3297
276
-22329
23605
-5698
-19054
18445
-30337
11579
788
-32312
13483
-9113
-26881
20229
-22274
-2145
13934
-15095
3720
3502
-11666
23235
-7234
4106
13674
8015
18184
-11458
27389
-4807
7406
-11661
-9120
5189
-26559
-5837
8923
-11756
-22230
25786
-12013
2683
11391
-24024
27593
-9171
-6141
22468
-9121
20075
14894
-11996
11998
-837
-27558
-9731
9765
-8023
-6446
-7153
-16484
16846
-10265
-4000
23362
2758
12901
25218
-5217
6777
8698
-3155
2843
-1751
1355
-7214
-15258
8649
5770
-3737
1124
1969
-114
-32674
23388
-4761
-20844
6298
-16834
6619
1911
-11518
27196
-16148
-3643
32767
-20323
9056
-10241
325
2042
-5650
20902
-11
-5193
26920
10624
-8720
-10666
-18127
21760
-9603
-14924
20088
-5583
11067
9861
-11368
28631
4572
-12021
16864
-2577
-9583
4975
-8060
-26339
-9469
7607
-6
-15216
8286
5963
-16381
-2825
-28716
5742
20052
-32768
4626
-1923
-6566
15049
-5910
8128
20876
-11000
-6253
13147
-6539
-6437
-20033
475
5665
-13528
4069
8944
4846
-4501
10557
1136
-16747
4789
17118
9455
-4954
-1375
8960
-8445
-24381
1331
9804
-7017
-2022
2952
-1237
-7437
6223
13338
6319
3896
6605
24527
-5132
-6621
12406
-10833
4900
-3892
3317
-1744
-10392
-7140
-9404
-8201
-22149
2146
6754
-21049
-20087
16041
-5067
-3253
53
-2106
-9358
-6154
-2235
3028
-8036
-16071
22942
-12041
-1818
13927
2543
8195
-638
-12496
9051
3200
-10159
-6480
-7356
-2917
-7617
-12609
-2181
10606
-20204
-1470
32767
-6572
7601
19969
-10943
31620
-4566
-17822
32767
475
-27788
31397
7558
-16413
7467
-14622
17695
-13467
-5027
-2
-14346
14654
-20283
-13408
12278
-1883
-8322
-11177
-7222
14348
-10599
-25361
15850
-2532
-5853
21109
-7747
-22853
16967
7217
-5715
8053
-11799
7704
16163
-12262
-13934
24792
-7533
606
21299
-2920
-11856
23428
2657
-6657
15988
-10272
16004
5166
-21396
9279
18224
-30828
6107
20078
14866
-18696
-12020
18398
-18791
-4424
24483
-16161
-15226
-1351
771
-3359
-19337
26009
18525
-5472
-22027
2970
18850
-1933
-13244
15218
32581
-10105
-22463
2722
9334
-3235
-15042
25846
18869
-21912
-6821
8005
9701
-27654
-17351
22869
15251
-24265
-25301
24953
12142
-31494
-2353
32767
-4629
-17271
9420
9961
1415
-9717
-3795
27309
8200
-32768
10186
30906
-15851
-7831
15456
12776
11200
-32768
11234
18892
-28118
4785
8673
2040
3938
7182
-3288
-7652
-13656
11527
3905
-9568
-21841
-18037
17894
-7079
-12169
7881
23154
-19732
-12937
-19624
-3932
18894
-32381
-5413
25403
-2200
1030
32767
-1373
19851
10470
-8629
24480
-699
-8938
31543
19512
-7740
13675
2098
2187
-1777
-32768
-5958
25565
-30523
-22826
28862
5720
-21082
-32768
-26569
-211
-16116
-32768
-1439
17593
-26258
3107
-11292
2805
9589
-27789
13087
32767
6613
-2419
32767
11765
30443
24822
18836
14259
-3461
32512
19550
2413
8470
1246
26983
245
-13629
-1904
-28858
-16428
-19119
-30519
-32768
-8025
-10064
-29216
-32768
-5550
-11407
-8778
-15315
-20556
32767
-6784
-28663
22682
32159
26679
32767
9827
24314
27148
18402
32767
29055
23268
28182
32767
2498
-20926
14100
31444
3810
-21013
-32768
-21307
-21394
-32768
-31565
-26634
-32767
-30006
-26874
-32768
-18829
-5369
-7701
8318
-969
-12577
12121
13250
24625
32767
32521
32243
32767
22434
26797
32767
32076
32767
27121
-560
8421
19646
-25202
-24383
-11921
-2773
-15576
-32768
-32577
-15740
-23650
-32768
-32677
-16955
-12152
-32768
-27384
-5349
13682
7090
-2392
18170
32767
14948
21948
32767
31768
32767
31862
32767
31492
32767
21567
-11008
-26056
-28390
-25492
-32768
-14229
8744
2048
-18091
-32768
-32309
-31325
-31507
-32768
-30103
-32768
-30379
-30519
-3929
24145
8523
387
11732
15223
8190
8989
27848
32767
32258
32767
32335
32767
32363
30687
-5252
-32768
-31328
-21621
-29209
-32768
-10781
17197
9222
-21362
-32768
-23223
-22368
-32768
-32669
-21638
2897
1737
-8481
-10321
8686
2805
-6626
-1743
15262
23893
28240
32427
32540
32767
31987
32767
31310
32767
-17410
-32767
-32768
195
1425
-25541
-32767
13780
32767
-19249
-32768
-16878
3144
-32768
-31779
-30432
17619
32767
14599
11043
32767
1475
-31660
-32768
-15701
28425
32428
32767
31828
32767
31258
32767
29813
32767
-12337
-32768
-31486
23583
13551
-32768
-27875
20930
32767
-17780
-32768
-10594
32767
-14332
-32768
-29034
18096
32767
3886
-14571
25909
32767
-10719
-32768
-21827
30053
30816
14235
23290
32767
29017
32767
27835
32767
6723
-32767
-32768
11864
32767
-18859
-32768
5525
32767
-1382
-32768
-25573
32767
12260
-32223
-32768
-4120
32767
21860
-21489
-4344
32767
20149
-25833
-32768
9254
32767
25551
14642
32700
31581
32767
29754
32767
7064
-32768
-32768
13890
26721
-24405
-32768
6591
32767
-265
-32768
-23320
22501
90
-31311
-32768
-21491
32767
29430
-2442
-65
20834
25955
-11244
-32768
-9805
31959
30309
17343
32767
31111
32767
31326
32767
32017
-13232
-32768
-12194
29655
1623
-32767
-24826
29210
32767
-20182
-32768
-290
20548
-14889
-32767
-32768
13868
32767
-4032
-3105
14701
23402
-955
-32767
-26880
14815
27280
16252
27546
32767
32196
32767
32767
31646
32767
-6459
-32768
-21670
30398
11921
-32767
-29339
18612
32767
-10477
-32768
-6851
32767
1916
-30440
-32768
5404
32767
-9213
-26320
11309
29432
6018
-32583
-30377
19088
32138
3972
18275
32767
32767
32011
32767
30073
32767
1651
-32768
-29372
21029
30532
-23104
-32768
6305
32767
177
-32768
-18636
31030
18778
-24783
-32768
-4764
32767
4080
-32767
-7571
27072
25821
-25424
-32768
5045
32767
5351
2125
30077
32767
32184
32120
30894
32767
29084
-21867
-32768
-12279
32767
5690
-32768
-22442
28664
32767
-22225
-32768
-4508
32767
5792
-32768
-31362
17769
32767
-14943
-24328
1477
32767
8790
-32768
-24742
23473
30265
6186
22901
32011
32767
31268
32767
29606
32767
1534
-32768
-31822
14573
32767
-22110
-32768
4113
32767
3495
-32768
-26605
14400
29035
-16297
-32768
-10362
32767
14226
-27232
-23848
11864
32638
-18897
-32768
-3554
32767
20512
12433
21316
32767
32767
32256
32767
31380
32767
-14010
-32768
-24950
29084
20143
-32768
-28294
19538
32767
-12806
-32768
-21892
26038
23754
-26995
-32768
6605
32767
5448
-18537
-19798
26415
19807
-30674
-32767
3677
28702
22777
22460
24832
32767
29596
32767
28642
32767
11027
-32768
-32768
-1068
32767
-14225
-32768
-6674
32767
16028
-31644
-32767
-8329
32767
428
-32768
-20961
28768
32089
2803
-24210
-6110
32767
-6948
-32768
-18251
12225
30331
27954
21038
32767
32348
32767
32767
32129
32767
-17789
-32768
-27238
15301
16675
-32767
-25909
22045
32767
-12616
-32767
-29476
16176
29350
-25618
-32768
-2402
32767
25751
-9799
-29479
21058
25764
-26548
-32767
-12442
22112
32767
25261
27963
32767
30489
32767
29217
32767
7742
-32768
-32768
-16608
16788
-13757
-32768
-2715
32767
16874
-32316
-32501
-15620
29325
-858
-32768
-27525
11553
32767
16538
-16157
-13924
32767
483
-32768
-30740
-3851
30473
32613
29822
32767
32076
32767
31903
32767
29821
-22826
-32768
-28161
-3550
8093
-32768
-24494
22945
32767
-12103
-32768
-32768
-466
29407
-25421
-32768
-20101
26790
32767
4624
-32768
3824
32767
-16213
-32767
-23128
19661
32767
31032
31219
32767
31698
32767
30240
32767
3522
-32768
-30636
-25561
14277
-10577
-32768
-311
32767
18914
-30923
-32664
-28048
27307
1719
-32767
-32250
1572
32767
25410
-15614
-32767
31664
17644
-28785
-32768
-8179
31332
32767
31377
32767
32053
32767
30773
32767
17751
-32768
-31789
-32768
-13856
929
-32767
-11914
30960
32767
-15346
-32267
-32768
1777
20782
-32492
-32768
-17058
31082
32767
1224
-32768
15004
32767
-20254
-32768
-25665
17775
32767
30124
31473
32497
32767
32074
32767
29446
-23631
-32768
-31335
-27167
9561
-32156
-27395
20321
32767
8343
-29150
-32767
-14691
29164
-20452
-32767
-26661
16214
32767
12753
-32768
-116
32767
-9649
-30925
-32768
3786
32767
31344
32767
31744
32767
31276
32767
26411
-26814
-32768
-31604
-27677
4450
-32768
-23131
23239
32767
9570
-27392
-32768
-14357
24301
-25551
-32768
-30497
11684
32767
16834
-31776
2755
32767
-8901
-23517
-32767
-2589
32767
32435
32767
32457
32767
32203
32767
30054
-22879
-32768
-31095
-29109
8445
-32715
-28035
21039
32767
19192
-21584
-32768
-19743
20676
-24764
-32768
-32768
4019
32767
18632
-28326
-634
32767
-5949
-13686
-32768
-7722
32767
31967
32767
31952
32767
31626
32767
28056
-26136
-32768
-32464
-25734
6900
-32768
-26577
22281
32767
23103
-16094
-32768
-17361
14058
-28047
-32768
-32768
2271
32767
19207
-13474
2445
26508
-6771
-6759
-27512
-10455
32176
31757
32767
31544
32767
31035
32767
24521
-29457
-32768
-32768
-24194
659
-32768
-24471
23790
32767
23901
-7511
-32768
-19022
3086
-31960
-32086
-32768
1207
32767
21693
1299
8552
14771
-7568
-376
-13502
-8500
27690
32571
32767
31882
32767
31297
32767
24547
-30049
-32768
-32768
-25235
-3548
-32767
-26754
21738
32767
26511
5528
-30236
