-17930
-23942
-31059
-18986
-6565
1451
6750
11458
8686
978
2704
-1874
-93
6899
13066
19904
23125
23696
26267
31757
32767
32604
32767
32767
19918
-3471
-28040
-32767
-32237
-32767
-32632
-30510
-21126
-18588
-18376
-20002
-23609
-14663
-469
10703
25671
29377
24047
17448
8862
1064
-2876
-1316
-7257
-11581
-10589
-19016
-19368
-14852
-12133
-5591
5556
13176
14085
15069
8277
1633
511
821
5229
14002
23993
29183
32275
32767
32706
32767
32601
32767
17984
4187
-20543
-32768
-31604
-32768
-31895
-32768
-25051
-15052
-9516
-10284
-14727
-12207
-8976
-3887
8160
16612
20566
22720
19306
10007
1345
-6691
-15834
-19820
-16601
-14491
-9565
-3897
-2541
1697
4519
5636
6417
9604
9203
8613
7429
5502
5538
8007
12022
17125
24745
30495
32409
32767
32087
32767
26373
12217
-5427
-30452
-32768
-32767
-32658
-32768
-31567
-21048
-13397
-9396
-12969
-12281
-12173
-12633
-4393
3516
9093
17000
21836
20321
11808
3452
-5887
-15789
-18751
-20362
-15580
-7541
-1860
3720
5736
9133
6179
4470
4401
2155
3253
3678
7198
9376
13114
16312
21040
24082
27110
31420
32767
32413
32767
28557
16316
2245
-23990
-32768
-32336
-32768
-32495
-32768
-27556
-17659
-9216
-8546
-6944
-10307
-14329
-10120
-4482
2248
11854
19531
22239
20407
14195
3520
-9041
-15973
-21047
-20094
-14831
-8095
1126
6351
10501
10030
7930
4034
1535
1363
1235
5011
8901
14327
18281
22551
24799
26391
27841
28000
29078
32456
30278
18801
10624
-4976
-22767
-31764
-32767
-32610
-32768
-32768
-28603
-15538
-10133
-4047
-542
-4688
-5940
-6153
-5518
-2511
5198
10594
14485
16426
13779
5629
-2306
-10671
-19721
-21132
-19115
-13648
-5984
3584
11458
15895
17344
14980
11626
6789
5037
5610
5473
9489
15302
19854
24883
27236
26150
25643
22309
21604
20731
11525
5605
-6248
-17124
-25649
-32768
-32349
-32768
-31758
-26891
-18236
-12373
-6336
-3186
-4557
-5114
-7129
-8868
-8301
-3652
-1403
3096
8210
7613
5344
2868
-2089
-7046
-8665
-10196
-7542
-2792
2091
10061
15524
18331
17636
16321
11963
7841
5842
2815
3092
6277
9768
12348
15973
18026
18687
20272
21491
22810
18226
11941
5425
-6575
-12401
-21893
-27417
-29704
-30550
-26420
-22970
-18795
-16084
-12188
-14889
-15627
-15080
-14887
-14904
-11018
-6113
-2962
4022
8786
10468
9841
8672
5461
3406
2387
746
1954
3937
6189
9355
11675
12075
10964
8723
5223
3266
1730
1410
2062
4363
6594
10591
15929
19329
22032
23774
24517
24475
20944
15031
8354
-2638
-10473
-21512
-27546
-30497
-32768
-31825
-29869
-26046
-24310
-19225
-18180
-17183
-15680
-13068
-10399
-6387
-1160
2715
8402
11765
14770
15220
14996
12076
8498
6011
2669
636
16
1011
1727
3759
6021
7012
7159
5399
4603
4188
4624
6000
8367
11153
13665
16116
17798
19730
20818
20100
19434
17042
10719
5492
-4340
-11869
-20385
-29124
-31081
-32768
-32360
-31653
-27722
-24565
-18787
-13801
-11821
-8997
-6798
-5304
-3541
285
2117
5792
9150
11786
12832
12797
11000
7255
3674
772
277
16
1618
3560
5513
8383
9546
10154
10254
9990
8690
7665
8115
8249
8944
9521
10473
11281
12201
12215
11671
11864
11373
8185
4759
970
-6573
-11786
-19658
-24559
-27117
-29604
-27682
-24887
-21858
-18967
-13593
-12031
-9520
-7048
-6435
-6227
-3765
-656
1370
5355
7157
7957
8408
9151
7950
6553
6032
4417
3642
4149
6178
7914
9506
10375
10266
9824
8244
6720
5019
4232
3579
4000
4712
5507
6319
6926
8302
9447
9916
10252
11515
9837
6417
2921
-3689
-8744
-15558
-20998
-24073
-27802
-27147
-25053
-22808
-19895
-15427
-12561
-9133
-5930
-3626
-3012
-1413
467
1498
4760
6836
9294
9932
10319
9718
7644
6173
4538
4234
4352
5680
6810
7835
8782
8420
7979
6368
4911
3598
2931
3299
4031
4958
5909
6209
6682
8276
9230
10024
10575
12393
11136
7608
3980
-3648
-9184
-17308
-23672
-26885
-30576
-28840
-25220
-21414
-16454
-10688
-7287
-4090
-2087
-1833
-2633
-1488
71
1772
5656
7843
9054
9428
9114
6779
4869
3045
620
1091
2813
5246
8185
9863
10209
9004
7531
5427
3713
2356
1618
2513
3535
5440
6623
7835
8443
8846
10321
11034
12375
14613
11571
7188
2045
-7279
-13643
-22972
-28747
-31493
-32668
-28324
-23254
-16988
-11409
-6193
-3954
-3318
-2295
-2607
-3968
-1264
1029
3715
8528
10958
11272
9804
7512
2958
-551
-2150
-2869
-803
2684
7471
11277
13342
13155
9974
6772
3039
1106
-2
1176
4572
7297
9913
11903
12520
11749
11904
12432
12550
16078
14532
8748
5152
-7051
-16422
-26006
-32767
-32244
-32768
-30911
-24440
-15653
-8511
-4258
-1334
-3206
-5363
-4629
-5532
-1824
4151
9381
14687
15864
14085
8694
2396
-5082
-11582
-12061
-10564
-4144
4546
13427
19280
20922
19206
11522
4789
-782
-3131
-1174
3301
9351
14614
16904
16573
15036
12202
10604
12226
14306
21469
18864
11628
5378
-14435
-29047
-32584
-32767
-32340
-32768
-28146
-16070
-3708
3171
1302
621
-6928
-10669
-7967
-4967
5688
16815
23792
25758
19132
7633
-7286
-19238
-26391
-27207
-15937
-3511
10662
22205
26989
22837
15792
8103
-172
-1986
1120
6368
12958
18716
21436
18445
14778
9885
8352
10546
17261
27582
32767
30477
15699
-2696
-28730
-32768
-32456
-32768
-32762
-31155
-9360
3357
7228
3384
-13552
-17660
-18565
-12966
7083
23479
32066
32767
28642
9896
-10537
-27528
-32768
-31368
-19592
-7203
5183
15427
13020
11952
9608
7543
7174
14810
16753
16954
15866
10559
4121
3543
7618
10059
19291
25768
28087
30069
32767
31650
32767
21212
-5122
-20848
-32768
-31936
-32768
-32043
-32768
-26283
-5242
-7113
-4577
-7094
-16262
-4548
6470
17509
30191
32449
25163
11950
558
-13615
-20181
-22407
-23014
-16424
-15473
-13340
-6360
1084
9944
18676
28272
26172
19960
16286
4643
1099
1406
5620
10214
17736
22980
19881
21198
22450
26320
32767
32714
32621
32767
-1080
-30397
-32077
-32768
-32006
-32768
-31622
-23747
-6850
-14282
-27451
-13119
-12257
9114
32767
32015
32767
23054
3854
-12920
-11069
-4069
-6271
-7787
-18505
-30997
-32768
-30709
-14773
11376
31035
32767
31037
21308
2514
-49
5931
13928
18186
18653
12153
3873
6291
14728
26240
32767
31478
32767
31426
32767
26457
-24245
-32768
-31039
-32768
-31247
-32768
-30926
-32767
-22070
-20253
-19038
13855
16392
23086
32767
26456
17580
11025
6751
-3125
1380
755
-18489
-31643
-32529
-32768
-30278
-12090
9516
21592
29166
23467
18092
19077
12776
14704
15384
10147
3347
5
7067
15009
29128
32767
31878
32767
31493
32767
30152
32767
5426
-32768
-30346
-32768
-31714
-32768
-32309
-32768
-31801
-20917
-32768
-3204
32767
30714
32767
31924
15605
-1398
2700
3373
1980
10141
-12226
-32767
-32173
-32768
-32344
-5383
20934
20947
18281
17899
14116
20432
32083
23834
14875
2158
-6530
-9807
11432
31196
32698
32767
32441
32767
32087
32767
31100
32767
-11284
-32768
-29929
-32768
-31094
-32768
-31510
-32768
-31654
-32768
-25184
17727
32767
30082
32767
19160
695
2201
17327
16435
6938
-9906
-32252
-32610
-32768
-28707
-9230
11283
9872
3647
5465
23111
31352
32767
28860
8502
-7367
-9415
-1651
15179
32273
32193
29751
32767
31881
32767
31818
32767
28779
-24787
-32768
-31017
-32768
-31363
-32768
-31354
-32768
-30928
-32768
-11433
31071
32174
30457
25806
3074
919
19832
32749
14296
-4752
-24982
-32768
-32768
-28294
-15879
-2026
6010
-3193
1341
22827
32767
31237
32767
11680
-7191
-2602
5904
21439
30446
32767
18546
25861
32393
32767
30929
32767
18742
-32768
-32057
-32768
-32768
-24521
-29839
-32768
-32768
-31207
-28750
6818
32767
24031
16551
8850
-8193
1950
29207
29111
3935
-18529
-31715
-32768
-29561
-13447
-5170
6966
179
-11708
9988
32286
32767
32767
29122
-4178
-7334
9999
25645
32767
32767
28987
16077
27664
32767
29717
32767
-15
-32767
-29960
-32768
-31108
-21734
-24374
-32768
-30754
-31299
-17219
24565
32767
30170
17395
-1642
-13924
-1971
28483
19291
-3948
-25020
-32768
-32424
-29815
-4966
11510
13719
-1060
-10646
8691
29928
32146
32767
21570
-1514
3922
19073
32767
31519
32767
30359
28227
32441
32767
29790
-23358
-32768
-30321
-32768
-28792
-32768
-26172
-32768
-22457
-20358
-8413
32767
29402
32767
25160
767
-7386
5757
15345
3624
-14843
-32768
-31259
-32768
-15884
7214
23569
16046
-3987
-314
4949
16506
28278
32406
13085
8115
19663
24774
32664
32767
32067
32767
30510
32767
1533
-32768
-29567
-32768
-30418
-27751
-32493
-32768
-32476
-11679
-12018
14417
32767
15339
24379
12319
-7005
-1455
13775
-1832
-21076
-24292
-32768
-30260
-9680
10196
15257
28932
16694
5607
15010
14935
14769
26608
23714
13524
24122
23981
29847
32666
32767
30944
32767
14486
-32768
-30902
-32768
-31689
-25077
-32647
-19381
-32768
-7001
1776
13860
32767
23535
30006
7570
-10278
-16740
-2409
-10935
-30434
-29220
-32768
-30436
-9593
13723
22257
32745
26998
13728
16722
16634
23444
32708
32750
31034
30002
31060
27694
32767
29870
32767
12265
-32768
-31435
-32768
-32768
-28712
-32768
-21346
-26893
-23522
-11302
9409
32767
30280
32767
23838
-7640
-17535
-15395
-19636
-19504
-16389
-31084
-25232
-7226
6140
23854
32767
25339
10484
11698
5463
15738
32767
32767
32443
32767
31821
32767
30577
32767
14649
-32768
-31693
-32768
-32768
-32253
-32768
-10288
-16786
-7898
-22613
-11214
24290
17723
32767
24645
1090
-26831
-32768
-32768
-29677
-546
7278
15045
16558
7959
13824
28853
32300
30913
32041
15177
14952
27608
32767
32767
32380
32767
31365
32767
-10558
-32768
-29883
-32768
-31093
-32768
-30040
-19384
-18031
-3081
-2816
14336
27795
15495
28781
6798
-23843
-32768
-30870
-32768
-21086
-1029
5051
21995
18540
13938
18328
25984
25449
31685
32767
32767
32348
32767
32170
32767
31976
32767
29360
-22288
-32768
-29981
-32768
-29678
-32768
-13880
-5319
-3013
1404
-5414
18583
15514
31189
24039
-3466
-24976
-32768
-31887
-32094
-6220
14068
31640
26550
9930
2135
7330
15544
28629
32767
32607
32714
32767
30779
32767
31283
32767
20546
-29512
-32768
-32021
-32768
-31366
-32768
-2379
4307
9422
1860
-8690
-419
7074
29626
18110
5522
-22003
-32248
-32768
-27289
-3689
18702
32767
32206
24844
9715
8797
11759
30346
32420
32767
31975
32767
30622
24237
24005
-21219
-32768
-30771
-32768
-31330
-32768
-31490
-28499
4094
13270
19056
17142
5861
8792
-6422
-7292
-21746
-20953
-26546
-20119
-3374
4416
19835
26567
28657
26632
31230
28016
32479
32239
32767
31912
32767
31408
32767
8520
-32768
-32404
-32768
-32768
-32239
-32768
-26803
-12857
3798
10044
9776
8303
2096
4250
-7899
-8865
-13558
-19725
-12573
-12756
754
7998
20735
27179
26529
27319
26030
26362
31454
32767
32340
32767
31808
32767
-3909
-31708
-31049
-32767
-31400
-32768
-29892
-22590
-6929
-3256
-435
-1954
-3801
871
-5843
-1737
-6128
-4397
-6495
-1587
6731
7891
21318
24065
26991
28760
29682
29012
31540
32639
32767
32767
32486
32767
-2627
-26441
-31200
-32767
-31590
-32768
-31832
-30904
-3596
1613
6500
2341
-7926
-5370
-13652
-1850
-528
10283
10472
12411
11707
6037
8146
10578
18894
26263
32767
32072
32767
31982
32767
31337
32767
15992
-16255
-26899
-32768
-31260
-32768
-31461
-32768
-23894
-2365
116
1601
-11476
-15246
-23699
-19857
-8574
2214
15872
21090
28344
25350
23774
20436
19456
21731
28389
32767
32245
32767
32641
32661
32767
4927
-22105
-31294
-32768
-31885
-32768
-32120
-32412
-16459
-405
5932
62
-14081
-15181
-22231
-15933
-2867
6693
16758
21981
23251
20186
19361
15623
18157
22282
29942
32767
31997
32767
31615
32767
24391
-6957
-25830
-32768
-32005
-32767
-32240
-32768
-27889
-9620
-3502
-1355
-15358
-18547
-27509
-25557
-13338
-551
16157
25631
32736
29151
31385
23131
21771
21324
25454
32767
32244
32767
32147
32767
30086
5312
-22528
-32768
-32268
-32768
-32629
-32768
-30598
-12695
-7883
-7886
-24434
-28693
-31988
-26929
-9334
4310
27969
32111
32767
32018
29787
19418
16624
19657
26030
32767
32121
32767
31771
32767
24263
-5007
-27020
-32767
-31685
-32768
-31738
-32768
-19952
-1124
-3046
-8343
-27741
-28587
-32768
-25950
-14980
1601
25477
29658
32767
31751
31497
21188
19668
21275
28812
32767
32518
32767
32767
31938
7579
-19876
-32768
-32513
-32748
-32768
-32557
-31206
-3986
1568
-3082
-16448
-31208
-32768
-30525
-18439
-2600
27314
32457
32767
32097
32767
24971
13956
12693
18560
32767
31940
32767
32057
32767
16433
-19181
-32768
-32303
-32768
-32768
-32767
-28834
1225
8486
205
-13838
-32768
-32222
-32768
-28934
-8538
24767
32767
32513
32767
32633
32372
20988
13042
16809
30602
32668
32767
32533
32350
11675
-25314
-32768
-31833
-32768
-31858
-32768
-20698
11174
15862
7251
-9915
-31851
-32415
-32768
-31446
-5724
24938
32767
32767
32608
32767
29816
16200
8098
17612
31133
32443
32767
31529
32767
1862
-32767
-31710
-32768
-32481
-32768
-32378
-9276
15459
12324
-599
-23597
-32767
-32165
-32768
-19500
14456
32767
31895
32767
31839
32767
29283
16681
13754
26696
32587
32767
31471
32767
12708
-29781
-32768
-32432
-32768
-31928
-32768
-20269
6078
14392
4577
-11398
-29632
-32768
-32693
-26356
5907
30337
32767
32622
32767
32471
32767
23837
11860
18662
26665
32767
31819
32767
11127
-28374
-32768
-32638
-32768
-32508
-32768
-26436
-1924
9295
4634
-5935
-28427
-32768
-32632
-23885
2568
27085
32767
31750
32767
31820
32767
29317
20264
20048
25045
32767
26768
21533
-4573
-31052
-32496
-32768
-32460
-32768
-32768
-27835
-6544
698
2484
-7986
-22446
-26532
-28658
-13438
4277
27961
32767
32200
32767
32392
32767
32212
32255
27587
31552
24531
16502
4861
-23233
-31802
-32768
-32072
-32768
-31904
-32768
-27779
-15658
-14501
-11794
-22326
-20315
-23522
-12541
1665
19104
32767
31507
32767
32003
32767
32149
32767
32004
32767
23596
10775
-1513
-27411
-32768
-32768
-32579
-32767
-32635
-32014
-26767
-16914
-18936
-17524
-24520
-22002
-21429
-10353
5880
20590
32767
31746
32767
32221
32767
32432
32767
32545
31743
20892
9212
-4717
-27118
-32767
-32768
-32596
-32768
-32725
-29319
-22955
-17091
-16907
-19524
-24310
-23153
-20614
-7809
6076
22859
32767
31973
32767
32382
32767
32600
32767
31965
25982
15145
4729
-11018
-26725
-32174
-32768
-32194
-32768
-31028
-26111
-18340
-14276
-14408
-16961
-20340
-20072
-16835
-3823
9319
27115
32767
32183
32767
32413
32767
32652
31838
25441
16536
6765
-5570
-21416
-31258
-32767
-32763
-32602
-32768
-26208
-18401
-13120
-9706
-12241
-13519
-14786
-13646
-5845
4457
17781
30886
32767
32538
32767
32466
32767
31919
26629
17115
5868
-5127
-18727
-29083
-32455
-32768
-32284
-32767
-26857
-19268
-15519
-11878
-12693
-14083
-14039
-12274
-7112
3105
12767
25551
32675
32733
32767
32742
32767
32767
31257
21274
8125
-5244
-20689
-31508
-32768
-32739
-32727
-32736
-25236
-17853
-14516
-12123
-13185
-15370
-15351
-12198
-6525
4746
16128
28553
32767
32697
32767
32717
32767
32599
28246
19001
9668
-3595
-16911
-29801
-32768
-32767
-32566
-32768
-30299
-20464
-11490
-5623
-4088
-5708
-7887
-7705
-5357
4091
14396
27825
32767
32368
32767
32440
32767
30691
20113
4537
-7454
-20187
-30643
-32458
-32768
-32375
-32768
-28723
-22185
-16927
-11891
-9930
-8031
-9753
-6503
-5716
2262
12002
23574
32767
32282
32767
32461
32767
32369
26582
10685
-4472
-16489
-30129
-32768
-32768
-32634
-32768
-31328
-25148
-18839
-14782
-13548
-10657
-12000
-7773
-4270
2767
13784
24004
32767
32582
32767
32721
32735
32767
29704
15285
-3134
-15959
-30048
-32768
-32608
-32768
-32767
-31927
-24241
-17220
-12178
-13363
-11893
-15220
-13762
-9076
-1888
11332
23395
32767
32528
32767
32736
32703
32767
29786
17600
1573
-9963
-23556
-31325
-32768
