8375
5674
7570
14347
16960
11257
12345
19544
14617
15135
14127
16262
16816
610
-15633
99
-1021
-26509
-31205
-10844
-20486
-32768
-24462
-12465
-13322
-17319
-4490
4955
7784
4044
5186
15053
12263
-1631
290
4577
57
-6825
-7698
-1976
2691
596
7473
17717
21098
21539
29683
32204
32767
21639
11383
16449
3030
-14411
-25990
-23940
-28392
-32723
-32768
-31751
-27122
-28192
-18402
-5185
2095
8905
13170
23890
24985
22372
19677
16759
12251
3068
-5302
-11130
-15905
-22599
-19438
-15898
-13049
-6621
-643
7540
17121
20623
29531
32767
32606
32767
32767
28983
9267
1698
1687
-18330
-32768
-32493
-32768
-32752
-32693
-32731
-24554
-18345
-13287
-544
12976
20268
19126
25059
27638
23832
15615
7753
1848
-5243
-15191
-22965
-22851
-19583
-16453
-14202
-6261
4722
13758
21466
31034
32767
32767
32415
32767
28737
10486
7271
5080
-19796
-32768
-32205
-32768
-32527
-32768
-32679
-32066
-22277
-13041
-7208
10548
22593
25804
27509
29980
31049
23175
12233
5239
-2231
-16000
-26068
-26481
-21613
-19704
-19370
-9213
3017
11968
18990
28195
32767
32482
32767
32428
32767
20651
5386
4879
-12112
-32252
-32616
-32768
-32632
-32768
-32611
-32768
-23348
-11080
-5341
5199
20581
31933
29528
26890
28021
26677
16513
2144
-7523
-13000
-24516
-30966
-25739
-19625
-17129
-9622
911
10217
22658
30993
32767
32552
32767
32282
32767
23477
5114
146
-9666
-29450
-32768
-32578
-32768
-32768
-32547
-32768
-25908
-9338
-1030
6377
18942
30846
32767
30619
26724
24653
15909
1103
-11489
-16707
-21503
-27681
-26417
-20178
-13271
-5142
3135
12121
25002
32767
32654
32766
32767
32504
32767
21357
2726
-2933
-13025
-30845
-32768
-32698
-32758
-32768
-32612
-32767
-22928
-6209
3003
10094
18187
29816
32767
28956
21505
17620
9794
-3373
-13719
-21444
-27730
-27709
-24478
-18850
-10589
-1235
7555
17040
26758
32715
32767
32564
32767
32295
32767
23027
2281
-10152
-15613
-28994
-32768
-32319
-32768
-32545
-32768
-32768
-26339
-8929
4813
10896
16473
26016
32184
30565
22427
14443
7256
-703
-11809
-20683
-27148
-25914
-19663
-16091
-10332
-118
10888
19369
28183
32301
32767
32569
32767
32365
32767
21265
1311
-10284
-20418
-30372
-32768
-32292
-32768
-32429
-32768
-31701
-21555
-6311
6716
14302
18943
27017
30971
28911
22403
12935
5050
-4227
-15184
-23563
-27854
-26080
-20257
-15163
-8503
1883
12655
19673
26440
32185
32767
32470
32767
32233
32767
24709
2583
-12028
-20141
-29360
-32767
-32328
-32768
-32475
-32768
-30080
-20712
-7994
6824
15184
19819
23166
25872
27642
22412
11024
1867
-3140
-14270
-25284
-29185
-26290
-18503
-12819
-6525
2881
14944
22594
25860
31137
32767
32334
32767
32231
32767
27181
6673
-9835
-22079
-30597
-32768
-32665
-32768
-32757
-32766
-29636
-20125
-9374
3351
13659
18307
21947
25515
25618
19575
11356
3494
-3468
-12392
-24274
-29956
-26655
-19089
-12371
-5929
3097
12741
21340
24709
28765
32767
32436
32767
32511
32767
28107
9166
-9506
-21575
-29314
-32767
-32768
-32714
-32768
-32626
-28941
-19364
-9808
2156
13186
17356
19631
22874
23903
18670
10351
2713
-4350
-11501
-22766
-30586
-27900
-20096
-12033
-5775
3117
12110
20147
24090
27463
32729
32767
32711
32767
32546
31208
16544
-6036
-19107
-27062
-32305
-32768
-32591
-32768
-32643
-28909
-20536
-10531
997
11160
15806
19174
21441
21538
18242
12071
2876
-5159
-10617
-17943
-26181
-29430
-22514
-13092
-5366
2587
12301
20154
24347
27045
30888
32767
32445
32767
32422
31209
21255
1141
-14591
-25119
-31585
-32767
-32729
-32717
-32768
-30699
-23456
-13009
-2346
7926
14214
18257
19891
20846
18751
13569
7002
-1654
-8588
-14928
-20945
-28037
-27302
-18796
-9263
-615
8170
17063
22504
24546
26228
30724
32767
32502
32767
31519
27655
13372
-6875
-19492
-27978
-32084
-32767
-32544
-32768
-32059
-26881
-16991
-6443
3040
10953
14874
17772
17905
17337
14231
9170
1769
-6551
-13059
-18880
-22746
-26512
-24150
-16058
-5634
3483
11645
19918
22658
23924
26346
30678
32481
32767
32285
28609
24870
8315
-9393
-20640
-28603
-32237
-32768
-32198
-32768
-29453
-23921
-14217
-4303
4977
11082
14212
16608
15946
16110
11180
6703
-199
-8201
-14889
-19100
-21726
-24148
-21823
-14211
-2701
7279
14332
21137
24399
25134
25865
29019
31983
32767
32013
29641
24304
6004
-10843
-22674
-29256
-32425
-32767
-32446
-32768
-28486
-23411
-13327
-2917
5763
10518
14292
16030
14879
15023
10952
6991
362
-7475
-14315
-18821
-20072
-21912
-20480
-13127
-1844
6578
12825
19873
22620
23385
23331
25950
27890
30617
30718
27535
25396
11545
-7251
-20640
-27269
-32132
-32767
-32625
-32246
-28471
-24598
-14913
-4905
3838
9924
13588
15716
15188
15515
12326
8729
2943
-4488
-12330
-17147
-18394
-20149
-19410
-14886
-6055
3139
10025
16201
20722
21685
21491
22583
25139
28596
31084
29066
28680
19017
710
-15130
-24510
-29150
-32768
-32511
-32329
-29247
-27012
-20042
-9315
-974
5919
9957
13580
14279
14230
12937
10348
5761
-936
-8483
-15223
-17696
-18644
-20155
-17114
-8745
-122
6449
13200
18154
19742
19933
20228
23463
26160
29705
30561
29853
25877
9962
-8429
-21720
-27938
-32003
-32768
-32737
-31522
-28695
-25003
-14848
-4457
3983
8527
13348
16220
14950
14925
13488
10015
3432
-3236
-11280
-17222
-18610
-20274
-20458
-15626
-5770
2099
7618
14120
17765
17992
18485
21162
23931
27692
31395
30390
31098
24481
6594
-11985
-23050
-28205
-32768
-32768
-32404
-30285
-28520
-23453
-12623
-2746
4491
10018
15143
15624
15297
15745
13674
9352
2184
-5073
-12294
-16649
-18220
-19490
-19113
-13882
-4524
2942
9664
15033
17615
18035
18653
21587
25353
29391
32315
31946
31527
23054
3897
-13121
-23040
-29638
-32768
-32673
-32643
-30740
-28909
-22831
-11404
-1948
5094
11180
16236
17546
16816
16160
14024
8638
1157
-5634
-13188
-17954
-19067
-20374
-19800
-14420
-5159
2343
8443
13752
16844
18147
19195
22318
25399
29514
32719
32519
31560
23708
4994
-13908
-25280
-31086
-32768
-32657
-32768
-32523
-30289
-24149
-12422
-1577
5798
12036
17798
19012
17584
16928
14678
9347
1363
-7390
-15362
-19240
-20676
-21603
-20374
-14596
-5882
1250
7940
14425
18208
19801
21184
24218
27604
30712
32088
30784
29281
21690
1949
-16327
-27282
-32119
-32768
-32727
-32767
-31231
-27656
-21876
-9947
308
7842
14016
19636
20589
17860
16212
13616
7808
-838
-8380
-15095
-19947
-20981
-20481
-19471
-14953
-5887
2244
8829
15239
19467
21720
22417
25007
28571
31408
32494
30763
29091
21780
2541
-16063
-27276
-32342
-32768
-32649
-32768
-30465
-27151
-21776
-9494
1841
9447
15391
20624
21336
17731
15228
12764
7151
-1941
-10353
-16760
-21428
-22590
-21687
-19474
-14348
-5277
4293
11150
16733
21419
23837
24924
25989
28103
29886
30426
27734
26096
20797
2664
-17701
-29547
-32665
-32768
-32750
-32704
-29027
-24955
-20267
-8713
3401
10846
15175
19371
20095
16030
13326
10959
5872
-3754
-12230
-17668
-21733
-22750
-21164
-17168
-11355
-2712
5811
13308
19286
22799
25015
25572
25778
26914
29051
28976
24919
22807
17527
658
-19054
-29880
-32620
-32711
-32768
-32243
-27278
-23126
-18777
-7864
3439
10118
13474
17190
18536
14554
10655
8619
3720
-5136
-12676
-17962
-21469
-23605
-21701
-14817
-7114
311
7704
14775
19316
21676
23530
24511
24462
24051
24560
25385
22552
19676
17065
4585
-15409
-28465
-31744
-32596
-32767
-31168
-24625
-19711
-17019
-8768
2770
10373
12617
14979
16796
13852
9215
6824
3066
-5182
-13122
-18645
-21585
-22364
-18894
-11606
-4568
1819
8111
14994
20094
22613
24021
24826
23574
21687
21844
23103
20680
18071
17102
6331
-13559
-27845
-31191
-31207
-32758
-30623
-24156
-18923
-16316
-10330
1086
9004
11478
12574
14332
12309
7475
5147
2498
-4214
-12894
-18596
-20296
-20307
-16750
-9389
-2573
2651
8074
14475
19428
21786
22593
23256
22432
20883
20804
21499
19487
16756
16917
9494
-9140
-25195
-30266
-29957
-31253
-29379
-23045
-17389
-15318
-11228
-864
8077
10819
11452
12838
10991
6468
3828
2124
-3152
-10667
-16646
-18139
-17634
-15407
-9318
-2365
3167
7381
12901
17837
19977
20346
20426
20472
18610
17903
19584
19689
16676
15690
12690
-1839
-18990
-27155
-27534
-28360
-28907
-24560
-18694
-15477
-13284
-5858
3753
8502
9221
10332
10779
7098
3556
2520
-206
-6855
-13649
-16840
-16690
-15535
-11378
-4536
1635
5646
9855
14868
17662
19252
19909
19829
17656
15736
17032
18417
17045
15577
16854
9670
-8475
-22884
-26900
-26060
-27503
-26464
-21170
-16692
-15161
-12107
-3121
5022
7306
7664
8816
8032
4389
2387
2236
-1481
-8380
-14056
-15771
-14967
-12191
-6521
-687
3779
7363
11832
15978
18107
18911
18808
17760
15846
15816
17390
17676
15571
15592
13854
1170
-15221
-24716
-25713
-26094
-26285
-21927
-17197
-15440
-15241
-8826
505
5141
6141
7492
8089
4675
2200
2478
1064
-4094
-10311
-13817
-14277
-12189
-7998
-2809
1615
4576
8379
12726
16027
17628
17914
17079
15064
13892
15070
16891
16641
15717
15919
9614
-4328
-16760
-22042
-22506
-23241
-22451
-18808
-15727
-15598
-14043
-6887
-190
2738
4535
6280
6058
3940
3328
3132
585
-4141
-8196
-10407
-10563
-8246
-4499
-835
2053
5155
8782
12277
14513
15825
16492
14921
13151
13176
15332
16526
15178
14486
14939
8058
-5733
-16165
-19987
-20613
-22153
-20933
-17447
-15809
-16375
-14209
-7379
-1694
1066
3432
5020
4549
3452
3449
3318
976
-2997
-6704
-8351
-8317
-6178
-2636
-482
949
3418
7097
10270
12781
14753
15070
13836
12594
13337
15022
15354
14675
15270
15506
8439
-4267
-14424
-18411
-19582
-21089
-20193
-17787
-17242
-18432
-16590
-10428
-4274
-397
2656
4397
3960
3138
3184
3366
1958
-1058
-4155
-6278
-7112
-5902
-4100
-2053
179
2947
6288
9291
11883
13772
14421
13601
13006
14047
15667
15581
13703
12886
12987
7642
-2946
-12510
-17008
-18912
-20637
-19921
-17183
-16241
-17449
-16786
-12228
-6691
-2215
1754
4400
4631
3138
2854
3156
2329
233
-1917
-4083
-5567
-5825
-4667
-2157
1099
4613
7408
9267
10770
12678
14367
15054
15015
15036
14668
13264
11404
10701
11138
8646
888
-8209
-14652
-17537
-18181
-17103
-15014
-14565
-16049
-16416
-13355
-8565
-3605
552
2982
2772
1008
645
1499
2349
1612
-572
-3062
-4995
-5649
-4152
-1056
2284
5149
7416
8703
9593
10383
11699
13193
13873
14087
12735
10640
7802
6202
5793
6147
5353
576
-5569
-11859
-15341
-15254
-13425
-11470
-10504
-11081
-12887
-13376
-11057
-6622
-1743
1567
2021
866
-152
-129
58
692
665
-757
-2657
-3580
-2609
-23
3496
6454
7327
7306
7349
8854
11071
11946
12180
10279
8084
5801
4209
3025
1979
1548
1292
741
-800
-3979
-7647
-9344
-10140
-9657
-8277
-7029
-7059
-8053
-8927
-8592
-6814
-4355
-1497
15
-784
-2745
-3628
-2997
-2092
-515
832
1346
1141
1211
2603
4899
6827
7301
8234
8557
8989
9167
8668
6970
4150
2545
1925
2185
427
-869
-1389
-1601
-1059
-658
-740
-2677
-3484
-3728
-2886
-2430
-3012
-3527
-4093
-5029
-6899
-5714
-3745
-2006
-1196
-2413
-3960
-4649
-4123
-2904
-596
929
2802
4263
3822
2408
2912
4944
6373
6093
5583
6719
6917
6334
3011
240
-352
-637
-710
-900
-191
144
157
869
566
97
789
-1177
-2780
-2702
-1831
-646
-361
-1256
-3873
-4636
-2779
-776
-1156
-2259
-2516
-2058
-1568
-2271
-1636
616
2098
1374
118
0
954
2145
3969
4828
2402
-251
-623
-90
-268
-787
-621
930
1376
545
-1915
-620
1666
2585
373
-1263
426
173
241
-849
-617
-1717
-2397
-1873
-1004
-1742
-3043
-2614
5
913
748
425
-287
-281
378
883
774
1371
-458
-916
-1172
660
1886
810
-1497
-1689
457
1270
512
-966
-829
-625
-439
892
2201
1792
271
183
-102
714
562
-1011
-1488
-2032
-1549
-2081
-1263
-2307
-966
1039
924
106
715
1461
2175
2512
1995
2102
1415
328
-1880
-1627
-47
1787
934
145
-1025
-442
145
1138
580
52
1024
479
137
47
1377
1140
549
-1172
-1758
-355
-581
-760
-97
-772
-1759
-2276
-1034
44
1858
2080
1023
1335
1545
1603
2427
1959
122
-915
-607
203
175
-559
-1728
-2253
-684
1390
1032
1277
1090
450
-873
585
1097
818
1557
-168
-1430
-876
-419
-1026
-712
-2325
-1737
-1517
-593
-598
733
568
-2048
-1747
-990
1294
2166
1960
-1104
754
1171
-725
-1263
-801
-1325
-785
-1094
-2334
100
479
-746
-1308
1063
703
1431
1285
1276
1592
2076
927
-851
-445
-752
321
-957
-347
-156
758
-1523
-2913
-2460
-1058
1200
358
1238
-220
-477
990
2772
94
41
-445
-1021
775
137
-2251
-2150
-1114
-2594
-284
196
-1452
-77
1581
1889
982
-407
-103
1730
3673
1511
380
15
-285
36
1283
-264
-2164
-2155
-1046
-103
125
-378
-642
-961
-1496
1713
2579
1430
1405
1671
623
455
622
1381
217
-1219
-1453
-846
-1173
-1692
-868
-185
-695
-81
679
-188
1623
2406
2205
1900
589
18
262
262
-26
-61
-260
-1627
-1474
-428
295
617
-91
-1384
-960
474
1010
1076
1594
921
1478
2163
703
-425
-1235
721
442
728
-1352
-1954
-1940
-710
1164
-316
804
-1679
-415
326
1918
1498
650
693
-402
809
-741
322
-1103
-858
196
727
-486
-1498
-1430
-1171
1080
-140
-807
-54
1167
60
656
-318
-835
-109
838
-201
-263
689
-804
223
-1182
-1555
-1264
179
-506
381
-459
-889
-708
71
2088
654
175
47
878
-762
-863
-1291
379
942
193
372
-890
-1187
-1055
-950
-1292
399
-207
-568
-364
-456
115
1662
2118
1007
-181
-1759
-246
815
1912
632
-709
-1473
-874
-498
-985
-275
682
936
725
876
827
1095
-182
985
1088
204
-454
173
-49
280
-383
-300
878
547
-532
-1255
-773
-350
348
-52
857
-647
-918
3
1000
-446
-1248
-124
-177
1488
507
-1208
-894
-577
-527
2396
1136
-2092
-269
-72
486
849
1170
2011
1010
71
423
728
335
282
-576
-1582
-330
308
573
312
-221
-986
-1268
-325
-617
275
231
-308
-871
-1291
-481
561
377
437
81
564
-4
-762
383
155
-304
291
789
-1361
-1809
1
28
-323
-845
-1044
302
1795
-362
-1164
-321
-149
-111
-236
-504
214
1716
-895
574
-394
-417
-460
-347
-715
-1191
136
-396
123
-1000
-104
1428
3317
1617
274
-902
-710
1612
628
-401
-371
-397
975
2398
2018
-766
-1806
-804
1321
884
758
444
1109
1765
1021
371
-1109
-1554
-2702
-52
2384
2340
-211
114
-1236
-1172
-696
-1329
137
350
-634
-454
1763
1447
-757
-1246
130
864
1829
285
-2486
-1537
28
719
918
-2503
-3060
-984
1978
2187
271
-1620
-278
1327
1785
842
-2331
-1697
248
1741
-648
-1841
-753
1205
391
-978
-634
997
2409
-109
-2437
-2229
770
1152
-366
-643
-938
427
1163
1524
583
-1182
-1234
-854
-83
1
225
1541
2103
-511
-1908
-515
1243
1046
-822
-2358
-1024
946
1377
319
-705
-735
-1187
-1442
-1438
-61
1239
899
-1425
-1993
-1177
-779
-752
-1459
-2051
-947
1332
2651
3028
2208
769
449
-138
-1017
-1513
-1734
-1214
81
1466
1825
1361
-305
-1942
-2662
-1052
1367
3349
3430
2319
642
-302
-602
-1307
-1355
-1108
600
1475
999
