-4037
-5173
-3961
1176
9095
17791
16609
8486
2232
603
4613
10785
15802
12673
3591
-2777
-3551
924
7285
13507
17010
15960
14410
12374
13016
14841
16752
21970
20465
10505
-19490
-32768
-32509
-32498
-32768
-12813
28395
32366
32767
28530
14925
9563
4915
-7869
-27156
-32768
-31665
-32767
-17418
22434
32767
31872
32767
18373
-482
-9926
-16741
-24413
-32307
-32631
-32768
-20170
13236
31914
32767
30673
12141
-6445
-12356
-9976
-3694
-2221
-2709
-3248
3501
12849
17848
15742
7955
-992
-4481
1063
10633
15881
14413
9136
2156
-2686
-2550
3808
9303
13149
14799
17471
18407
18693
18130
21110
22108
22253
-586
-31311
-32758
-32768
-32768
-29575
12426
32767
31409
32767
19662
13507
10386
6417
-13485
-32396
-32768
-32656
-31204
5497
32767
31354
32767
26364
5550
-6621
-12475
-19472
-29358
-32768
-32283
-32551
-7384
26814
32767
32767
24345
1883
-11633
-13863
-6417
-1764
-2348
-4217
-730
8465
18952
23665
17347
4914
-5364
-6498
361
10897
16281
12243
3944
-747
-145
4431
9911
14344
14373
14864
13040
14520
18414
22812
26691
22794
-2736
-31270
-32768
-32768
-32768
-30472
5068
32767
31860
32767
23402
15219
11623
4356
-16883
-32580
-32768
-32551
-31847
1025
32378
32229
32767
31257
14477
-1995
-11479
-23723
-31938
-32767
-32437
-32669
-9751
24471
32767
32767
30110
11041
-6923
-14229
-12900
-11306
-11082
-8792
-3645
7093
19486
26711
23382
13718
4115
-1247
-364
5394
8791
6146
-90
-2004
-1752
3887
10894
17361
18033
15159
13453
14328
16891
22280
25675
30551
10098
-29074
-32768
-32767
-32287
-32622
5198
32767
31512
31558
17792
16317
13165
14220
-2758
-29331
-32768
-31671
-32768
-8951
29350
32767
32767
31083
16214
4843
-3918
-13019
-24530
-32768
-31854
-32768
-22130
15522
32767
32004
32767
21324
-74
-8476
-8291
-9792
-15442
-17419
-14421
-3382
14909
30087
31702
21430
8814
303
-958
2934
6534
3163
-2998
-6907
-5520
-848
5953
11950
11723
7723
3992
2906
4252
4381
6170
4854
4101
6627
10593
11653
8492
-663
-23859
-32768
-31821
-32767
-25834
-4280
15729
21590
16038
13386
14227
12397
5540
-3694
-21221
-32717
-32768
-23352
-3428
11674
23151
23823
16227
8323
4302
-816
-7548
-11705
-14759
-17362
-13109
305
14236
20056
20187
17059
10019
2428
-1562
-1802
-4656
-6685
-5722
-1777
2900
9997
15749
15183
10266
4165
-20
-4740
-6949
-6649
-6552
-3212
2583
9396
12459
12839
11392
8052
5036
4057
9811
9582
9508
11470
4789
-12104
-29564
-32768
-32525
-32768
-28151
-14806
-2962
5857
16913
23491
22339
17165
7578
-7722
-22802
-28264
-25438
-18758
-8065
5546
16095
19208
21007
21727
17480
8409
-826
-9650
-19157
-21804
-15391
-4621
4607
12297
18828
19994
16478
11360
7092
1034
-6278
-10808
-11419
-7910
-1953
5668
10982
11989
9481
5172
2171
508
828
969
-22
-1071
-1358
-329
1732
2940
-793
-8170
-16670
-22832
-23043
-17904
-9836
-2513
2400
4744
5066
5169
5362
3471
-1874
-7842
-11898
-13678
-10674
-3268
4630
9632
11787
13190
12769
11584
10467
8949
5645
1550
-211
-243
864
1910
2988
3570
4276
7537
11313
13481
13564
11951
9533
6697
2406
-4165
-12294
-21494
-29751
-32317
-26866
-16106
-4417
5331
12972
17477
19025
17770
12951
4454
-5755
-14957
-22018
-23698
-19661
-12646
-5211
1232
6671
10864
14406
15983
14438
9626
2260
-5780
-12434
-15029
-13923
-11024
-8308
-6144
-4039
-1268
2214
5347
7196
7899
7943
6684
4946
3550
2228
459
-1853
-3476
-3696
-2763
-264
3136
6046
7951
8971
8053
5307
2865
1091
-22
-1007
-1466
-883
-841
-1194
-1307
-464
983
2227
3232
3233
1609
12
-68
1188
3187
5331
6511
4804
641
-4242
-7328
-8900
-9764
-9825
-9668
-8853
-6902
-2672
1858
4058
3372
254
-3569
-6830
-7264
-5283
-2721
-488
1054
2931
5153
7364
9047
8808
6275
2813
-120
-1587
-1476
411
2631
4020
4466
4087
3862
4008
3492
1953
405
-661
-1059
-351
1243
2134
1564
650
-32
-314
672
2331
3843
2923
-472
-3529
-4961
-4931
-4617
-3858
-3751
-5051
-7880
-9696
-8644
-5998
-2673
-42
1851
2037
580
-1111
-1913
-1085
-50
259
11
-618
-1065
-669
1010
3119
4123
2751
-740
-4588
-6343
-5299
-2018
1969
4735
4878
3363
2849
3082
3919
4092
3160
598
-2698
-4210
-3205
-164
3117
5680
6881
6232
4018
1789
1097
1065
75
-992
-1623
-2147
-1951
-145
1755
2448
2719
2565
875
-861
-1376
-1494
-2133
-2579
-1748
-1122
-1239
-1232
-638
-578
-931
-1068
-493
-731
-1409
-1306
-1503
-2505
-3661
-3515
-3128
-3173
-3004
-2282
-1914
-2350
-2391
-1552
-673
859
2537
3292
2537
945
-147
-239
1239
3387
5019
5020
3927
2818
2974
3835
4676
5304
4696
2976
1359
916
1705
3173
3507
2257
488
-903
-1892
-2519
-1655
-392
19
-211
-492
-630
-1269
-1268
-1032
-1611
-2470
-3154
-3635
-3974
-4132
-3944
-3456
-3039
-2412
-1505
-680
-444
-673
-1244
-1815
-1857
-1605
-1182
-1413
-2151
-2575
-2184
-829
777
2225
2596
2266
1662
807
216
-97
196
452
243
-62
33
1338
3034
4284
4937
4922
3964
1827
25
-772
-954
-574
224
1138
1699
1857
2012
1939
1601
1033
141
-1186
-2427
-2960
-2279
-780
95
564
742
661
242
-234
-620
-1305
-2092
-2981
-3089
-1691
-79
763
864
264
-398
-1032
-1172
-778
-1124
-2192
-2867
-2446
-1122
429
1718
2026
1118
-360
-1104
-834
-263
247
634
799
310
207
792
1155
1254
771
-156
-973
-1042
99
1275
2358
3089
3076
2865
2596
2362
1260
-209
-1068
-1639
-1294
19
1577
2375
2260
1833
1159
740
207
-531
-1974
-4110
-5674
-5260
-3247
-1651
-541
407
1014
1141
1667
2592
2122
480
-1261
-2557
-2978
-2643
-1680
-961
-981
-1261
-1152
-391
514
1205
1561
1400
756
93
-71
288
435
-377
-1375
-2091
-1790
-649
1203
3434
4512
3685
1941
1115
217
-529
-948
-1315
-2171
-3055
-2743
-1094
1182
3292
4409
3883
2586
943
-183
-827
-927
-1036
-1409
-1708
-1452
-650
727
2285
2860
2143
409
-1140
-2077
-2761
-3214
-3097
-2698
-2192
-1829
-813
560
1459
1884
1683
764
-654
-1614
-1896
-1676
-1188
-557
151
669
837
496
148
36
-34
252
720
927
623
565
802
759
547
383
390
451
312
353
803
921
584
11
-228
-19
448
889
821
456
-4
-164
74
820
1392
1378
728
-184
-927
-1321
-1025
-664
-426
-697
-487
244
916
1253
978
393
-917
-1961
-1567
-1121
-1577
-2159
-2114
-1476
-623
718
2183
2755
1899
613
-299
-678
-1157
-1355
-1245
-1169
-702
349
1734
2228
2075
1251
-79
-916
-1382
-1310
-582
87
587
440
715
1419
1743
1552
931
218
-688
-943
-518
-8
-10
-119
-13
418
769
953
745
-48
-867
-1162
-549
545
1448
1590
954
182
-312
-374
-121
186
282
-210
-735
-675
-358
-503
-634
-756
-1150
-1577
-1376
-801
-280
86
88
358
635
815
269
-609
-1143
-1394
-1251
-832
-193
290
637
923
1348
1721
1662
865
-111
-995
-1749
-2098
-1679
-565
446
1405
2053
2383
2073
1741
1407
829
255
-124
-448
-1222
-1887
-2256
-1794
-1210
-391
305
798
838
635
650
608
805
388
-116
-1010
-1897
-2298
-2031
-1198
-388
505
1640
2273
2457
2661
2204
839
-996
-2546
-3456
-3492
-2949
-1530
-199
704
1324
1762
2143
1855
1042
-219
-1119
-1367
-1519
-1374
-902
-250
271
643
1228
1517
1155
293
-472
-1107
-1248
-1180
-631
49
401
1053
1481
1421
949
333
-106
-71
-63
5
188
415
187
-229
-87
60
-100
-333
-517
-672
-517
301
1065
1452
1163
264
-923
-2036
-2144
-2138
-2066
-1915
-1419
-508
1115
3188
4362
3962
1663
-1024
-3194
-4494
-4311
-2983
-1423
-307
773
2259
3615
4229
3974
2714
628
-1607
-3064
-3160
-2459
-1059
569
1963
2887
3362
3326
2764
1595
-115
-1611
-2724
-2918
-2078
-652
364
983
1456
1592
1382
888
382
-431
-1185
-1529
-1475
-783
-130
-273
-674
-948
-997
-716
-309
32
213
369
783
1119
1037
854
175
-1071
-2237
-2383
-1898
-1246
-96
1032
2221
2943
2948
2805
1870
306
-1154
-2126
-2607
-2438
-1508
-205
1044
1817
2165
2076
1679
915
144
-688
-1356
-1522
-1109
-222
535
1286
1718
1795
1617
743
-506
-1572
-2093
-1877
-1271
-511
465
1059
1037
787
488
338
74
-276
-826
-1387
-1291
-743
79
435
408
100
-578
-1088
-1469
-1233
-642
-171
-7
235
486
358
127
-222
-644
-1133
-1411
-1179
-471
291
1181
2195
2620
2319
1580
662
-481
-1622
-2115
-1844
-1322
-513
487
1764
2726
2681
2159
1370
265
-981
-1753
-1853
-1630
-1327
-598
309
1324
2178
2379
1667
506
-885
-2333
-3090
-2979
-2193
-1451
-656
-94
-28
95
147
280
172
-484
-1348
-2172
-2236
-1628
-446
609
1123
1396
1458
1470
1730
2108
2317
2277
1669
880
417
344
93
0
-163
-467
-435
-449
12
912
1566
1602
1027
201
-691
-1390
-1521
-1267
-1172
-1405
-1121
-401
143
926
1756
1930
1256
168
-630
-955
-1028
-825
-634
-335
-148
-66
583
1330
1572
1023
112
-808
-1432
-1775
-1712
-1143
-620
-429
-527
-391
54
455
493
267
-481
-1016
-1271
-1076
-745
-359
97
233
229
236
525
489
380
82
50
207
416
316
134
-103
-379
-498
-301
88
346
839
816
782
1020
1214
1176
930
538
118
-438
-585
-299
-59
377
518
449
449
634
579
300
-174
-891
-1326
-1382
-1129
-517
115
204
340
599
873
940
432
-207
-1089
-1675
-1650
-1397
-731
-138
-18
-30
208
523
782
729
465
-89
-736
-1008
-837
-472
-219
234
432
447
647
1127
1515
1252
690
451
211
-121
-487
-356
-374
-453
-374
-276
18
399
939
1042
1041
701
326
-99
-193
-369
-734
-898
-805
-436
68
799
1476
1423
967
604
-178
-816
-1474
-1654
-1559
-1342
-655
-53
322
848
952
961
920
422
-221
-1085
-1546
-1720
-1468
-1016
-427
406
788
876
1140
1006
776
383
-160
-719
-1379
-1666
-1458
-762
310
1272
1615
1263
974
591
783
742
505
-36
-895
-1133
-989
-235
360
985
1217
940
70
-123
-385
-15
-207
-68
-728
-568
-916
-478
-282
4
11
183
-39
-9
167
-264
-248
-937
-522
-1439
-207
-991
765
-1594
1898
-6730
-1140
1974
-2493
5142
-1356
4068
-321
650
598
-230
369
426
1251
-2765
1636
696
-1612
691
428
-280
-589
543
-3856
-8128
-955
-14955
-730
-1417
4752
10323
-3727
12528
-5403
10005
925
2359
142
-1303
5339
-6732
5259
-1865
2960
-876
3466
1313
148
1515
1544
-1372
2841
-398
2446
-2155
1843
-89
-3327
5171
-7185
5321
-3725
4338
-4213
180
1711
-2089
4345
-958
3932
-4383
1840
-2078
-2059
-974
370
-1606
-2041
346
-2321
-382
2134
244
1298
-1269
395
-2430
-884
-885
-503
-1161
-1526
502
-3012
4339
-1385
2832
-542
479
-567
-158
-297
-1439
-298
1308
446
-833
-908
-456
1440
-510
1398
-1021
2731
-1740
827
-2613
256
667
-1923
-1126
-25
1404
-1234
688
-2126
721
-244
590
380
619
1792
-455
-11
-397
-1631
-134
-737
-351
1208
-310
1041
-769
337
440
-550
1771
-1092
-126
-1498
-203
1593
-1241
1489
174
-548
968
-141
-617
-19
74
257
-999
-20
-1651
-345
-932
1172
-20
-645
2323
63
2060
-725
1032
-828
-452
-1788
-505
-1135
1096
1398
-180
2939
-733
2246
-865
1006
265
-7
1346
-3163
-49
-1089
42
346
-1693
922
-100
377
327
-1275
790
1068
-1048
1033
-707
-25
-790
-885
43
-421
1677
-1178
1164
-211
-281
256
1034
-2029
-1298
-21
-1659
2338
-1087
2475
515
-536
29
-1276
266
-1534
2240
-545
-2386
343
770
336
2088
422
712
-655
17
-111
-1414
308
-1486
1068
-2530
-431
224
1923
-50
496
911
70
-578
14
248
-360
469
-1215
400
-1629
2785
200
889
-566
988
760
-596
4
-1033
934
447
-1826
760
-251
-145
1023
-563
1132
-1299
729
-1002
1070
-1305
3192
157
-1685
-680
-2379
930
-366
-221
1160
-57
-161
982
-688
1305
-1164
1638
-1658
1242
-1700
-164
-356
-1596
1065
-1724
2310
262
1188
-51
430
487
111
-459
-431
1173
-281
-1054
1312
-877
954
-342
-217
921
-839
768
50
139
-1101
-895
78
-510
799
-135
-794
-176
222
1040
24
604
1413
-281
12
1597
216
-73
460
-318
502
-1506
46
-7
-1464
1803
-1617
2212
-1862
1121
-1741
375
504
-589
1199
-1089
1297
-478
2213
-1559
2098
-3456
611
-1879
-135
895
-1893
667
-678
2811
-1769
954
-915
567
1846
-1127
-566
-24
-452
-1804
1089
-443
1246
1263
-1587
1782
-212
-31
911
410
716
-971
-605
-671
-97
82
-637
1085
1012
-1332
328
-1197
1827
714
-148
-709
-322
1031
-926
1477
-2022
684
-1143
-1416
-1427
-328
1499
1246
806
-524
-561
2600
614
843
-1050
-1098
639
-2595
666
-1304
652
1081
622
118
-864
-311
743
-1325
-104
633
-22
-323
654
-4
1830
95
382
998
-131
328
-1232
1629
-1529
356
-154
-385
-925
463
95
44
970
-1127
-699
-314
712
90
249
17
1144
-1310
-1057
47
641
657
880
-700
1545
-3
-550
788
-1355
1504
-1200
-103
-1227
2447
777
801
-1354
-2574
-1066
-1926
386
66
1534
-2166
1851
-342
107
161
1069
-1313
-133
-662
-121
1010
-1734
2222
-2440
2602
-989
847
-894
-1468
197
-1688
2175
955
-173
947
32
-1654
422
-1036
729
-1250
696
-511
207
1688
548
1112
-919
819
930
-542
1852
201
-1849
-1413
-1086
-13
-1260
1298
-85
737
705
1695
348
-1025
-448
-1114
83
-567
-497
-2822
848
1836
356
-504
761
1076
336
488
-1786
-633
-1461
262
-1149
-1783
825
1051
-215
152
665
345
395
583
990
-2130
-669
-1135
122
1725
387
-2166
922
1257
489
-1020
599
1087
-121
1221
-2863
710
-529
1120
-622
-874
749
844
-1104
-169
-217
-720
1969
-106
681
-747
1834
-660
522
-806
-1298
939
-1229
-802
294
168
6
-100
-302
3320
-77
951
-222
-581
-1052
1881
-2
-1850
495
-3256
1007
-1312
1559
-572
886
1003
-1913
1567
-1159
2752
-101
806
319
-1843
1275
-1169
1322
-1803
1108
1092
-1520
-967
-360
1318
-789
2822
-1290
-555
446
763
-1047
190
-1258
1691
-1079
-568
1560
-2887
2416
-2897
3953
-2620
2302
-515
-355
1243
-3028
2979
-2050
1299
-617
596
-723
2694
875
-1318
-1002
-955
-335
-1070
-608
-2097
-151
