-1773
7731
-8021
-5473
13974
-9678
4173
2526
-5693
5193
747
5395
-6048
9862
-9345
3868
4801
-9116
3399
-770
-7062
3825
5403
-1167
271
-5126
5970
-1859
-8496
4773
-1956
-7999
3409
2712
-4258
-1021
2513
-2064
2812
52
-2240
-2461
5547
-5963
-2308
1805
-2397
609
-4455
7766
-2888
3390
-1171
499
4380
1331
1683
-1530
-412
384
-3635
3139
-290
-3386
3597
-1907
2640
281
2214
-1218
2511
-2142
2570
-1200
-2608
4595
-6617
3195
2962
-2152
2812
2866
-2803
4094
2054
-4956
2149
-2201
-448
-1360
-1906
1324
1450
-4
1243
1609
-1063
443
-2138
-1541
-1266
-2946
-2128
1276
-1121
-825
850
-271
1305
2094
-1163
-577
2470
-3438
443
-2394
-2453
4000
-1857
27
1648
176
2099
4908
-2846
3574
980
-2840
4471
-3465
-1031
1001
-2587
3635
783
-1796
5372
-1257
-1243
1277
4767
-2848
-137
1137
-3522
2790
-1719
-2377
1090
3017
-1006
2368
-1668
1891
1944
-2305
335
384
-2055
-343
2469
-2349
-729
-490
2235
-705
1925
-2623
277
-1
-1671
219
-2718
661
-2491
-658
-388
730
-244
784
1478
-61
-2674
2319
-2062
-1026
-1282
-1924
1631
-1144
851
-1410
2394
70
1114
2141
1121
-1764
1526
843
-2675
-1603
767
722
-626
409
-896
2192
-468
819
673
-1734
17
946
-210
-2389
-1274
1233
-2994
4252
-148
-249
3096
-2749
4253
-2860
601
3266
-6466
-882
3034
-3005
-1046
-1028
-1210
-288
1929
-1830
-684
713
-1366
1278
-3308
-810
-782
204
3735
-3622
-1455
8526
-324
-5280
4045
-1357
795
4715
-7181
1237
1959
-107
-1842
2874
1428
-2200
2900
26
360
962
4086
-8786
4238
1774
-7447
1428
553
-1366
233
3367
-2316
6822
-2524
-2809
1691
-2046
384
3347
-5747
-2285
7371
-5428
2657
-882
-311
-1004
4103
242
-6169
3326
4103
-6230
-3462
12797
-8079
-3679
4852
960
-3882
2793
7884
-6542
-2091
6425
150
-4032
4186
-1180
-5146
1185
5850
-2003
-3999
2259
5616
-2874
-2018
4195
-432
-6778
23
5031
-6419
578
3491
240
204
3025
-1181
2021
5751
-4160
-2519
2728
2597
-2593
-4392
1492
-787
2434
3014
-5371
-1044
5864
2377
-3561
-1507
3463
-2878
-2542
1085
-507
-3708
-1345
2427
-2044
1791
-877
1459
-2198
-1494
-2878
3141
236
-5004
9193
2086
-8497
-122
11493
-4563
-4053
6475
-406
-3586
-2120
5863
-5624
-3987
-171
1938
2536
-8251
2744
5603
5115
-5794
-421
5699
1870
-7458
-4375
9608
-2154
-6581
591
5470
-2983
-4807
7257
-3399
-7223
4193
7096
-7695
-4380
11433
-1725
-999
-2297
5688
884
-7877
564
9171
-5498
-8104
9915
1438
-8972
-3344
9732
-2815
-5146
2341
5815
768
-5212
3303
4684
-6121
-866
6791
-1829
-11206
2776
11512
-9691
-4313
10099
8746
-11545
-3737
19076
-1833
-10651
8741
10309
-8076
-4071
10886
7076
-11514
-1398
11192
2203
-7725
-3979
8515
-2842
-4807
-4114
2784
1210
-9805
-6495
5205
87
-10909
-2965
1875
-2953
-10245
-2837
4743
-4985
-14478
1967
5196
-7791
-10070
5211
5232
-7587
-483
8268
3540
-4752
6257
11397
3174
-591
8195
11791
4887
2350
10774
13056
5100
4842
10113
12566
7431
10284
15336
14255
7183
7429
16835
-4014
-13858
3781
-1931
-23719
-26567
-10619
-21045
-32768
-22696
-19291
-26488
-24479
-13907
-12975
-13009
-3187
-1755
-332
1924
4595
7445
4601
4329
4165
8955
634
-412
5558
3528
-1692
-799
5250
3309
1749
2813
7913
11364
10069
8571
14598
18925
14011
13343
22441
23799
16400
17992
25536
25079
16191
13307
10906
-6870
685
-371
-22671
-25321
-18186
-20393
-32767
-26405
-23787
-32453
-31831
-19562
-13862
-23351
-5002
-764
-2922
4263
11186
12979
6972
16069
12735
10930
8944
1247
-2667
2981
-1896
-13541
-9503
-4037
-9206
-14483
-1604
-2432
-6446
1185
7403
6590
6497
16706
14956
15533
17417
16992
19347
18226
18033
16554
23792
20613
15719
21726
22556
15531
5103
-2962
1164
-62
-19447
-24750
-17584
-23018
-32768
-30986
-24805
-30370
-32767
-25425
-14774
-19630
-11192
-1054
-542
4651
7097
12809
12272
13899
10716
12558
11659
6369
3742
532
-2342
-4996
-10553
-8207
-3827
-14343
-10925
-6254
-1168
-7901
-2143
8889
1409
7149
11645
16495
10694
18076
15838
14739
18964
16552
19882
15023
20148
19205
21025
20882
18249
17430
5287
-4701
5458
-4123
-22285
-22848
-15872
-24936
-32768
-26534
-27885
-32004
-31143
-18470
-17748
-17293
-6264
-3889
975
6030
8013
7388
12706
11855
7519
10954
10733
3519
1033
413
-4564
-1845
-9338
-13400
-8343
-3505
-11314
-10482
2208
-1868
-3697
4596
10301
6432
9289
14887
12440
16440
12523
10793
20082
16650
12383
15022
23654
16465
16477
23367
22794
13661
10967
4427
-213
2737
-17176
-19290
-18404
-22777
-32728
-29738
-23900
-32768
-31143
-23574
-17177
-20813
-13746
-3772
-3532
1326
1959
8213
11416
9717
7828
11453
13061
3135
7408
3701
-2989
-2769
-565
-13950
-14044
2762
-10391
-11159
-1967
4702
-2419
3041
11290
4259
11607
11891
12204
9577
15685
12493
9322
14790
13036
11458
9647
15757
14147
13656
16694
16678
18147
10632
12048
5029
-1139
295
-11864
-13747
-18539
-21177
-28656
-27412
-25324
-32767
-26553
-23655
-22976
-19370
-10669
-8595
-6590
2340
3059
7262
6664
10851
10371
9967
7092
8166
5749
-2061
3066
-4211
-79
-13699
-3142
2264
-10349
-4596
2429
7168
-7740
6448
9538
3426
5553
9148
10987
8575
14478
9106
7705
7017
8918
13042
9759
5758
12166
15238
5233
17065
17498
7046
12987
13119
7650
-2795
1775
-4449
-11371
-14878
-16435
-14802
-26139
-23569
-23671
-19425
-25543
-20804
-13179
-14980
-8096
-7914
-2046
-2262
2158
1383
6257
2404
3251
5390
4187
4290
1967
-4663
-10
13220
-9950
4956
5674
478
-1775
5933
3738
-2174
6581
-2108
11274
-1875
4315
2929
6416
1904
3293
8402
-2150
8619
-4841
10394
1268
9447
5467
3425
12663
6805
15537
160
20080
2181
8599
5144
2246
5175
-2151
1854
-8016
-1282
-12627
-3041
-13791
-10024
-10355
-11932
-12043
-12599
-7449
-12847
-6575
-10703
-4164
-6916
-4492
-2561
-1426
-880
-3062
478
-746
470
-145
1901
1668
881
814
1496
2177
891
2569
1813
537
386
897
1124
-1466
-1323
765
128
-1067
729
1568
1013
2240
2671
2842
2849
2730
3234
2777
1819
2410
2231
1596
2520
1895
2410
2458
1640
2424
1896
860
1287
970
-610
70
-837
-886
-969
-1742
-1199
-1903
-1360
-1428
-1511
-2168
-1517
-1339
-1947
-1982
-1040
-1020
-1348
-507
-236
19
-118
459
607
267
843
1392
256
199
-18
998
9
-184
288
-395
290
59
333
-946
-134
184
-417
-1122
-715
839
-956
64
491
147
503
1275
1442
116
535
1132
1025
63
-179
719
1265
177
-305
459
991
-484
601
-104
-484
456
-482
-66
-188
-46
-353
446
67
-333
268
-20
36
-196
-446
-515
-950
-917
-880
-1539
-1070
-500
-1457
-1183
-430
-177
-1055
-1202
-523
-870
110
-398
-820
-370
-509
429
551
150
-761
1626
1124
-176
670
321
1635
1001
308
977
1937
1524
848
1661
2182
1580
1726
1174
1482
755
38
381
166
-562
-890
770
-198
-299
29
20
449
-258
180
256
-67
-523
359
-777
-465
134
-582
-657
-270
-145
-784
-347
-1447
-920
-1272
-1995
-2220
-1591
-2410
-1663
-1172
-1156
-996
-352
237
482
-184
-320
1440
408
1390
629
394
1628
2240
763
1229
1679
918
1223
435
-74
-139
187
118
-532
-1054
507
-152
-822
614
1290
-186
135
1980
795
-361
653
924
-345
244
535
767
281
39
35
428
-357
-459
318
-542
-744
-877
-480
-1739
-1155
-478
-1251
-1915
-1088
-625
-1690
-1516
-932
-1068
-645
-1308
-1003
-768
-253
117
-428
667
941
1161
615
1632
1006
916
653
1042
1147
276
1049
747
-197
679
1650
122
210
727
258
231
343
-248
405
216
-492
-59
-5
12
-317
-266
-87
-167
423
63
-344
-645
296
-333
-827
-5
-461
-1058
-487
22
-1609
-1097
-500
-933
-2185
-736
-442
-1269
-440
-208
362
259
213
432
1245
569
751
1422
1464
702
620
854
763
-185
-253
397
-217
203
-145
210
-73
289
-160
-141
-43
-6
244
-105
357
-142
892
926
537
168
644
453
46
-165
-565
-390
-210
-698
-549
150
-467
162
-355
222
2
-245
-93
-591
-570
-482
-71
-606
-328
-74
394
88
154
567
560
98
602
486
-95
471
-212
384
-430
515
-200
-62
-977
-369
-952
-387
-698
-416
-510
-841
-8
-636
-423
-1009
945
-366
664
148
1790
-1081
2161
-746
2580
-3094
3670
-10233
-18704
11366
1817
4330
1892
-1067
3673
-21505
-433
14354
-1432
3025
-751
1375
-10942
-5421
5126
-16093
-19286
8720
-135
-3209
2299
18334
9886
6986
14136
7941
-273
3546
12403
-6191
2461
-5221
-1596
-5831
-2110
-5287
84
-8362
-2809
3781
-1169
6347
-6517
4068
-139
2883
-1124
9029
-4063
-2951
9314
-1712
6259
-2683
6044
1473
4024
-2853
4051
2559
-4405
3904
272
-2012
2124
354
-5529
2815
-4378
6073
-4159
-6215
2511
4178
-8293
774
4192
-231
-5399
-4059
11283
-3088
-3485
2232
3130
3661
-2233
721
3569
-2508
327
-2692
-1422
2332
4200
-2702
-1675
-3685
1654
-4083
-7431
6157
-50
-16792
-376
6214
-6846
-7376
10029
2451
-619
2091
-4847
19455
-10356
3848
-2344
8503
-8323
6672
-4916
-25121
12902
-26321
13100
-1266
8046
-6695
8679
8054
15217
11302
-10184
16421
-14668
4087
-2364
2468
-12055
7023
-8074
-2118
8419
-6522
-2573
3745
-2225
-5398
10295
-3785
9021
-9236
6986
402
-4459
-8913
11697
-8794
-2651
15098
-7057
-2623
-4210
13653
-24678
10831
-4192
-1739
-2584
5001
12310
-13561
6166
6477
-4399
-12659
20445
-13519
-1929
1900
2830
-1572
-14273
10987
2421
-5978
-5632
18768
-14647
-643
14975
-4179
-9247
-6787
21703
-9414
-6839
7293
12171
-9716
1897
10249
-8698
2641
-2805
14387
-7412
-9835
3497
-3243
-5491
8888
226
-11113
9342
-6714
3113
-3632
-4309
12402
-2691
-9484
1289
17608
-15792
-31
2154
465
1750
-2468
10043
-7289
8783
-8944
3700
-9181
2584
7196
-14471
6720
8171
-6521
-8732
20321
-12479
1095
-868
4306
-5658
-2841
14681
-7472
8035
-9612
14742
-17346
4088
15795
-14733
11844
1483
2095
-6648
17868
-2969
-643
-12517
6023
2306
-6918
7952
-11928
7890
-4815
14177
-17748
8177
4125
208
-10594
8065
-2766
-11193
11865
-13729
8977
-8889
9031
-6711
-9298
2551
17223
-18059
14837
4083
-5288
5491
-7168
1227
-6479
4929
-7003
1024
-7960
-2346
-10884
4135
-1386
18060
-15871
7567
1483
108
-5361
-1196
5627
-9476
16749
-20905
25064
-22167
11401
-919
-1318
1306
5040
3013
-7586
20129
-21308
18804
-12870
13682
7043
-7559
-4362
4181
-5963
-3923
12446
-11658
6687
-4785
5960
-11789
7969
-8159
381
1167
4914
6411
-12994
9069
-1437
-1913
-3533
11443
-11192
-653
-9381
5265
-9472
1677
2223
-7203
-204
-2723
13830
-5504
2897
1955
2097
-16095
19709
-9776
5212
8308
-8122
7203
-3870
1438
2170
-4371
-11894
31784
-14644
7526
4489
-10720
11895
3403
2268
2564
4831
-16058
16393
-15569
5484
-9591
-14957
9225
-8125
-6580
9406
1423
-15317
19022
-14762
9755
3752
-2158
-197
3021
-3751
1695
-1340
2082
17015
-19497
10556
-3720
-2174
-3417
4260
-11492
-971
264
-5953
1882
-17686
11703
-12208
2426
308
8574
-5895
5557
1076
-10750
12530
-10154
5949
-6856
8207
1719
7126
-3495
5408
4881
5202
6787
-4009
12680
-7267
8381
-1659
2462
7887
-371
9971
8115
-1855
-1600
14076
4
4675
-877
-3219
10242
-9570
4502
1511
-5868
-6265
3243
-13158
-6235
-6859
-15900
-6030
-10408
-9500
-15957
-6368
-13601
-3019
-14211
-6566
-6594
-9978
-8534
-2495
-4114
-10233
-1509
-2286
9974
4758
3293
6529
12841
1468
10795
8461
4600
10679
10640
9487
11201
14887
16278
24022
18384
28847
27396
23554
20742
22725
7838
18960
11609
5807
4325
-11677
-5531
-28909
-21472
-30862
-32233
-32768
-30999
-31077
-31724
-25801
-26180
-16027
-14461
-8643
-10137
-1453
-657
2372
6588
5232
4354
1319
15231
6228
369
13680
6204
5192
6134
7581
3495
3018
7914
304
3266
9461
3029
2200
10598
7706
308
7865
11543
8692
13764
19860
12318
17651
28849
22035
25546
22874
28287
14658
1066
17400
-11152
-18244
-8845
-25931
-32690
-29618
-28541
-32768
-32768
-27281
-24966
-29338
-14248
-14251
-17214
-8103
-5557
-8449
-3733
1222
2508
5387
10494
8486
12099
3215
15214
11803
-7550
25205
-4687
-21
12995
-3648
791
3268
-1578
737
792
-1391
9510
-8180
11402
7734
3521
19762
11431
14413
24023
21440
26854
31133
27949
32767
22285
20983
5440
9949
-10796
-14115
-9686
-32768
-26791
-32768
-29727
-32768
-30354
-32768
-27239
-30006
-20416
-20847
-18971
-11384
-14920
-2901
-6713
7429
119
11004
9008
14805
13642
17136
15096
12511
16941
4966
11941
2704
6054
-6301
-2008
-5669
-8084
-8159
-5951
-6011
-7131
2821
-453
2715
9348
15029
9416
22889
24888
24346
32767
32560
32767
32767
32717
30128
10690
18872
-2657
-18938
-5619
-30041
-30851
-31424
-32049
-32768
-32123
-32768
-31930
-32768
-28375
-25097
-30752
-15035
-14949
-14359
-5764
1357
3092
7794
13990
17983
15756
20492
26121
11900
24239
15434
7353
8184
2119
604
-10959
-549
-10357
-14099
-6896
-8050
-11378
-2017
2064
-3164
8542
11249
11460
17047
24803
27661
32343
32767
31846
32767
30981
32767
16468
21072
8401
-21049
-2390
-24698
-32768
-31911
-32768
-32210
-32768
-32196
-32768
-32269
-32718
-27152
-32768
-23532
-16811
-18941
-12637
2779
1343
8214
16837
20224
22668
17434
32767
13393
18059
23579
6085
7544
5642
-934
-911
-395
-15151
-11821
-7309
2174
-8308
-12031
671
1988
9767
10230
9294
16246
27363
30489
32767
31554
32767
31291
32767
24799
19144
19982
-17777
-1202
-12337
-32768
-25628
-32768
-31454
-32768
-31770
-32768
-31927
-32768
-31189
-32768
-27738
-19049
-22528
-14378
-1020
6398
3491
18246
25189
19028
27322
32169
26366
24487
18222
21848
1203
-5489
13122
-19848
-9520
580
-19260
-9851
-5953
-13074
-8709
-4398
-1575
-2941
1740
13857
8641
17449
31267
32458
32767
32401
32767
32315
32767
29643
23138
19126
-12956
-5477
-12051
-32768
-27903
-32768
-31624
-32768
-31970
-32768
-32126
-32768
-31599
-32768
-29731
-21431
-23243
-13283
-3866
7368
7541
17050
28099
28128
23745
31529
30728
18526
26431
17881
11249
-1055
3454
-4183
-15380
-5324
-9044
-14870
-10193
-7096
-12416
-7476
-4864
-1144
-3339
3825
11596
12765
21723
32415
32367
32767
32003
32767
31429
32767
25793
22602
2847
-18283
-243
-27627
-31808
-28662
-32768
-31843
-32767
-31916
-32768
-31870
-32768
-31664
-32767
-25329
-20123
-20650
-11053
10321
5574
11103
32657
23865
26423
29869
32767
18819
24636
14360
16363
-6632
-2126
9759
-32768
4322
-8523
-18292
-7226
-5507
-16823
-6783
-4131
-5399
257
-1220
17070
7107
26237
32249
31725
32767
31762
32767
31215
32767
21987
24838
6933
-20066
-3014
-23078
-32768
-29170
-32768
-31573
-32768
-31741
-32768
-31819
-32768
-31547
-32767
-28907
-21039
