2562
3087
1874
4358
3226
-1767
285
-3102
-7018
-6812
-8985
-11942
-12393
-11444
-10845
-11040
-8387
-3546
-3921
-124
3821
5410
7181
9229
6313
8287
6502
-775
-2611
-1107
-2728
-9399
-2691
-1512
-4023
-1830
1325
2035
1279
4294
5877
4771
8283
7497
9919
10430
10617
11255
10255
13023
13132
13826
16598
16836
16321
23414
11297
11666
6038
-3398
-17106
-27583
-19631
-31991
-32707
-30288
-32768
-31297
-27423
-16946
-9950
-5866
6596
6948
11342
15934
14075
12009
14688
13505
5915
10152
6040
6276
3221
3039
7590
750
4544
4199
1821
6254
3410
4547
2837
1364
-164
-4971
-6224
-6821
-10977
-13694
-11622
-13299
-12190
-10771
-7544
-4559
-2865
1498
4621
6206
9361
6483
12133
7171
1299
4911
-2986
-1368
-6561
-2571
-2985
-6322
1405
-2342
884
2026
1382
5094
2341
6437
5559
6891
9201
7734
9663
9773
10456
11925
12399
14252
15860
15621
19592
17282
18170
10260
5630
791
-18475
-24430
-23357
-30449
-32768
-30797
-32273
-32768
-25359
-16390
-8379
-4393
6733
11272
9315
18959
13581
11849
14704
11667
7053
5270
6336
4107
429
2686
5045
1209
3945
5030
3577
6501
5447
5512
4464
639
773
-5650
-7365
-8665
-12949
-14110
-14826
-14218
-12753
-11963
-7346
-3723
-1797
3547
5599
9128
11474
11328
8788
12415
5555
-1202
-891
-2604
-6329
-9565
-3174
-5257
-4494
-307
-1143
1355
2642
3148
2989
3980
7010
4174
6640
8840
9112
8505
9933
12570
11392
13594
13476
16827
19563
18848
20236
13468
13432
4171
-7008
-18355
-30502
-25742
-31999
-32768
-32049
-32767
-30301
-24993
-12176
-2651
458
12692
13725
13986
20471
15637
11122
12783
10066
3793
2027
405
2881
-3145
558
3955
556
6688
5256
4919
8536
6752
7201
2456
-89
-12
-8475
-10425
-12193
-14536
-15179
-16302
-14436
-10668
-9026
-2481
-555
3836
9179
10379
13082
13563
13304
8714
10453
1381
-4038
-4431
-6147
-10394
-9801
-4681
-6856
-2833
-148
-826
2011
3502
3317
1668
3482
6698
3254
6611
8104
8481
9323
10738
11641
13234
14625
14779
16603
22683
20302
16752
17356
11126
3482
-5992
-18316
-32053
-31492
-30370
-32768
-32129
-32740
-29949
-22423
-13138
2222
5008
14632
21035
12748
18361
19898
11688
5140
5631
4040
-1385
-4844
-1382
-1467
-1763
5271
3107
6018
11433
9966
10159
6918
9577
6442
-3112
-3410
-7526
-12176
-14759
-17222
-16681
-16389
-13250
-9742
-8698
-1316
5645
5242
10323
12599
15855
12765
12088
7688
4765
9148
-6860
-15641
-12221
-5282
-12534
-13897
-4820
-4092
1702
3940
1349
2390
7821
7804
-1366
1398
6160
5902
5516
6795
8819
10452
13866
11924
10904
16424
19083
18141
19879
21299
19098
10352
11201
-647
-11706
-22027
-32768
-32341
-32768
-32713
-32618
-32767
-24816
-14014
-7314
5658
9230
21236
24508
15691
16457
15997
12211
5061
-1704
-2074
-3284
-4726
-2410
-5141
-291
7793
7441
8778
9777
12420
14010
7121
7604
1486
-3257
-5010
-12219
-15678
-18154
-17583
-16222
-17168
-11787
-7139
-4911
3777
6761
10976
12160
15225
15788
13514
10091
10114
-1496
-207
-5061
-19841
-14097
-12256
-7092
-13670
-3429
-1532
-30
9671
5363
3094
3707
8784
3715
1100
5348
4368
7829
10194
9029
7876
12124
16652
12193
15438
16689
16906
17918
17619
17180
8218
8241
1693
-11318
-19377
-31782
-32768
-32454
-32768
-32266
-32768
-28056
-15874
-7196
5636
7089
14056
26514
21601
19560
15326
11098
10296
4157
235
-4317
-8413
-1319
-3765
-3321
215
971
7291
7394
9606
8444
5426
8963
5581
-339
-4110
-9357
-10584
-14459
-15348
-15633
-17688
-11115
-8478
-5496
-588
3627
8861
11859
14192
16014
12843
14422
7383
4945
5258
-10244
-14066
-16585
-11568
-12821
-9469
-7292
-10795
1978
6876
6070
3180
5028
7290
7021
9879
5435
3309
7505
10522
10312
7590
8914
7423
10674
12460
10154
11010
10820
13518
11959
9140
8488
4897
4486
-4124
-10054
-16494
-32118
-32646
-32692
-32732
-32768
-31051
-24638
-21005
-4129
9421
8359
14162
20313
22966
24949
23589
18755
8669
9013
9492
1155
-2834
-6788
-8856
-8578
-4616
-3308
-6619
-2693
917
3402
5256
5354
3365
979
1830
-250
-4355
-7596
-8600
-9996
-9590
-7279
-6109
-5870
-2466
1857
5737
8137
8246
7511
6178
8860
6686
3931
-1437
-6765
-7746
-6921
-4411
-5375
-5672
-5568
-2987
2449
4256
3975
2468
3644
6473
7861
8024
4242
4467
5210
7865
7106
5347
3340
2972
5323
6852
6793
4241
5301
4007
7135
5672
5078
952
-1415
-1497
1880
1383
-7777
-15622
-26741
-21312
-21225
-17464
-20282
-24777
-20509
-14139
991
4854
8112
8160
9509
15872
19599
20114
13949
8307
5225
3642
4145
1172
-3507
-9234
-11108
-9157
-5668
-3569
-4864
-6806
-5332
-640
3036
3529
1950
-701
-1212
841
1732
2324
-756
-1689
-2894
-1567
1133
2517
3061
2384
2092
2790
5705
5082
3528
1580
-346
947
-377
-608
-2077
-3325
-2458
-2137
556
294
941
-132
1232
3159
3906
3844
3108
3284
3429
4539
5043
3439
1883
1775
2304
3712
1938
557
-663
-918
300
-375
-1673
-2395
-2938
-2584
-3135
-3259
-1913
-1883
-2409
-583
-1131
586
1072
-3295
-4040
-4702
-3106
-2411
-2897
-2060
-4155
-479
480
1868
3117
902
2373
600
2213
922
274
-974
-3532
-4458
-3624
-4873
-4316
-4006
-5262
-3662
-3389
-1191
1545
1076
4139
3245
4043
5162
3804
6215
3350
5347
589
1754
1500
2268
2023
-733
-2837
-2607
-1418
-1612
-1665
-3219
-3439
-3284
-621
-380
67
-145
504
-827
1704
3037
4458
1270
3134
1238
727
3757
1688
3121
3573
345
2269
1799
3345
3094
966
38
-2995
-1497
-61
-1726
-3264
-1819
-6610
-4905
-4273
-115
1398
-661
-1001
-2455
-1467
4522
1818
3182
-1127
-687
1046
2050
5174
255
1592
-2298
-404
-498
1261
655
-1474
-3682
-3577
-3996
266
-2286
256
-4376
-4122
-1511
-5102
871
-3721
230
-2223
874
-1284
1132
3660
3392
3630
1421
1949
3357
4981
4502
4822
-773
1805
-1555
2620
-2503
-699
-2139
-4344
-1256
-4315
188
-2426
-1208
-1354
606
1872
3029
1438
3739
2964
3096
2473
3485
1266
1563
350
689
1443
21
-173
-2230
1428
-662
1915
-271
-769
-3980
70
-1986
1218
-598
-4328
-1002
-4818
500
-1429
-631
-2244
-3025
360
524
2474
2622
-1165
2056
2142
3402
1921
1145
304
93
1908
-1992
-1164
-4395
-816
-1562
-2387
263
-5003
340
-1370
180
-208
-1809
1386
-4843
843
-3339
-154
-283
-1539
-181
-2246
4845
1100
4394
820
2955
1709
1379
3223
-4746
68
-569
779
1316
-2390
-1502
-2908
-438
-1458
-3069
1528
-1995
1654
474
3646
2014
2409
1812
-1492
4148
690
4552
-1331
1066
412
1830
3032
116
-312
-1940
654
-2224
-752
-831
-658
-487
-2814
-939
-1537
-760
2715
-1831
-1728
-900
-211
1180
420
976
-142
-949
1943
698
888
2361
799
1453
814
1395
2288
727
248
-1292
-2574
-1384
-2740
-1932
-1512
-3030
-4081
-3143
-3137
391
-257
537
1937
-1359
2074
2394
738
192
-72
186
848
-6
1006
-577
1569
2842
508
1856
332
859
-1061
-2609
-1504
-5305
-1887
-423
-2705
-29
-105
2521
501
1363
2379
-817
883
2802
1721
1250
1137
1210
879
771
2225
-912
1066
1498
746
360
2215
3353
-2326
-966
-498
-977
573
-457
-2622
-4761
-4210
-1746
-2160
-1045
746
-1851
-1510
455
826
1239
1094
729
397
1043
3528
3144
587
-838
-2385
-1288
-80
539
-1550
-4752
-2713
-597
-670
469
-1751
-3844
-3200
-1908
606
-1314
-200
-1368
-2861
243
-289
936
1074
1997
3503
2580
3843
3629
2004
1150
2652
3682
1714
657
-146
499
261
1147
1054
-1949
30
-2295
-2000
573
185
1325
-2838
-49
2155
1291
3573
315
-94
736
2462
4327
2246
1620
1609
42
1383
3887
2355
2992
1328
1517
448
18
1613
-2599
-5138
-11661
-12740
-11012
-9825
-7039
-7813
-7693
-6830
-2543
1295
3549
4624
4069
3947
3428
4836
5530
4105
3039
960
-339
-368
112
353
-829
-1433
-1160
-1000
-181
631
864
496
960
627
-194
179
-406
-1664
-2291
-1177
-1177
-607
-586
-580
-268
758
1223
1219
2604
2743
3839
2324
2414
2311
1638
4368
3133
3230
1838
998
3201
2244
3714
2748
1378
4548
4084
4565
5147
3149
5040
4663
7771
9558
9246
8131
6633
6890
7316
-17156
-29385
-23139
-32768
-21173
-20216
-19341
-22961
-20360
1214
3664
15967
21044
14352
10595
9050
13077
11435
2858
35
-9599
-16948
-10668
-7337
-4990
-5935
-5221
-2081
-725
10609
15624
12945
11115
8109
5173
3313
3789
913
-8314
-13143
-12876
-13136
-8513
-4313
-4472
-5906
-3396
3685
7756
9902
10152
-1710
-3232
-284
-682
1002
-4001
-4928
-7217
-1292
8816
8419
8992
6148
5605
6702
8379
11201
7264
3948
3294
3106
4727
6764
7274
6894
7844
11338
13124
15125
18680
20157
16909
12726
-10697
-32592
-32768
-32257
-32768
-27115
-29930
-32545
-28125
-10120
30571
31179
32767
30062
16859
18459
13434
21119
1854
-22134
-26690
-32768
-27992
-14699
-4001
-5852
-7614
4187
17050
28869
32767
31304
16487
6143
5368
1972
-2490
-12101
-23469
-32768
-30692
-17266
-7082
27
1936
2740
7245
17615
30633
27794
16592
5573
-4420
-7451
-6333
-7555
-16612
-23303
-24596
-15430
-4724
-1272
7711
3089
433
6629
10284
15182
9781
6750
-1515
-7819
-232
2144
2613
2172
-127
5189
7506
15765
19838
15073
14343
9958
9336
12434
16108
17207
13385
10200
10250
5921
1063
-21204
-32768
-32768
-32047
-32767
-27681
-16773
-27349
-10526
8754
28202
32767
30542
32767
8148
400
5706
-4440
-8496
-30819
-32768
-30414
-24645
4515
10864
10530
9827
15437
30983
32767
29511
17077
-4732
-15994
-13760
-12050
-16146
-22144
-28616
-24598
-13622
6284
19718
15785
14402
11322
13826
19863
17261
9438
-10115
-21094
-18174
-16297
-7304
-7384
-9093
-6538
-1234
14307
14709
11756
-94
-14234
-10486
-6433
1798
276
-5755
-6215
-3828
7730
13817
14491
9030
4221
7614
11913
16449
15089
7575
3545
1913
7358
10004
12337
13938
11837
17103
19080
20713
11779
-5475
-26705
-32768
-32702
-32502
-32768
-29439
-19677
-22144
199
24305
32006
32767
27402
23161
4127
-5220
-638
-14746
-25424
-32768
-31912
-16294
-4176
14561
22022
15647
21485
27276
32767
27985
9408
-5369
-21525
-27082
-19052
-19313
-22588
-23008
-18438
-4357
9405
23383
25680
16320
12013
10224
8338
6805
-2274
-12592
-23507
-22584
-11591
-4590
1212
4331
3851
12090
11250
11742
12145
-13415
-21112
-23113
-14149
-2945
-1218
2925
-6013
-106
14031
14731
13984
5004
331
1608
6597
17928
15613
8916
6601
8099
11180
16230
18086
13424
9347
14447
15044
13885
10763
-7482
-29527
-32768
-32625
-32768
-32768
-30964
-12188
-10951
182
28362
32139
32767
28632
15518
1176
-16935
-11274
-16089
-26402
-30087
-31907
-10693
9254
24147
32767
26633
22524
23158
20680
15881
-729
-20057
-30745
-32768
-26391
-15126
-12382
-6293
-1590
6648
19771
26515
28007
16221
3535
-2979
-8933
-8042
-9532
-14388
-16733
-14711
-2830
9118
15204
20182
14619
13160
5591
-7494
-12303
-31111
-29408
-19144
-8998
2840
7356
11385
9116
14507
17046
9432
3317
-1867
-3909
-387
7806
13704
12929
12880
12517
13268
13361
14611
15891
13319
13414
17645
17051
10918
309
-17865
-32719
-32256
-32767
-31982
-32768
-26053
-2730
815
17788
32553
31785
32767
22813
10524
-11324
-27895
-24689
-28049
-25138
-21833
-11169
6283
20926
31831
32767
29567
22233
12176
288
-7861
-19558
-27974
-32768
-31178
-18048
-7679
2742
13798
15477
16577
16863
15451
9069
-1468
-7802
-16201
-20234
-14012
-8345
-1926
4060
9687
14689
16224
20263
18168
7837
2573
-14972
-32768
-32089
-32768
-22610
-4391
10985
15015
14386
18380
14798
12441
8117
-3072
-10910
-10444
-3729
5486
14797
19969
18696
16427
17650
15499
13500
12613
9023
8519
9161
16537
16059
8904
783
-18408
-32417
-32451
-32768
-31961
-32768
-17566
3640
5246
21627
32003
32767
32469
22073
5687
-21092
-32768
-28553
-28936
-18544
-8736
7
11104
24773
32767
32767
30180
19692
782
-13968
-17505
-23496
-25442
-26298
-21801
-12175
-1612
13446
21975
20340
17396
8629
1029
-4170
-8836
-11593
-17526
-16951
-11965
-3920
8813
16735
19962
18517
14707
11542
7670
2187
-2807
-20338
-32768
-32277
-31795
-11581
6859
17194
16373
13867
12106
7235
7940
3663
-5575
-11552
-8070
-6879
9309
20769
24231
22147
14683
11797
6382
9695
9514
9651
8582
6794
13700
20014
18505
10547
-2232
-26081
-32768
-32338
-32768
-32423
-32352
-9100
6366
11999
24677
30888
32767
29544
16790
1018
-24734
-32768
-30791
-28172
-9694
-1362
7303
16608
22617
31697
31973
26416
16520
-4560
-16843
-23592
-26896
-21245
-17334
-11108
-5481
-322
10036
15802
17703
14822
4863
-4089
-14250
-10215
-11297
-10118
-6352
-3323
1705
7593
13181
17073
14858
11493
8794
-1118
-5401
-7241
-15242
-28430
-24099
-27829
-18345
1713
16420
19252
20149
14002
-305
-1483
-941
-3264
-2765
2210
-354
6751
14689
21963
22242
22320
14428
5993
2937
2627
7446
12740
18010
17884
15309
11222
2747
-7081
-20964
-32520
-32714
-32768
-32768
-31113
-3886
14495
20293
28757
27710
27463
21965
17975
3575
-17044
-25534
-32430
-30552
-13492
956
15123
24369
26577
25256
20772
20093
13235
2478
-6463
-20767
-29993
-28893
-23799
-11687
17
7242
10727
10654
10505
8807
8021
6779
477
-5278
-10970
-14969
-11819
-4133
3651
9446
11592
11000
7518
6900
6920
5037
2068
-2523
-14561
-29923
-31069
-30215
-18090
2953
16220
20234
19257
12192
2710
226
670
-1882
-1853
-864
-3446
2256
10350
17822
23909
25147
17928
9645
3814
2015
4724
10778
12070
14220
15234
10547
6053
-3167
-18241
-31680
-32746
-32768
-32332
-32768
-14383
6237
17608
30830
29833
28848
23028
17293
8958
-6234
-14191
-25858
-32768
-23716
-15458
365
17854
24596
28935
24286
19031
12813
4620
1341
-7820
-16551
-21445
-27098
-23414
-15397
-6271
5187
10419
13610
12478
9189
8255
4185
3289
788
-4489
-5956
-9271
-8504
-4309
-24
6272
9895
10108
10720
4775
3868
-2788
-10386
-13361
-21501
-22543
-21585
-14048
-4700
9202
16929
20302
16806
10371
1656
-3377
-3727
-2433
2697
7332
10528
12609
16117
15674
16990
14786
12797
8477
6480
3645
4494
6864
13328
15598
15754
9043
-6576
-22928
-32768
-32768
-32502
-32768
-28046
-3717
8726
22645
28444
27189
25978
22445
21774
8364
-2139
-12579
-29496
-31004
-24380
-17611
2115
14030
22311
25872
21942
19046
10452
5614
1943
-7577
-11592
-19013
-25355
-22558
-19028
-9072
2164
10873
16139
15437
13517
9436
4497
3969
-690
-3054
-5888
-8681
-9327
-7569
-4049
1429
5225
10604
9311
7621
4298
-1930
-8536
-24076
-22853
-26556
-20810
-8581
4637
10471
18414
18718
10960
6639
1583
-3014
-2336
2845
3386
9392
12221
14781
14132
16684
10449
9814
7213
8010
5520
11116
5281
12048
11295
16039
14026
174
-8466
-32768
-31558
-32768
-31481
-32768
-7659
10699
24823
32767
30104
23720
21381
20225
11166
1490
-11651
-25246
-32768
-29331
-25888
-3418
15322
28405
31601
30199
19694
11181
1765
-670
-8383
-12567
-17398
-26331
-24801
-19453
-9184
4715
17252
20694
21187
13782
8393
-1283
-991
-5092
-6503
-6860
-9215
-10107
-6785
-2889
3384
10498
14528
14393
8178
3902
