6145
6862
9355
5165
-2223
840
531
-3774
867
9629
16528
14054
17261
22979
15012
14916
16002
14962
-4516
-27713
-18928
-27241
-32768
-23768
-17808
-8881
4049
13640
14308
8082
6911
4786
-13397
-11593
-4338
-14035
-6261
800
1636
2596
6259
8362
2242
214
3838
217
-2912
2975
7562
13281
13830
16472
20109
16198
16141
16387
17145
2273
-21408
-15700
-23982
-32768
-23981
-20463
-13088
-88
10583
12681
9162
10190
7080
-6357
-9297
-2780
-11799
-10343
-233
-1155
-2005
4310
6366
1776
1763
4981
4159
-53
4165
8543
10770
11896
13596
18377
14415
13420
21136
16247
5724
-12035
-15788
-22085
-32768
-27034
-23152
-19179
-4083
6973
8850
11193
10910
8854
-114
-4151
-4022
-9664
-8947
-5129
-3964
-4115
1828
3772
2009
3630
4435
4798
3487
4274
6356
10420
11861
12153
16758
14453
13606
17944
17388
9527
-12306
-12638
-17240
-32768
-27911
-22208
-21970
-10041
4533
6020
8362
11119
12173
572
-3202
2069
-10680
-8390
-2291
-6361
-5721
-338
1154
-1740
1561
4878
3687
3532
6794
4638
7332
14971
10583
11916
16300
12515
15254
15761
13647
-1430
-11818
-11501
-28931
-32768
-22634
-23247
-18881
-2262
3910
5536
8977
12832
7250
60
210
-1310
-8219
-5806
-2260
-8984
-5155
-158
-3457
-1435
5051
5594
4916
7372
8997
8046
14008
13729
9904
16592
13692
11696
15751
14160
4096
-12119
-10531
-22407
-32767
-21796
-23145
-21524
-4797
2372
3564
7684
12262
8242
-296
3504
-210
-6965
-1078
-3257
-6674
-3948
-1996
-4073
-2228
3658
3422
4351
7270
7686
7033
12920
13145
9366
15343
13677
10501
15312
14433
8163
-8538
-9329
-15617
-32768
-24664
-21297
-24076
-9614
341
597
6103
11355
9956
2167
4231
3501
-5084
-1189
-2588
-7020
-5401
-4181
-4097
-4324
2085
3428
2990
6735
7653
6565
10659
14335
10325
12378
16233
10636
13510
15065
10174
-1218
-10622
-9348
-28943
-28916
-20520
-26585
-16655
-4276
-2123
2707
8886
10571
6462
2586
7045
-1722
-3659
-408
-6430
-7075
-4997
-5001
-6499
-177
2547
1396
5146
7931
6591
7884
13969
11822
9595
16614
12407
10393
15481
10975
5595
-7571
-6845
-18237
-31663
-19901
-23809
-23346
-8105
-3187
-819
6779
9473
8711
3195
6795
3210
-4375
1287
-3136
-7718
-5909
-6604
-6924
-3443
237
676
3003
6786
7740
6928
11732
14086
10608
14534
16050
10188
13712
12602
8857
775
-9193
-8992
-25322
-27563
-20447
-25927
-17186
-5417
-3936
1498
7531
10029
6377
4579
8044
445
-83
1712
-5411
-6937
-5090
-5804
-5652
-1315
291
1113
5436
7386
7182
9674
15086
13002
12493
17810
11917
10524
14483
8818
6315
-5253
-8283
-14826
-29124
-20942
-22866
-23609
-10320
-5855
-3151
4994
7964
9034
5879
6590
6821
-1238
513
-1299
-8474
-6222
-5418
-6844
-4524
-943
28
2140
6430
7094
7730
11479
13855
11693
14010
14347
9857
11704
11096
8941
5294
-5424
-7386
-16743
-25754
-20925
-23509
-20921
-10810
-6753
-2388
3872
7875
7742
6347
8756
4501
698
924
-3426
-6901
-5423
-5194
-6570
-4200
-1613
-857
2014
5184
6574
8130
11196
13925
12085
13372
14459
9294
11357
10887
7321
2833
-7496
-8034
-18767
-26004
-20037
-23393
-19516
-9918
-6598
-1274
4805
7793
7763
6542
8277
3463
-574
802
-3776
-6052
-4195
-5793
-5976
-3562
-1799
-1235
2158
5006
6239
8805
11731
13564
12479
14545
13583
10529
12431
9420
7828
-180
-7061
-8220
-21901
-23434
-18987
-22329
-16788
-8339
-4481
-270
4813
8864
6996
6441
8396
2023
-1145
1382
-3897
-5602
-4024
-5551
-5756
-3688
-1188
-1319
2557
6368
6705
9112
13826
14298
12577
15234
13149
9454
11346
8389
5462
-2198
-5596
-11601
-23196
-19095
-19941
-22425
-13725
-8111
-5385
600
5544
8052
6198
7758
6586
297
1890
911
-4599
-4144
-3624
-5290
-5454
-2426
-1767
-1878
3538
4960
5358
10066
13157
13033
13170
15610
12152
9539
11237
8214
4532
-3059
-5606
-13503
-22003
-18781
-21247
-21679
-13641
-8898
-6268
-147
5721
6604
5099
7859
5321
1536
3022
789
-3907
-2635
-2852
-5261
-5137
-2864
-3665
-2718
2622
3447
5619
10915
14365
13383
15062
16424
11221
10617
11607
7178
2277
-3613
-8081
-16709
-21239
-19927
-22538
-20526
-13057
-9797
-5444
1492
5330
6007
6256
8263
5565
3447
3886
1299
-1674
-1242
-2926
-5321
-5063
-4577
-5038
-2633
1132
2844
6713
11281
13662
14561
15968
15023
12017
11570
10836
7554
1245
-3325
-8329
-16875
-19803
-20508
-22213
-19612
-14256
-10458
-5162
-313
4060
5357
5925
8664
6296
5393
6144
3688
1397
430
-955
-3501
-5427
-4727
-4864
-3486
-565
2001
5863
9756
13033
14517
14751
14248
13084
11875
10947
7913
3310
-1717
-7191
-12797
-16837
-18488
-19372
-19032
-15737
-11423
-8189
-5107
-507
1838
2836
4841
6033
7002
6745
6853
6002
4225
2721
572
-1982
-3149
-3191
-3510
-2874
-491
1427
4003
6959
7495
7868
9046
9281
9101
9197
8959
7089
2824
302
-3328
-7163
-9728
-12624
-13536
-13264
-12295
-12309
-10092
-8960
-8059
-6818
-4617
-2280
-1275
2392
4019
5591
6636
6578
5748
4721
3299
3176
1912
1866
2637
2986
5828
5477
6238
7822
8205
9235
10083
10755
8336
3069
1558
-2117
-7098
-9261
-13027
-15016
-15691
-16235
-15094
-13714
-11855
-9986
-8666
-5268
-1820
190
3197
5868
7793
8585
8851
8915
7650
6136
5146
3567
2352
2215
2047
3577
4356
4611
5930
6616
7470
8149
9718
9960
5376
2486
1093
-3440
-7082
-9369
-12079
-13712
-14458
-14250
-13777
-12184
-10574
-9688
-7422
-4215
-1951
526
3592
5249
6781
7671
7840
7314
6458
5525
5005
4044
3531
3371
4225
5573
5416
6202
6907
7223
8130
8856
9314
7641
3227
1525
-1566
-5768
-8161
-11827
-13951
-15354
-15717
-14863
-14154
-12331
-10340
-8946
-5559
-2995
-698
2562
4261
6103
7287
7817
7777
6995
6276
5690
4654
4172
3992
4422
6240
6002
6245
7302
6996
7714
8543
8926
8687
4930
1444
-489
-4907
-7984
-11568
-14323
-15169
-16354
-15530
-14860
-13209
-11129
-9550
-7207
-3984
-1268
1021
3718
5636
6812
7581
7690
6823
6118
5635
4672
3747
3665
4018
5610
5749
6204
7240
7137
8060
8901
9285
8702
7128
3096
-294
-3395
-6936
-10918
-14063
-15261
-16513
-16639
-15897
-13977
-12385
-10373
-8063
-5406
-2147
500
2860
4823
6657
7874
8194
7663
7006
6430
5729
4990
4798
4983
6232
6509
6630
8194
7531
7735
8476
8815
8650
7233
4199
125
-2891
-6365
-10579
-14075
-15371
-16585
-17237
-16435
-14583
-12893
-11190
-8906
-6011
-2907
180
3131
5080
7060
7867
8263
7996
7040
6604
5967
5250
5243
5197
6221
6447
6601
8347
7546
8094
8864
9011
9730
8137
6242
2382
-1912
-4656
-8749
-12843
-14821
-16456
-16913
-17019
-16280
-14135
-13434
-10848
-7856
-5291
-1652
1553
4234
6171
7650
8734
8537
8294
7994
7079
6773
6146
6689
7297
6316
7140
7138
6673
7707
7926
8788
9076
7813
6567
2618
-1729
-4375
-8751
-12368
-14987
-16863
-17321
-17803
-17160
-15229
-14536
-12121
-9131
-6352
-2050
1171
4443
6524
8305
9393
9205
9276
8891
7718
7404
6672
7184
7344
5834
7050
6431
6666
7028
6904
8664
8324
7334
6553
3311
-719
-3744
-8014
-11666
-14672
-16577
-17604
-18395
-17689
-16827
-15477
-13320
-10397
-7022
-3275
719
4304
6929
9246
10777
11159
11516
10892
10110
9393
9023
8261
6914
6501
5566
5115
5314
5453
6092
6701
6837
6274
5104
2749
-405
-4392
-7875
-11257
-14884
-16403
-17540
-18252
-17296
-16154
-15068
-12804
-9930
-6375
-2757
1009
4873
7591
10168
11365
11703
11633
11146
10172
9681
9100
7404
6660
5683
4501
4001
4061
4243
4306
5210
6114
4937
4081
3149
598
-1652
-4078
-7417
-9770
-11740
-13750
-14811
-15198
-14499
-16089
-15486
-12326
-10610
-7274
-3250
103
3647
6874
9232
10816
10937
12308
11673
11178
11557
9836
8825
7380
6003
4907
3635
3041
3127
3291
4144
3989
3726
2680
693
-1089
-3370
-5185
-7203
-9366
-10395
-11530
-12013
-12345
-12859
-11545
-10442
-9478
-7227
-4553
-2339
106
2733
4972
6066
7367
7799
8085
8510
8867
8830
7411
7084
6308
4856
3988
3649
2952
2549
2803
2896
2348
2083
1573
103
-993
-2881
-4216
-5150
-6534
-7368
-8303
-9371
-9858
-9724
-9832
-8654
-7632
-6153
-4279
-3151
-1353
-32
906
1835
2754
3645
4361
4912
5774
6269
6820
6589
6588
6558
5410
5438
5309
4511
4689
3949
3196
3450
2619
1994
728
-557
-1898
-4018
-4949
-5922
-6837
-7623
-8337
-8093
-8029
-7861
-6977
-6058
-5098
-4127
-2972
-1760
-939
481
1469
2346
3137
3662
4080
4491
4979
5472
6151
5897
6525
6600
5724
5653
4953
4080
4098
2997
2843
2467
1433
1069
-126
-895
-2856
-4173
-5127
-5525
-5218
-5810
-5908
-5869
-6187
-6196
-5932
-5782
-5023
-4408
-3886
-2392
-1185
-512
416
1266
2243
3150
4128
4881
5837
6537
6975
6393
5772
6083
4038
3288
3204
1238
2821
709
394
2085
-258
1638
388
-254
-798
-1851
-2326
-2663
-3119
-5036
-4657
-6650
-6994
-6737
-7994
-6885
-6037
-6211
-4960
-3733
-2925
-1213
260
1326
3488
4399
5559
6350
6658
7137
6106
6036
4960
5657
4372
3503
4197
2424
2856
3227
2440
2031
2587
2238
1947
1101
-673
-829
-3565
-4673
-4679
-7877
-7921
-8808
-10059
-9318
-9122
-8522
-7522
-6435
-4505
-3212
-1736
431
2102
3525
5402
5859
6745
7151
6784
7062
6539
6024
5820
4996
3002
3987
2461
2147
2712
3313
2918
3415
2955
1834
1780
-1347
-1439
-2995
-4825
-6074
-7540
-8698
-8778
-10122
-10743
-9323
-9257
-7876
-5811
-4798
-2214
-615
762
3005
3963
4971
6207
6095
6837
7245
6166
7675
5460
6630
5914
3193
5096
3197
3752
5079
4027
4968
5073
2876
3303
569
-1156
-1965
-6208
-5944
-8340
-10311
-10021
-12378
-11856
-11635
-11183
-8947
-7871
-5942
-3435
-1577
702
2892
4247
6138
6813
7122
7231
7433
7123
7601
6883
6148
6749
4463
5233
4362
3893
4986
4803
5487
4960
5605
3367
1814
925
-3039
-4299
-6564
-9399
-10885
-12502
-14055
-14126
-13844
-13197
-11030
-10214
-6699
-4422
-2491
1596
2767
5315
7610
8087
9061
9970
9564
9710
9775
8239
8309
7120
6201
6125
4960
5203
5526
5001
5442
4843
3519
3823
300
-2369
-3883
-8190
-10517
-13252
-15973
-16793
-17067
-17769
-15366
-14457
-12122
-8172
-6425
-1804
1518
4137
7324
9500
10580
12087
11574
11865
11454
10721
10216
8359
7447
5988
5400
4589
4756
5456
5246
6058
5598
4400
2538
-961
-3760
-7516
-10915
-13743
-16168
-17599
-18441
-18280
-17137
-15575
-13139
-9689
-6508
-2426
1527
4465
8129
10411
11702
12735
12544
12267
11660
11058
10474
8172
7861
5965
4930
5257
5004
6086
6274
7132
6373
5363
2079
-824
-5880
-9653
-13381
-17103
-17895
-19822
-19073
-18504
-17211
-14236
-11482
-8236
-3695
-62
3626
7303
9558
11381
12019
12067
11739
11014
10138
9957
9385
7917
7738
6630
6772
6946
7428
8150
8125
7735
6148
3891
-957
-5485
-10022
-14418
-17188
-18881
-20149
-19642
-18236
-16422
-14209
-11043
-7462
-4059
-47
3456
6326
8897
10306
10523
10186
9183
8203
6898
6839
6730
7245
7134
7107
7702
7968
8315
10234
10152
10722
10148
6827
3983
-3547
-7501
-12769
-17949
-20094
-21598
-21978
-20013
-17906
-16180
-11236
-8400
-4301
-346
3110
6880
9143
10247
10661
9713
8440
6787
5121
3661
3930
3783
4978
6749
6029
8657
8658
10049
11547
12368
12646
11386
8214
2829
-3420
-9584
-13825
-19909
-22142
-23174
-23151
-21134
-18322
-15211
-10378
-6167
-2482
2360
5755
9450
11271
11861
11402
10071
7621
5236
3278
1418
607
1793
2368
5405
6750
6669
10904
10368
12665
13937
13340
11906
7940
2235
-5637
-9925
-16742
-20793
-23806
-24754
-23220
-21365
-17303
-13837
-8083
-3836
580
5014
8026
11472
12409
12501
11067
9358
5992
3286
1008
-840
-1068
493
1745
5347
8973
7773
13251
13900
13943
16598
15538
11321
8718
-623
-9226
-11610
-20972
-24392
-25523
-26705
-23825
-19206
-16347
-10444
-3994
-283
4937
9204
11422
14424
13572
12206
10160
6741
3070
447
-2031
-3706
-2821
-851
1743
6099
10688
10801
15723
16596
16412
17500
15753
9970
6305
-4109
-13403
-15727
-25583
-27810
-27586
-28361
-23602
-18117
-13746
-6859
275
3953
8938
12925
13544
14991
13272
10047
6787
3731
-1452
-3519
-5108
-6323
-3618
342
2856
9152
13702
13582
18704
18846
17370
19164
13659
6211
1968
-12905
-18775
-21925
-31442
-30511
-28479
-27531
-20811
-13016
-8251
-375
7036
9477
13333
15680
14676
13101
10073
5879
1553
-1685
-6292
-7524
-7332
-6482
-2134
3885
7631
14156
18999
17900
20934
21920
17055
18702
9545
815
-4669
-21925
-23628
-28293
-32768
-29696
-26868
-23952
-13930
-5307
-625
7604
13291
14230
15233
15953
12193
8106
4976
-18
-4790
-6244
-9230
-8793
-6075
-3081
2427
10638
13530
20548
23133
20773
22958
19155
16304
14502
2670
-4201
-11953
-28605
-27988
-30213
-32768
-26778
-21160
-16017
-5106
3024
7585
11599
16064
14289
11879
11140
6298
968
-1738
-5284
-8799
-8474
-8229
-5967
-2812
3640
8453
16098
19636
22370
24101
19924
18791
16194
11126
10357
-2146
-11288
-13800
-31635
-30509
-26729
-32768
-21801
-12712
-9967
1509
6813
10801
11339
11595
11928
5432
3028
2844
-4730
-6022
-5928
-9207
-6997
-5211
-1132
2092
7041
13005
18145
19436
21550
21150
16707
14405
11536
8804
7655
-3749
-12718
-14301
-30678
-31431
-24348
-29961
-20314
-8390
-5145
3296
7854
11475
10346
6888
8394
2735
-2665
-308
-4839
-7821
-5122
-6090
-4290
-3373
1252
4421
7171
12705
18426
19278
18503
19904
16008
10750
10663
8517
6417
1219
-14191
-13624
-23362
-32768
-23414
-24549
-21858
-7729
-1894
3151
8181
8890
11619
5146
2278
4556
-4526
-5086
-2366
-6735
-5766
-3422
-1905
-620
639
5935
7747
9418
14169
18497
16779
15275
16508
13354
8352
8938
9378
6984
-6675
-16346
-13395
-29988
-31256
-21365
-22406
-16023
-3273
2439
5467
7312
8819
9633
-355
940
935
-6303
-5238
-2235
-4985
-4008
-1148
184
1314
2567
6425
9316
9769
14917
19870
14294
14868
16212
11044
8253
10623
9859
3472
-14653
-15229
-18462
-32768
-26978
-20461
-17161
-9467
1620
6286
8329
5949
8857
5078
-3528
-1192
-2879
-6717
-4943
-1823
-2599
-1327
438
2565
2159
3768
6133
8928
9080
14815
17365
12380
14262
14783
10122
9831
10930
11787
-430
-19602
-14319
-23291
-32768
-26749
-17630
-13559
-5862
3996
8068
8558
3022
7047
1440
-6036
-3162
-3449
-6021
-3061
-584
-450
1060
1275
3020
3660
3541
6223
8167
9340
16000
14808
11436
13454
13133
9368
10039
11940
11726
-7623
-20438
-14887
-27620
-32768
-25335
-14717
-10187
-2522
5680
9714
8602
2062
2845
-418
-6485
-6651
-3835
-3617
-1481
762
2017
3258
2182
2872
3958
3032
4569
6759
8546
14384
13949
10126
13215
14447
9828
11141
14638
12925
-7524
-20845
-17526
-27065
-32768
-27595
-13603
-7717
-887
5751
9869
9325
1336
277
-1898
-6365
-7028
-3966
-2416
819
1973
2795
4272
3388
3066
2770
3269
3795
5219
8005
13681
14160
10072
11985
15081
11723
11169
14943
13910
-6420
-23144
-20080
-26654
-32768
-28861
-14396
-5105
496
5897
9817
10482
2239
-1586
-3287
-4969
-6783
-4578
-1098
2301
3810
2836
3783
4419
2401
335
