-26
-1
34
51
-16
-69
-87
-60
-83
-86
-72
-179
-151
-103
-52
-106
101
99
48
-87
-104
-281
-3
-5
193
40
-102
-108
-120
-11
-201
-74
-174
-134
-22
-59
-131
-92
-89
-60
-99
-27
-43
109
43
120
-8
17
27
107
116
151
148
-22
-30
-114
11
100
172
156
205
293
291
201
141
40
78
-70
75
-47
147
189
175
197
23
61
-53
178
45
289
203
276
123
124
289
123
223
33
122
-113
39
-24
22
1
84
177
125
265
46
47
-160
73
-44
-28
32
11
-23
-97
88
-57
-50
-161
-85
-78
90
126
4
41
38
55
-32
-10
-95
27
-15
110
-29
-38
62
-59
46
-71
69
-40
71
-26
34
-6
47
-31
-112
6
-54
-73
-258
-158
-91
-78
-74
2
24
43
84
148
43
9
-76
-57
-101
-74
-53
9
-154
-148
-213
-146
-119
-255
-194
-189
-119
-187
-232
-392
-403
-273
-307
-361
-177
-129
-91
0
-78
-12
-64
-82
-26
39
46
-3
64
-112
-13
-147
-232
-123
-62
92
139
43
-20
-47
71
136
245
130
77
55
70
25
159
237
227
253
210
260
208
100
120
80
92
74
123
233
167
249
116
197
131
287
154
309
177
335
147
177
60
-28
81
61
203
147
196
97
154
-65
55
-81
-21
-60
-17
-37
-29
-126
11
0
131
69
116
-7
-48
-44
-21
105
18
69
107
32
-90
-53
-209
-67
-163
-61
-122
-20
-133
-77
-46
35
38
156
83
24
-20
-62
-165
-236
-117
-139
46
-97
87
-31
160
67
-72
27
1
-141
-266
-167
-158
-51
-119
60
-22
-13
33
-161
-124
-115
-35
-103
-69
-210
179
2
-167
-106
-200
-159
-268
-184
-415
-294
-241
-125
-152
39
-199
-153
-167
-143
-61
-14
30
-17
72
-10
49
42
156
-42
165
75
100
76
-19
43
113
29
85
-32
-25
-27
1
1
-48
-6
-27
46
12
11
-11
94
-62
118
81
31
-10
-7
19
206
154
126
48
-70
-149
-62
-140
-77
91
79
79
-48
92
-26
141
47
143
64
177
-83
-92
-51
-79
123
28
235
21
147
56
81
132
23
67
-35
-72
-12
-78
162
107
239
124
206
232
142
131
109
212
-121
58
-110
50
-168
6
-56
27
-80
-32
21
-166
-62
-178
44
-95
92
-57
10
-5
53
71
133
-40
-66
-84
-115
-150
-108
-225
-219
-202
-379
-363
-433
-334
-407
-48
-45
136
109
271
168
220
6
-34
47
32
225
77
214
-51
2
-99
-3
-69
42
-64
75
172
99
119
-54
102
-32
77
-87
-31
-97
-155
-166
-281
-352
-305
-261
-287
-118
-78
53
-1
119
-96
-149
-209
-163
-159
-72
-76
-16
83
25
117
-53
-16
-121
55
-31
45
-9
16
233
117
95
87
140
-36
9
-27
-113
-126
-181
-109
-170
-32
-55
-101
-213
-88
-143
-34
-153
-93
20
34
26
112
318
331
519
432
426
220
95
-83
135
77
175
87
129
70
171
23
106
-45
-41
-134
-104
-103
-153
-18
-236
66
-203
85
-93
202
82
291
287
165
160
70
107
55
85
133
148
86
216
73
97
23
200
65
118
-52
-20
-10
-12
42
-14
-45
-60
-115
-33
36
-115
-54
-136
-76
-47
90
73
294
240
237
126
161
74
-42
52
-110
157
128
152
244
270
128
180
74
125
-35
26
-45
-102
-83
-93
-189
-273
-175
-265
-185
-260
-176
-195
-140
-170
-202
-201
-259
-241
-209
-279
-89
-144
-95
-35
95
75
95
-64
-47
-63
-156
-82
-120
-2
-14
-14
-152
-125
-3
-49
-72
-55
15
67
30
35
14
75
51
82
-51
126
124
160
52
2
-194
-71
-196
-122
-59
-49
101
70
211
52
171
63
110
-192
-28
-81
13
23
120
172
236
97
52
67
89
181
123
84
-45
137
153
245
69
263
-99
213
50
140
146
90
90
38
181
32
86
-16
159
52
132
-29
39
-16
0
37
132
147
142
18
92
91
103
-2
25
188
151
284
94
207
35
-26
-7
-86
20
-125
-24
-196
-188
-221
-221
-1
25
98
37
-4
-106
-166
-143
-37
-43
71
-59
80
31
138
22
33
-147
83
96
-28
112
-80
-69
-156
53
-159
-70
-246
-86
-122
15
-124
-112
-244
-298
-231
-236
-196
-230
-86
-240
-106
-285
-120
-192
-198
-165
-44
-183
-86
-183
-202
-194
-211
-111
-194
-201
-43
-20
-93
16
-175
-157
-237
-179
-157
-97
-207
-157
-96
-25
-173
-157
-266
-202
-111
-73
-7
-16
32
44
175
222
316
189
304
10
111
-56
-16
-5
60
190
136
265
88
271
122
209
12
149
4
136
181
202
298
107
213
46
128
59
141
7
166
106
138
164
146
126
68
89
93
95
240
255
217
183
170
153
235
256
201
225
204
193
131
124
-21
33
-42
28
-124
-27
-149
-82
-51
6
75
196
133
210
77
-63
46
-93
121
-71
130
33
76
-61
-32
-111
-81
21
45
10
-93
-4
-190
-94
-122
47
-40
-78
-101
-110
-178
-99
-108
-203
-382
-386
-360
-264
-170
-123
-27
-82
-48
-102
-180
-412
-222
-314
-181
-423
-186
-317
-174
-236
-115
-140
-101
5
-39
-26
-73
9
-207
-9
-170
103
-277
165
-339
144
-404
159
-314
97
-361
99
-246
201
-103
198
43
104
230
-140
460
-159
547
-473
838
-657
1072
-1008
1336
-1496
1729
-2136
2588
-4020
-7481
-3218
-7352
3105
1399
-1953
-2502
6088
6642
5304
1818
6666
6837
9921
-2229
-5406
-3601
-6226
-1948
-6241
102
-101
143
4550
8472
3121
4367
1953
2908
7972
7600
5036
-224
373
1408
-199
-5769
-6917
-6565
-3053
-1720
-6040
-6203
-3636
-1600
-1203
-1432
-777
1824
3490
1582
1503
2798
3612
6103
5804
6617
9842
12432
12571
7330
-1988
-3928
-7416
-13939
-21868
-26015
-24410
-17516
-14242
-14490
-11618
-6302
2189
3759
3131
4729
11172
15788
18695
15880
17869
20571
26857
28122
32767
13588
-3965
1797
-9484
-21502
-32768
-32767
-29990
-19791
-15385
-10753
-9885
2079
19736
14577
3709
1585
753
87
-6842
-19869
-22756
-14484
-7532
-1610
-2627
6286
25113
32767
32439
32767
32326
32767
30841
7962
698
-14963
-26983
-32458
-32767
-32200
-32768
-30368
-18593
-17152
-7178
23282
32767
30071
24758
21173
10601
8326
-10174
-27952
-32768
-29804
-20467
-13307
-9048
9217
27951
32767
32175
32767
32391
32767
31570
6997
-3011
-26082
-32768
-31788
-32768
-32298
-32768
-32081
-18583
-12232
6910
32767
31864
32767
32476
31461
24053
12923
-16856
-32651
-32738
-32767
-32578
-32768
-26190
2554
26697
32767
32603
32703
32767
32150
32767
18697
-1119
-28022
-32768
-32295
-32768
-32768
-32241
-32768
-22522
-11705
11411
32767
31604
32767
32322
32767
32767
18313
-19707
-32767
-32730
-32760
-32752
-32768
-30728
-3372
27033
32767
32604
32767
32767
32459
32767
23986
-819
-30699
-32768
-32677
-32705
-32767
-32269
-32768
-22948
-5680
20525
32767
31459
32767
31964
32767
31498
15327
-21409
-32768
-32582
-32767
-32768
-32768
-31057
-2648
28502
32767
32750
32653
32767
32299
32767
25514
-1381
-29995
-32768
-32593
-32720
-32768
-32137
-32768
-22002
1528
25090
32767
31900
32767
32477
32767
31981
8489
-28357
-32768
-32693
-32768
-32445
-32768
-26810
3883
29642
32767
32767
32485
32767
31956
32767
24273
-5926
-29819
-32768
-32649
-32614
-32768
-31930
-32768
-18204
10669
29091
32767
32258
32767
32564
32767
27056
-1204
-31074
-32768
-32330
-32768
-31908
-32768
-22923
12774
32661
32207
32767
32045
32767
31802
32767
28439
-6958
-29991
-32355
-32768
-31899
-32768
-31474
-32767
-20436
19375
32767
32051
32767
32306
32767
32767
20754
-10163
-30659
-32768
-31945
-32768
-31937
-32768
-23941
16896
32767
32041
32767
32711
32515
32767
31432
32767
8059
-29977
-31098
-32768
-32181
-32768
-32768
-32495
-32046
4569
32767
32130
32767
32767
32250
32767
25670
-4900
-27902
-32768
-32767
-32369
-32768
-32183
-30381
3875
32502
32767
32546
32767
32371
32767
32343
32767
30618
-10473
-32768
-31070
-32768
-31388
-32768
-31341
-32768
-22916
20167
32767
31620
32767
32205
32767
32691
14676
-14994
-31300
-32768
-32481
-32768
-32768
-31729
-15083
18347
32767
32374
32767
32767
32406
32767
31931
32767
26381
-13201
-31117
-32208
-32768
-31784
-32768
-31206
-32768
-17840
22624
32767
31584
32767
31262
32767
25259
8813
-14056
-32768
-32370
-32768
-32586
-32768
-27121
11
26732
32767
32548
32767
32767
32461
32767
31714
32767
20528
-10246
-26861
-32768
-31874
-32768
-32693
-32367
-32768
-9068
22508
31906
32767
32755
32402
32767
21620
6687
-17959
-32768
-31566
-32768
-31912
-32768
-23557
7343
28380
32767
32565
32767
32730
32707
32767
32225
32767
19128
-12684
-30220
-32768
-32045
-32768
-32416
-32767
-32473
-5973
21883
32258
32767
32641
32641
32767
25349
8697
-18554
-32768
-31583
-32768
-31823
-32768
-24752
1813
25298
32767
32420
32767
32629
32767
32767
32406
32767
20593
-9905
-30300
-32768
-31969
-32768
-32211
-32767
-32075
-9042
18143
32087
32767
32324
32767
32659
29432
12696
-16818
-32768
-32027
-32768
-32065
-32768
-28794
-4091
21426
32767
32551
32767
32655
32767
32730
32673
32767
22108
-8497
-31739
-32768
-32259
-32768
-32147
-32768
-30861
-8686
16416
32416
32767
32250
32767
32031
32767
14784
-15803
-31677
-32640
-32768
-32452
-32768
-31181
-10684
17916
32767
32594
32767
32729
32767
32767
32617
32767
22442
-8581
-31975
-32768
-32403
-32767
-32226
-32768
-30437
-7617
18612
32605
32767
32269
32767
31859
32767
20680
-10671
-30610
-32768
-32767
-32607
-32767
-31809
-15096
12508
32080
32767
32732
32767
32725
32767
32632
32767
18253
-12179
-32600
-32768
-32503
-32768
-32254
-32768
-30202
-7678
20258
32767
32767
32466
32767
32043
32767
22541
-3915
-28174
-32768
-32525
-32768
-32670
-32519
-15327
11642
31405
32767
32759
32692
32767
32484
32767
31001
12557
-16756
-32768
-32390
-32768
-32768
-32328
-32768
-28700
-5157
19987
32767
32767
32506
32767
32108
32767
22133
1099
-24024
-32768
-32565
-32759
-32768
-31233
-13046
12982
30903
32767
32599
32767
32767
32496
32767
28578
8057
-22233
-32768
-31926
-32767
-32591
-32627
-32768
-24910
-2432
18420
31408
32767
32600
32767
32274
32767
20360
1959
-19276
-32734
-32768
-32552
-32768
-28848
-9808
13067
30451
32767
32384
32767
32463
32767
32706
24539
-1332
-28317
-32768
-32326
-32768
-32514
-32768
-32333
-18209
4345
18721
30805
32767
32706
32767
32767
30853
16682
812
-18888
-31794
-32768
-32310
-32767
-25725
-5753
14656
30667
32767
32598
32767
32764
32642
32767
19312
-8998
-28636
-32768
-32256
-32768
-32514
-32768
-31061
-12672
5664
18766
30411
32112
32767
32708
32741
28667
14228
-3155
-20872
-32596
-32768
-32345
-32768
-20451
-2332
17562
32553
32767
32615
32767
32399
32767
30773
10945
-15755
-31623
-32767
-31987
-32768
-31733
-32768
-27453
-8250
8294
22842
30424
32301
32767
32124
32767
27113
10442
-7629
-26483
-32768
-32011
-32768
-29948
-14076
2903
23949
32767
32324
32767
32767
32392
32767
26014
1032
-22648
-32768
-32130
-32767
-32768
-32444
-32768
-21297
-2474
13500
26547
32042
32712
32767
32267
32767
21855
3773
-16385
-31920
-32768
-32164
-32768
-25361
-8410
10808
29693
32767
32610
32767
32750
32590
32767
20566
-8505
-29181
-32768
-31934
-32768
-32167
-32768
-31496
-15404
3244
19061
30638
32484
32767
32562
32767
31692
16395
-4578
-25952
-32767
-32596
-32662
-32768
-22440
-2375
18188
32379
32581
32767
32574
32767
32287
32767
15171
-16911
-31259
-32768
-32027
-32768
-32080
-32768
-29901
-9029
8003
24880
32767
31779
32767
32001
32767
29359
9726
-15714
-31455
-32767
-32658
-32719
-32724
-16461
3316
23332
32767
31879
32767
32119
32767
31929
32767
13650
-23194
-32478
-32767
-32442
-32768
-32383
-32768
-29211
-5202
12674
28131
32767
31805
32767
31939
32767
26652
4310
-21897
-32768
-32638
-32768
-32476
-32768
-17074
4668
23335
32767
32013
32767
32383
32767
32608
32537
21206
-18841
-32768
-31680
-32768
-32125
-32768
-32316
-31539
-10397
14676
28037
32767
32395
32767
32431
32767
27267
4470
-22463
-32768
-31920
-32768
-31903
-32768
-25005
-375
20891
32552
32767
32599
32767
32695
32654
32767
25615
7811
-25090
-32768
-31225
-32768
-31671
-32768
-32029
-23633
314
28091
32767
31687
32767
31775
32767
30835
15186
-11875
-32230
-32768
-32469
-32768
-32516
-32136
-17073
9960
29686
32767
32543
32767
32347
32767
31758
32767
23879
4732
-18543
-32767
-31578
-32768
-32594
-32436
-32768
-19491
1609
25016
32767
31532
32767
32051
32767
28460
5037
-18864
-32428
-32620
-32768
-32352
-32768
-30656
-15574
10337
31962
32647
32767
32690
32767
32650
32767
32278
29693
13499
-9018
-23630
-32768
-31793
-32768
-32450
-32768
-31819
-5096
16490
29907
32767
32357
32748
32767
25891
4409
-16535
-31182
-32192
-32768
-32703
-32506
-32768
-21536
3521
24641
32767
31857
32767
32353
32767
32767
26229
19099
17740
15229
-7837
-17910
-29977
-32768
-31139
-32768
-31027
-28600
-7652
18055
27304
32622
32767
31731
32658
14589
-2649
-15413
-31189
-29882
-32768
-32768
-32462
-29446
-13447
3608
22287
32767
32767
32005
32767
30723
25442
16474
15147
8277
16312
16775
-5004
-9713
-31370
-32768
-30764
-32768
-26917
-25615
-8355
15386
21943
32767
32767
26841
19077
-190
-4437
-12623
-21923
-23512
-32768
-32211
-27673
-17483
-88
6109
18408
22840
25974
30170
24898
20592
14387
7161
11229
12988
20309
32767
10647
-1146
-20254
-32768
-29977
-32768
-30544
-32768
-26393
3985
17974
28752
32202
19318
20228
11502
4954
4202
-15056
-19564
-27213
-29428
-18550
-19867
-9896
-4529
-485
15817
18157
23491
23343
13692
17103
13572
16379
23276
21764
32767
31763
4951
-5546
-25678
-32768
-29457
-32768
-29075
-32768
-18308
14542
22012
29719
29891
25352
28904
18995
10276
-1359
-21395
-22709
-28509
-26753
-22956
-24396
-16425
-6326
3444
20179
20789
24082
23362
18814
22184
18354
18159
18995
16770
25266
30676
-262
-11859
-23715
-32768
-28957
-32768
-29582
-30049
-12246
22513
27707
28521
30595
26947
30156
19439
-1119
-13482
-29229
-26461
-24772
-26996
-24370
-21853
-8280
6853
14215
21760
20081
19086
22631
15211
14104
2983
-336
1445
7985
16079
31424
20923
-3362
-4417
-23023
-21163
-32556
-32768
-27047
-19640
6687
18760
18520
15862
23950
22507
19773
1309
-14226
-16479
-16031
-15025
-18401
-20824
-14574
-576
8508
12202
8040
6609
9637
10462
8236
1121
-5069
-6616
-1392
4448
10999
19178
28304
32767
19353
8301
-272
-16956
-24990
-32768
-32768
-26403
-16925
-716
3703
4245
18112
23446
19983
13931
-609
178
825
