1392
1321
1155
1268
1388
1720
1236
1422
1353
1280
606
925
888
849
705
422
615
551
385
103
521
744
555
924
1588
1461
1574
1312
1351
1656
1270
1759
1555
1423
1196
518
577
667
1053
1237
581
21
599
199
38
71
60
-277
-628
-805
-1051
-533
-1257
-1243
-1448
-1218
-1508
-963
-657
-433
-494
-959
-372
-701
-726
-1046
-817
-586
-749
-904
-256
-470
-193
-319
-754
-383
-767
-1001
-1133
-963
-1501
-1620
-1693
-2246
-1838
-1625
-1507
-1480
-1509
-1240
-754
-699
-374
-310
212
-259
-420
156
-326
-7
-310
7
-48
178
169
375
450
517
613
1126
952
769
1471
1471
1840
1315
1681
1541
1773
1783
1552
1603
1467
1415
1373
1316
1197
953
669
919
830
320
188
-255
-3
26
-100
-400
-475
-225
-697
308
-31
382
109
519
168
504
316
423
304
-359
664
-182
564
-390
-144
244
120
-191
-372
-111
-445
-912
-697
-408
-869
-957
-1283
-482
-785
-1063
-735
-1137
-859
-1488
-916
-1244
-1269
-1050
-1599
-1520
-1419
-1407
-1319
-1232
-1752
-1592
-1828
-1148
-1513
-1046
-1236
-888
-667
-648
-65
16
126
545
757
904
1089
882
1226
1276
1449
903
1000
1237
1840
1603
1702
1685
1715
1840
1874
1504
1759
1507
1300
941
586
864
559
633
237
604
458
501
745
1090
1036
869
597
1442
1404
1421
1448
869
892
146
1282
566
449
358
-269
736
-56
636
-83
299
458
7
435
22
-196
-873
-788
-1220
-932
-1560
-1381
-1688
-1501
-712
-1296
-1958
-1698
-973
-1114
-1185
-1546
-1569
-1392
-1343
-1617
-1712
-1481
-1319
-1692
-1298
-912
-794
-1155
-921
-567
-508
-472
-386
-58
-224
128
-415
-75
-35
211
115
62
352
30
28
162
190
-150
418
281
363
125
277
283
220
563
511
801
636
354
1371
878
813
1278
778
1751
754
1043
1681
1248
992
766
1062
1471
665
354
726
664
884
380
1443
874
760
1091
871
1374
519
317
178
260
-207
-580
-705
-514
-507
-1499
-1160
-1492
-1174
-1247
-988
-1354
-1528
-1202
-1494
-807
-1083
-695
-965
-411
-712
-355
-56
-451
-455
-750
-426
-827
-520
-513
-118
-190
-506
-300
-361
-124
-465
-520
-587
-551
-569
-224
-358
-289
157
-77
151
91
130
-348
144
-240
-124
12
-127
17
-349
-40
206
424
521
711
642
1062
791
1405
1627
1554
1484
1229
1804
1630
1569
1202
1364
1686
1255
1364
1270
876
1183
439
1061
905
276
660
-39
522
-64
-157
105
-606
-496
-465
-674
-311
-1239
-671
-924
-968
-390
-1219
-193
-870
-744
-748
-816
-451
-338
-294
-81
-46
-288
175
-306
30
-533
-158
-334
-168
130
-224
214
-352
0
-564
-78
-500
-412
-276
-593
-1046
-534
-688
-479
-312
-1007
-230
-809
-443
-683
-401
-759
-171
-375
27
-164
4
503
374
691
449
909
612
749
306
427
87
317
771
1150
683
1008
692
1073
1034
199
595
246
992
260
328
628
509
197
696
439
1027
526
68
927
17
468
-245
-81
488
221
-587
-120
-229
597
-359
-343
-78
-329
192
-932
3
-1076
72
-663
-353
121
-300
103
-373
134
11
216
-404
-203
-650
-419
-407
-645
-933
-347
-153
-534
-150
-882
91
-406
-974
-588
-538
-206
-369
-726
-529
-578
-698
-184
177
-134
-424
-223
-164
426
-135
238
253
442
459
-35
152
341
564
467
285
218
486
618
485
92
264
335
-247
-344
-371
-784
-141
-905
8
192
-218
451
-220
672
315
-190
372
245
-159
-287
-149
18
179
-263
131
-276
-40
104
-149
52
94
158
-257
758
374
545
196
1
871
548
829
286
-88
519
-101
-43
-252
-449
49
-740
-586
-281
-985
-632
-924
-832
-378
-958
-549
-761
-503
-364
-480
382
456
412
593
312
458
374
344
904
107
490
299
148
716
-321
720
15
281
164
372
497
435
55
623
913
197
761
-18
1461
196
308
217
180
-15
-415
-321
-361
-570
-585
-390
-269
-311
-312
633
146
328
-319
304
996
717
257
540
557
561
71
183
371
108
-115
-463
-73
-551
-306
-408
-125
-381
-415
20
240
412
41
255
72
33
-340
-237
-209
-507
-324
-311
-145
-152
-268
-285
-424
-584
-5
-271
-405
-544
-83
308
-50
-141
-188
173
-123
-43
-410
-258
131
80
8
26
262
831
229
34
248
148
222
-170
190
-286
-290
-561
-341
216
90
-748
-665
-700
-507
-278
-841
-115
-805
-671
-367
-389
81
0
117
124
194
320
460
248
77
357
-90
220
156
-159
114
-58
-140
-347
-561
-335
-305
-693
82
-158
162
440
538
1029
303
630
860
221
383
231
-248
-129
-672
-440
-410
-540
-526
-398
-642
-62
-143
-470
201
58
114
55
-23
154
60
156
988
405
793
325
301
486
331
366
136
409
-327
-333
-283
-144
-101
-404
-626
-386
-334
-435
-424
-246
-238
216
-359
-112
154
-463
-154
-492
93
101
-36
290
707
23
669
378
10
536
-788
402
-197
82
187
-174
791
210
215
111
267
408
193
99
315
316
296
36
437
476
690
560
344
729
132
207
-249
14
77
-487
-512
-763
-438
-718
-331
-317
-169
-87
-82
237
-207
222
-168
-44
102
223
-158
6
311
108
741
166
380
447
263
349
-419
-41
-400
-228
-122
-393
-387
-754
-360
-393
-252
-494
-496
-927
-470
-624
-146
2
-237
336
-99
190
352
670
503
649
773
536
388
173
-67
87
226
-141
-353
-390
-228
-429
-228
-452
-644
-204
-636
-324
-24
-67
232
-2
439
180
353
568
254
856
376
639
13
189
-116
-399
-101
-687
-234
-137
-163
-313
34
288
391
143
116
-54
518
203
303
589
491
598
400
906
740
238
127
476
341
141
174
-93
-631
-513
-540
-47
-423
-318
-298
-134
-90
-533
225
239
192
-146
-155
-97
-32
-742
-116
-552
-480
-295
-687
-39
-844
-650
-481
-136
-221
-579
-97
283
237
321
51
503
561
-100
-3
-162
315
-2
-399
-193
-572
-379
-204
-177
-458
-786
-426
-57
-122
164
-28
195
146
331
152
-312
-508
-237
67
-86
-22
-174
-180
-126
595
367
772
-215
591
280
114
1
-227
619
262
-86
3
705
318
227
-339
653
-192
-138
-194
-15
-118
-1143
-620
-391
-202
-329
-635
-259
-91
-306
-186
-470
-226
-642
129
-461
-422
-12
-400
-48
-866
-477
-119
-181
79
-22
-81
109
-448
511
417
443
838
-76
926
80
225
281
426
616
-80
480
564
463
428
94
410
718
2
487
-124
304
243
188
402
72
256
24
735
676
488
-164
55
134
64
303
78
341
-163
-301
355
311
648
546
263
532
-21
464
43
267
638
474
446
174
456
598
525
-246
314
-340
-180
-659
-334
40
-579
-75
-485
-217
-473
-970
-308
-116
-404
15
-296
213
-174
-169
42
88
-94
138
-48
139
-205
-484
235
-29
56
-71
365
37
167
-217
153
7
-86
-24
-302
8
-80
265
499
86
153
283
-83
330
-317
215
379
-246
-280
-337
-12
-341
-493
141
-121
-612
290
-679
-171
-630
-395
442
-869
-514
-262
-12
285
-76
-180
518
102
263
-390
499
327
-127
71
276
102
-347
-388
-611
-547
-611
-213
-832
-311
-979
-38
-368
-754
-544
-605
278
-265
19
-199
-181
-167
240
251
487
289
-280
626
-113
204
326
237
-52
-60
-351
85
186
-137
485
-120
328
-283
254
139
469
26
349
292
672
930
243
1031
417
15
-89
299
-41
-374
-1011
1
-390
-166
-431
-238
-10
-958
-198
-229
-165
-126
286
513
769
-7
1151
1037
482
278
374
251
-154
52
-386
123
-1137
-282
-348
10
-265
-57
605
-240
42
-142
114
-191
-356
-392
715
-314
167
-427
153
225
-248
265
-240
152
-858
5
-609
-134
-293
219
16
314
-20
266
693
519
376
-56
271
-462
43
-579
-33
-287
391
-119
444
330
324
822
-10
47
39
243
103
188
27
464
-228
-221
-34
-92
-48
-525
-396
-405
-438
-565
-500
-169
-273
-213
270
229
296
379
-423
31
-251
-640
-483
-114
-377
-186
-917
-222
-12
-412
301
-408
109
-131
415
309
263
-17
908
344
367
406
119
538
-185
403
-12
279
240
-21
-78
214
-320
199
181
-298
473
-171
444
270
104
216
-14
435
343
556
327
308
16
25
-283
-60
-422
24
168
317
47
-194
181
-238
367
-25
563
-43
638
771
363
445
373
-87
328
-363
-26
141
-88
633
-425
-133
283
406
-67
-162
-375
-361
-663
-499
-152
-154
-516
202
-139
432
127
386
-28
144
-161
261
22
3
298
-24
344
-559
677
-768
805
-1605
-174
-384
-377
-153
-481
546
-404
453
-541
702
16
105
-837
206
-59
-84
-92
-422
-109
-657
-425
-355
-139
-493
-75
-431
65
-250
90
364
-186
-151
-169
344
-196
320
75
48
-95
1
203
-174
216
-550
-44
-356
334
-32
-511
-267
-30
541
-201
-194
-254
310
-227
40
114
-15
-311
-443
214
-488
-50
-125
238
105
14
-54
-112
-107
-251
-312
-566
341
-691
-67
-109
-122
98
418
125
77
241
-371
152
-320
279
-366
-75
-203
117
214
-65
663
428
330
402
769
330
411
208
274
228
-237
737
-165
390
120
289
543
203
959
-17
480
-129
290
-359
9
71
101
530
-111
729
-618
88
784
67
479
76
158
136
386
317
313
644
133
-395
281
-230
99
261
-724
122
-1034
-125
-756
-572
-180
-32
43
-336
107
-19
376
372
662
-208
535
-232
489
-64
154
468
-525
252
-97
323
-164
212
-204
-86
-255
-615
-916
-118
-340
188
136
-598
1121
-387
161
317
151
-385
-836
77
199
-859
244
-277
-52
-471
-477
1060
-884
157
-391
-219
-560
-47
87
290
-438
-160
125
125
96
-171
622
-343
188
-355
321
15
233
325
-728
-411
-231
-292
-175
-689
59
176
-152
51
317
329
189
-397
-295
-292
-325
120
-287
40
-407
390
268
537
198
128
255
-344
-263
-428
-24
-177
-128
-294
-66
-45
-277
-50
-16
-73
-219
-135
204
6
-266
96
-276
121
-102
-188
-207
-201
-41
-334
384
-146
102
-71
163
193
-458
-140
-176
-45
437
229
452
464
161
910
140
468
261
-48
185
-5
363
392
219
-24
292
-183
411
143
-174
44
-619
-184
-381
-455
-220
-240
-224
223
47
-186
405
-782
-143
-153
32
14
-7
472
-87
425
159
364
36
302
-295
668
-330
-225
-156
-450
199
-470
121
-470
-332
-240
237
-293
-139
178
103
382
-138
358
142
-198
566
-221
-45
27
-94
287
106
-367
59
-288
-231
132
-341
174
-581
153
22
-217
116
-263
430
-276
463
59
-329
277
-38
306
134
406
57
115
-410
239
-56
-2
-277
-266
-265
-510
-107
-246
374
-441
248
-183
209
132
279
182
259
271
204
528
-19
108
-104
340
-392
75
-150
-7
-37
-507
78
45
-16
308
115
50
79
180
583
213
307
-22
785
439
264
600
-80
494
-611
190
395
-444
-494
-141
242
253
-34
111
763
-262
355
-367
254
-227
-285
-21
99
153
278
255
503
324
62
438
-284
857
-294
618
-12
281
-145
-406
84
-437
-88
-346
-191
-393
-163
-328
215
-185
252
-315
46
453
-386
483
-400
403
-24
-86
333
-137
-33
-469
-48
160
-299
-899
-131
-704
340
-540
-118
-84
-237
223
-265
324
-488
-24
-113
-163
-53
-53
40
208
-379
458
16
59
-390
-431
-224
-161
52
-319
-185
-315
14
-555
-66
-529
223
-287
-202
-319
-35
292
99
43
-67
171
-256
510
-713
-364
-574
-557
-11
75
-328
-235
-384
-116
-467
79
410
-106
493
234
724
-90
676
608
352
110
169
-158
-82
-1405
14
982
-464
-533
-175
844
99
399
-247
415
-897
191
390
466
555
-83
628
598
433
-350
605
-446
-379
-477
-65
-303
-522
-202
194
-163
-475
803
448
374
219
269
221
66
-311
72
516
209
397
-64
68
301
-46
355
59
-201
170
199
48
-44
214
275
261
238
319
103
-35
61
66
83
-329
31
-72
-404
155
-512
147
-333
-312
297
-311
420
54
61
-79
91
-86
146
-21
153
-71
47
213
-113
-2
-469
-320
68
180
-5
76
-712
406
-246
24
57
-336
165
-70
67
-25
82
160
570
-97
16
-90
230
-50
-124
-291
-343
-578
-743
-332
-593
33
-82
-176
-335
-185
98
15
55
241
358
124
434
224
188
686
409
440
24
33
97
-423
-68
-87
10
-155
-556
-28
225
-54
5
27
245
91
-376
412
-56
127
231
221
84
-127
199
306
329
-560
230
-555
-109
-146
-7
-310
131
262
93
331
-68
507
-304
250
-254
545
-169
225
193
121
260
217
171
357
137
130
448
-122
446
-454
346
60
-7
190
472
-70
340
-234
268
232
-253
343
92
356
-147
154
174
275
25
-178
-224
-106
-130
-190
-576
18
-247
-262
-600
-336
-115
-270
-501
92
-246
-134
-75
-149
320
-288
356
-190
331
57
611
150
41
121
113
-318
-151
-530
-155
-7
-758
180
-92
-69
-64
299
-126
93
-222
224
9
-290
-340
72
-55
-205
-371
-436
-207
-445
