5301
20384
19527
30095
31327
31475
32090
32767
27888
16729
2753
1865
-19419
-18378
-17527
-13484
5159
6817
21556
32767
17745
22977
27370
8266
25517
20630
-14996
-16457
-21913
-32768
-29779
-32768
-31602
-32768
-32768
-24494
-31780
-4015
16648
13414
32302
31541
32767
31563
32767
30050
21967
10408
340
-10872
-16564
-23315
-15275
789
2757
15063
32767
26480
15278
29653
10322
18352
29192
-1989
-21208
-14477
-32767
-32528
-32094
-32767
-31094
-32768
-28181
-32768
-13219
11715
9187
27936
32767
31360
32767
32213
31432
26023
17132
1992
-4238
-11420
-19247
-19921
-4735
1308
9257
24132
32767
15738
23909
25172
5945
29118
20198
-19903
-10297
-20634
-32768
-28976
-32768
-30473
-32768
-31144
-32768
-24883
-3517
7653
13346
31192
31341
31431
31885
32253
27579
23551
13226
-581
-1990
-10904
-16960
-9977
-2247
5820
14416
30833
32767
13939
31056
14121
10463
31190
3072
-19873
-6197
-29526
-32768
-30211
-32768
-30322
-32768
-29508
-32768
-16874
-3680
5350
18273
24921
25083
32352
29389
26747
23520
19525
8524
3864
-2147
-9282
-10488
-8345
1503
11374
13689
32660
32767
13276
32606
10116
12793
26578
-1805
-18261
-7962
-31104
-32768
-30830
-32768
-30510
-32768
-28360
-31437
-13068
-7720
4038
13769
18365
24020
25925
26360
25923
20682
19671
12039
8882
-680
-1127
-4427
-7173
5464
10942
11678
25944
32767
6327
31999
13353
5446
30151
-1404
-19055
-4927
-27277
-32768
-28993
-32768
-28384
-32768
-24596
-31654
-12287
-6633
-6640
11688
11155
11878
19903
19342
18008
20795
15712
16850
9114
8377
2489
830
-1196
3372
5274
16658
12432
32767
19372
11224
28679
4043
18029
18098
-9897
-11431
-5446
-32768
-25128
-32768
-32403
-28304
-29016
-26166
-26155
-8609
-19285
-875
4910
-447
9913
18666
6618
21619
19187
14189
19223
13684
8456
11687
3405
5684
6233
6567
19599
15121
32733
6765
19130
18262
2551
23969
7279
-12785
1626
-18291
-31365
-21701
-32768
-25170
-27977
-26466
-23872
-20948
-19455
-12633
-4434
-4736
1933
7792
9588
10210
20314
13117
19807
16099
14124
13089
10342
5960
9026
1633
13997
14557
20798
26681
4245
24354
6754
8223
21986
-1283
-6726
4415
-26483
-20155
-27063
-32768
-22808
-28761
-24219
-24811
-20890
-21078
-10255
-9420
-3260
1888
7509
9458
15512
15970
16145
19652
15742
15838
12851
9691
6790
5268
3706
11264
13954
26026
19409
7988
27655
-486
14246
24796
-20330
8568
-8733
-19063
-4614
-32768
-30169
-32559
-32767
-18601
-17637
-28344
-14062
-15610
-14554
2657
-6376
7600
13185
13100
12633
18749
21510
14272
17972
10879
8228
10354
6800
8500
18197
14382
32373
8866
16354
22312
-5122
26101
9088
-11158
11051
-11879
-25332
-12488
-32768
-27443
-24471
-29089
-21271
-23382
-23309
-15816
-11421
-8679
147
2346
8660
8087
15210
14063
17073
16239
15244
13335
14369
6547
11256
7315
12358
16564
24075
28600
4347
27240
3873
5121
25740
-5059
-3792
8165
-23680
-15419
-21891
-32768
-20129
-27056
-25197
-20044
-24752
-24113
-8597
-14136
-4208
2398
686
9385
10926
13254
16186
18260
14781
17389
12090
12450
9877
9374
8501
16010
13750
30978
20625
6785
30501
-1929
13121
19871
-12798
882
-313
-28299
-14650
-29887
-32768
-20204
-29248
-23522
-21043
-23717
-19104
-7115
-12476
-1573
2260
4340
8778
13103
12713
16945
17358
14363
15177
13103
10773
8752
11523
8008
19376
16327
32767
9827
17420
21467
-5084
24043
6255
-14186
5910
-12391
-27723
-12568
-32768
-27608
-22943
-28558
-21533
-21280
-24633
-16381
-8290
-13080
-439
1622
4201
10956
16121
11325
21850
16446
16295
17864
12800
10639
13802
6683
14014
15994
20401
27428
4979
26984
10633
5198
19791
-3238
-8126
2710
-25521
-19718
-22175
-32768
-24982
-29268
-27743
-28121
-20593
-25706
-9524
-11004
-9435
3989
3904
6093
17688
12844
17559
20786
13455
18041
14283
9944
12784
11109
9615
20256
16460
28287
11557
18647
17573
3146
19748
3528
-12017
5661
-20086
-23772
-18177
-32768
-26571
-27280
-28708
-30667
-20309
-29097
-12153
-8165
-11168
5848
5446
7033
19204
14475
19001
22449
17036
19272
15918
11027
12180
10112
9371
14998
16996
27836
10463
26050
15092
7009
19221
165
-7390
129
-21979
-23620
-23030
-32767
-28057
-30670
-30021
-26472
-25022
-27828
-9166
-11176
-4593
7130
7035
13887
20544
18158
22737
22559
17792
19256
14531
9362
9813
7157
9629
14636
20203
21559
11799
28338
11062
10017
19795
-4677
-4010
-3232
-29709
-22139
-28220
-32768
-30299
-32768
-29313
-30769
-25472
-20868
-8614
-6145
1823
6536
13477
17119
21414
23269
22427
21810
19778
14394
13490
8252
6063
5648
10431
10493
22138
21770
7332
29176
7380
9742
20193
-8919
-3277
-4845
-28692
-19814
-31980
-32767
-30246
-32768
-28909
-31591
-22951
-16509
-6309
162
6768
12174
19310
20622
22423
26361
19714
23217
16194
14726
10992
8173
3765
10526
10411
19517
24644
4303
30451
13612
7775
20661
-4113
-5970
-1663
-28586
-26290
-29850
-32768
-30852
-32767
-30758
-32767
-26009
-19390
-7695
-2610
8774
12738
21524
23432
24370
28409
22555
24386
18368
15647
12847
7320
4719
11071
9573
18592
20659
9002
26735
12135
6982
15790
62
-7283
-8064
-27895
-28323
-31610
-32768
-31157
-32768
-29829
-32768
-25289
-16985
-7882
-2786
14525
13639
22300
29664
25796
30687
27670
23392
19034
13127
10841
5811
10627
15797
8119
18079
13007
15692
17208
7371
11880
5849
-7367
-5731
-23064
-25478
-28535
-32768
-29974
-32768
-29302
-32681
-25806
-18885
-7570
133
14182
15103
24542
32488
23744
30185
25211
23754
20333
10080
7058
7461
2838
12432
-1186
14043
13773
145
15089
11264
3319
6705
-1017
-4789
-8887
-22399
-18037
-30938
-29018
-28119
-29254
-27060
-21397
-17697
-6085
1438
7453
15774
12998
14543
20515
17522
14755
13360
16171
8062
7611
4334
4274
9404
222
9480
9510
8114
6795
15216
5093
6603
7842
3207
2517
-10728
-8944
-15739
-23707
-19132
-22550
-25047
-20846
-14560
-14199
-4907
-5263
3031
-1894
4837
7608
2192
15148
2526
13369
1682
6022
7405
-978
5696
4148
-957
-1054
8917
7711
7918
6668
8202
14241
9166
9463
7847
4051
3108
-2865
-2389
-7923
-10057
-11340
-13744
-13268
-10455
-7917
-12230
-7830
-4398
-503
-3681
-5892
-1349
1670
-1426
-2386
1083
-2991
-312
946
1037
2445
2457
3860
8924
6757
10251
8507
11347
10042
10082
9377
5071
6995
1729
1235
-1865
-2751
-4837
-6191
-5554
-6778
-4656
-5354
-6376
-4314
-4735
-2622
-3898
-3831
-5084
-4500
-4869
-5161
-4816
-3812
-2133
-1189
761
269
3343
4645
4994
6014
6312
6934
7015
6704
6531
5434
3391
3128
1241
588
-117
-2452
-1455
-1826
-2494
-2129
-1676
-1768
-1260
-1954
-1519
-927
-1854
-2107
-2116
-2782
-3877
-2378
-3727
-1945
-731
-1282
1049
-264
1290
2115
1642
2075
2375
908
2586
1366
1346
2705
-5
449
807
336
441
493
-206
1756
871
1603
1092
1655
985
-714
132
-254
-313
-2859
-1798
-2597
-1703
43
-2213
-804
-2441
-2258
400
1130
289
342
-411
-1223
292
-1262
-576
367
-196
-331
954
1147
713
498
792
315
1058
1641
2334
2698
1290
1853
368
341
154
-538
-480
-1665
-1956
-1653
-1350
-1144
-725
-775
-196
597
392
788
540
470
262
-554
-538
-589
-696
-1203
-277
-985
7
633
-306
1459
811
828
1522
1192
672
1216
327
317
-436
-407
-251
-1633
-936
-1216
-1576
-651
-529
-1110
-341
-595
-455
650
583
522
791
103
551
93
-543
-215
-404
-473
-398
-94
892
966
675
1326
806
387
1059
932
347
711
-182
-747
-410
-1344
-1064
-956
-732
-593
-486
-188
-16
337
182
338
-161
637
126
129
-55
-417
-564
-121
-572
-1022
-84
-984
-196
810
976
740
1429
386
1394
236
-151
-511
-427
-1063
-844
-1027
-946
-590
-829
81
-8
88
944
1375
36
1483
485
637
-6
258
-901
1243
-1685
1560
-1264
846
-1357
562
-1197
1227
-628
1036
528
-1470
1720
-15579
2495
4202
4015
-9718
-2403
6592
4636
1003
-3843
7670
-8781
-9701
13704
3771
1943
-3091
8619
4477
-5822
2279
1774
2062
-8864
2674
-4017
3986
-19021
-2049
-2628
927
1572
8244
11885
-16018
7863
16494
14873
1973
1853
5678
1432
-3535
2834
-26625
-7498
8727
4105
3128
-1284
6336
-3060
-1128
4643
4306
-5065
-996
-819
-2028
-15188
-18985
-430
-5634
525
13446
15859
11036
1610
12470
1394
8362
11909
7308
7166
-10252
-4241
127
-3763
-10158
-5156
-2003
-3440
-3133
-1410
7570
-2520
89
451
3549
2235
-870
2326
2900
-2627
-690
2554
80
932
-9621
6853
-4418
897
-5794
-1509
441
1116
5990
-4939
1349
-153
-239
-7849
11695
-3891
-1063
-1357
-192
105
-3013
1086
-8605
-3
-4694
5208
-4056
-2049
2734
-2804
-566
-5827
-23
-6791
700
2441
-2186
-2745
4514
-3785
3342
4931
2148
7865
-3262
13129
-52
7444
-2237
3217
-4939
-3738
6872
-3634
-795
-5248
2000
-3848
3241
-744
-2204
-1097
4630
1079
2455
-581
-1176
3120
-755
-3330
1769
-1676
-3762
-3560
1131
1938
-7198
7069
-2994
2868
855
325
6470
-5525
10435
-1920
4525
5966
-8043
6790
-3447
-4354
-1675
-5217
5182
-4362
-7218
5521
-734
-3643
1386
9549
1590
-6912
8155
4187
-8175
1785
-4691
649
-5027
-8738
3107
-3845
478
710
-6199
2862
1012
2167
-3221
3254
7646
-3021
-4568
1229
5222
-8462
7160
2001
3929
-6681
-3792
8364
-2443
-3405
636
723
916
-4474
-937
9268
-5131
-890
-1799
831
-3962
-5271
4228
-3543
-2788
-859
10183
24
661
4627
6669
8765
-2738
6022
2443
2896
-7273
1537
1867
-8287
-7228
11227
5147
-8286
-2379
7143
5368
-19550
-1358
7219
-6049
-16062
-2428
9075
-9106
-14521
7103
9258
-6196
-4835
12188
9586
-9932
-4342
13125
4830
-9098
-2858
14565
7320
-12334
-1967
7615
2476
-6987
1760
6820
605
-2856
3939
4668
543
-285
-93
1404
-559
4227
1800
-1915
881
-2325
-8072
-5900
-2998
-3340
-9093
-5588
12435
6430
-4073
329
7685
7271
-5788
-4868
6706
3261
-4331
-2891
2855
596
-9396
7420
8424
-796
-10789
-1759
9520
-7291
-7615
1940
6028
5089
-4004
5489
9798
-4151
-1440
-400
2947
-2239
-8366
-5260
-3487
-2641
611
-1646
-1006
-323
2433
4303
2447
2063
2169
-298
-1677
-2199
-774
-3663
-706
4244
224
-678
795
8373
1743
-5004
3331
-2179
-2475
222
-1766
6466
-782
3779
5428
3821
-2754
-9356
-471
1592
-2925
-6642
-3368
785
2011
-4431
-424
-3912
-8248
-7153
-1032
1848
-5492
-2836
7238
1420
-1656
-1438
-2485
1309
920
9049
4770
5745
9076
5781
5422
2666
5896
12173
11161
6674
-685
10442
2198
-4432
2446
12763
3298
-16547
-4185
-15926
-29850
-21889
-19193
-19972
-23169
-13844
-84
-9181
-781
3951
4669
954
-2412
4962
11400
3628
21110
32767
31270
29414
29964
32767
29122
23531
21241
26594
8051
4994
-20109
-30370
-29135
-32768
-30307
-32767
-30108
-31174
-23189
-5655
1215
862
-1401
-824
3572
-4110
-3677
745
2032
9514
17123
24174
31821
32767
31862
32767
31798
32767
31365
32767
19718
-29257
-32768
-32664
-32768
-32449
-32768
-21090
-25163
-18846
-4401
8562
-943
-19579
-19350
-8053
-12525
-13027
2252
6850
6655
-1013
14930
20061
13326
18573
29357
32767
32408
32767
31571
32767
29688
32767
-5225
-32768
-30690
-32768
-32768
-31047
-32768
-19726
-10340
-6930
13806
12246
-6360
-22904
-10643
-29107
-26216
-3811
10732
14165
9332
16361
14473
833
7547
18866
24617
32693
32767
32302
32767
30891
32767
15539
-32767
-31432
-32768
-32768
-30818
-32767
13800
23611
6562
21452
20315
-9052
-32768
-29520
-16664
-26942
-27117
19738
23946
10507
8169
23123
27424
2148
11476
28218
14460
26271
32767
31558
32767
32767
28595
-27363
-32768
-31359
-32768
-29983
-32768
7875
32767
32456
21103
26267
2362
-30528
-28827
-32768
-26699
-20384
7044
26489
29013
15847
19236
24896
15040
22617
14433
8331
-5917
10719
32767
32767
31408
32767
22912
-31705
-32768
-32178
-32768
-30921
-32767
15102
32767
31495
28164
31541
-8921
-32768
-28180
-32768
-26258
-7652
22243
29353
29728
24004
28892
17652
-4854
11256
20166
-1747
-11491
10442
31231
32767
32767
31630
32767
19708
-32768
-32080
-32768
-32768
-31377
-32768
12606
32767
32030
27634
23637
-10560
-32768
-30698
-32691
-29372
-4408
18080
30617
30338
18492
25157
22260
-3072
-6649
11043
10088
-3596
-8207
20770
32767
32031
32767
32000
32767
-18371
-32768
-29201
-32768
-28219
-32768
-4169
32767
32767
22485
25333
3034
-32768
-29405
-32768
-31158
-16063
17840
32530
32767
28298
17829
21681
2299
-11350
-15034
2762
599
-12476
2774
24125
32767
31346
32767
30414
32767
8198
-32768
-29993
-32768
-31733
-32768
-32768
7327
21176
22603
16144
-1912
-25632
-32768
-29400
-32768
-27053
1501
23833
27265
24951
16016
9815
5217
7
4112
2229
-3044
2875
935
8575
25708
32520
32767
30721
32767
14909
-32768
-31284
-32768
-32767
-31954
-32768
12945
32767
31839
19732
9292
-19044
-32768
-29768
-32768
-27477
3059
28353
32372
32767
30160
20265
6067
-3350
-4359
-4355
-4313
-21938
-17566
7930
22412
23121
29468
32557
32767
28562
22384
12056
-25346
-32768
-30189
-29786
-31188
-25092
3640
3336
-18876
-12694
-10366
-20487
-28924
-22771
-11484
-10976
-11967
8982
19152
11562
-1889
2891
8963
3742
264
11939
10944
7068
10217
12664
32767
31908
32767
32767
25502
-30812
-32768
-32460
-32768
-31933
-32747
22880
32767
32767
31755
32767
-10430
-32768
-31652
-32768
-32768
-9698
28123
32767
32509
32767
32139
26596
3528
-30570
-32768
-32346
-29829
-25503
-9322
6936
20335
29452
29853
26719
23415
32661
22122
5570
15273
29680
32767
10822
-3146
-23705
-32768
-28702
-32768
-24453
-24879
-11369
6249
9522
12626
-2190
-17351
-12825
-24931
-26582
-17985
-4152
12900
14213
17771
17649
14375
15607
10372
10904
30307
31654
32767
30522
32767
14647
-32768
-30168
-32768
-31132
-32768
-28336
26602
32767
32179
32542
32767
-8849
-32768
-29192
-32768
-28333
-2532
27904
31985
32767
30424
32767
6643
-24359
-26010
-32768
-29359
-32767
-18182
2392
7219
27779
32767
28062
11301
5720
9397
9704
1085
16744
32767
31694
32767
17620
961
-26331
-32768
-30180
-32767
-29920
-24678
3083
28786
21912
11850
-873
-10733
-27155
-32768
-26941
-25861
-3767
10834
22989
25005
24810
19884
11827
9942
8022
28297
32376
32767
30614
32767
-303
-32768
-27857
-32767
-28017
-32768
-12075
32767
32586
32014
32767
25726
-16637
-32367
-31580
-32768
-23595
-4509
22925
32767
30816
32767
29147
-315
-19875
-28930
-32768
-30193
-32768
-13006
5131
5575
28627
32767
28511
12242
5902
8712
5920
3393
26545
32767
32646
32767
22031
6995
-31168
-32768
-32216
-32768
-31428
-29750
7064
23788
10126
9085
-692
-13322
-28311
-31951
-26382
-16570
-1976
12722
26262
26989
25733
16891
17551
3231
11316
30827
32767
32767
32322
32767
-18525
-32768
-28981
-32767
-28074
-32768
1633
32767
31829
32131
32767
19119
-28904
-32343
-32223
-32768
-21067
5492
26898
32767
30910
32767
27824
-6678
-13941
-27764
-32704
-32210
-32768
-8840
-11906
2531
29452
32767
27511
15034
21451
28383
8529
10861
30192
32403
32767
2289
-916
-20954
-32768
-27941
-32768
-23847
-25947
-7460
17388
6575
-75
-7451
-15320
-20132
-32659
-20961
-9512
-2544
12907
24154
25642
17101
14914
17609
5003
934
25142
32587
32767
30544
32767
2965
-32768
-28329
-32768
-29005
-32767
-18647
32395
32767
32493
