1848
1865
1202
764
275
415
746
1394
2096
2571
3599
4469
5546
5594
4500
2231
311
-945
-2611
-7321
-13308
-12926
-7121
3827
12390
10823
2561
-7372
-11045
-8272
-2006
2224
1030
-802
-2368
-1237
970
508
-2389
-5038
-5017
-364
5596
8287
6417
2017
-1187
-1462
1847
3723
3634
862
-1617
-2207
-919
-73
-400
-1953
-3373
-1989
881
3502
3782
2794
-355
-1922
-2163
-764
-245
-518
-1663
-1902
-1326
152
728
394
-1359
-2479
-1253
-314
1694
1997
525
-6989
-7724
-4068
1851
6137
4996
1000
-3905
-2612
-373
3919
5431
5702
6164
7642
10845
13703
17503
15416
16301
11629
7705
-13940
-32337
-32768
-29687
-6069
12776
29522
19075
11296
-3706
-15227
-18587
-23374
-16221
-11343
4702
12523
18557
11373
698
-11821
-15756
-13439
-4881
3412
6790
10493
7999
7877
2287
-2380
-9082
-10239
-6583
590
8323
11001
8891
2989
-1932
-5665
-6232
-5238
-3534
-997
2468
6470
7722
5868
540
-4482
-7419
-6330
-2791
635
2951
3230
3355
2134
983
-1722
-3365
-3946
-1859
775
3489
3514
2894
861
395
-907
-1172
-2419
-1911
-1087
1283
-775
-6096
-4980
-2997
6921
7089
7064
-4760
-12033
-15730
-6466
5440
8341
7779
1678
-1140
-3323
1147
634
4302
3329
5983
4972
6110
2669
358
23
1120
5217
7568
7509
3667
1640
355
2352
2169
1636
73
4024
6819
8295
7834
7836
10029
15496
7695
-26786
-32768
-32768
-25856
19758
32767
31415
4053
-8037
-2410
-4924
-5503
-28596
-31403
-21080
7413
30171
31456
11460
-7550
-14724
-11785
-9547
-7769
-13994
-28153
-24022
-11776
14974
22880
17018
532
-8115
-5850
-3934
-802
-1821
1726
19585
32767
32076
32502
17066
20742
30512
32767
30905
32767
15480
-32768
-29144
-32768
-12892
32767
29545
32767
7906
10311
32767
5500
-32768
-31741
-32768
-20464
32767
30665
32767
10216
-2653
16918
5897
-27781
-32768
-32768
-20323
31108
31421
32767
7781
-3815
-4085
-1338
-19550
-31682
-32768
-15959
25681
32767
20862
-27556
-32768
-24566
14943
23485
-860
-8001
2928
28482
29703
4657
-15478
-5110
25651
32767
30859
20931
22828
32733
32706
32562
32767
31348
32767
9320
-32768
-26803
-32768
6086
32767
32400
29630
10958
32385
32767
1838
-32768
-27674
-32768
-8466
30666
26840
26154
32767
30180
32767
5094
-32768
-29432
-32768
-10335
7253
6288
10124
30795
31549
32767
-2786
-32768
-30998
-32768
-32768
-15521
32229
31264
32767
27823
4438
-23499
-20229
-3339
9702
29325
32362
32767
22676
15330
15963
30444
32466
32767
31656
32767
30534
32767
-8976
-32768
-28596
-32768
16493
32767
31669
31758
32328
31749
32767
-7999
-32767
-29545
-32768
-24139
-32768
-26642
19373
32767
30071
32767
-4314
-32768
-22925
-25003
-32767
-31684
-32767
11459
32767
32747
12905
-17329
7921
15129
-18344
-32768
-29816
-3031
19508
13655
-2962
5176
29568
32767
29663
14109
11557
29997
30917
22276
8092
15253
31128
32767
32259
32767
32054
32767
24381
-32768
-29487
-32768
-14619
120
-32768
-12227
24698
32767
32767
26398
-26623
-32768
-29778
-32768
-30036
-32768
-18816
29712
32767
31041
32767
30160
32767
16261
-31659
-32568
-32768
-27736
-22586
-32018
3218
31214
32767
30145
9156
-14222
-5089
-10333
-25423
-31853
-15687
11117
22869
20575
24431
32767
32767
32580
32767
32381
32711
29170
25843
15452
5875
15192
32767
31277
32767
29236
-22899
-32768
-29834
-32126
-26265
-32768
-5708
32767
32103
32767
26891
15810
14027
23973
-27516
-32768
-32768
-20162
-1554
-32768
650
32767
31951
32767
29246
-2317
-16547
-22341
-32468
-32661
-32768
-24675
4204
-9397
9627
32767
32233
28199
3568
3964
-2936
-9973
-24124
-14662
961
17955
20696
30556
32363
32767
32037
32767
31938
32767
27761
12131
23100
-12336
5779
32767
31202
-4935
-32768
-23341
-11575
-23943
-32768
-23699
23920
32767
28151
21613
28011
32767
28605
-16923
-32768
-28227
-32768
-29061
-32768
-24632
24146
32767
29728
32767
29778
32767
11534
-32281
-30180
-30868
-32767
-32331
-32768
-23436
12754
27753
26073
32767
32767
29878
6467
2248
7114
-10110
-22946
-10928
15077
30072
32767
30951
32767
32241
32767
31690
29920
32767
31571
32767
25861
32767
26281
-21932
-32768
-14601
-11333
-32383
-32767
3359
32767
18720
10147
28189
32338
32767
9773
-23993
-16550
-32768
-32673
-32715
-32768
-32768
-16054
1313
21556
32767
29833
32767
28591
32767
19638
-29974
-32768
-32614
-32604
-32768
-25820
2723
13125
28546
32767
32535
32767
31364
17669
10852
13210
10553
3458
7170
11490
18761
32652
31050
32426
32767
32375
32767
31897
32767
31020
32767
24274
-27174
-32768
-22568
-31676
-29879
-32768
-32
1576
-32768
-15133
28844
32767
31669
32767
32106
31307
-19461
-32768
-31545
-32767
-32311
-32768
-32768
-28698
-5510
18583
32763
32651
32491
32767
21349
10483
885
-17151
-17409
-11705
-19868
-29590
-4532
7080
5852
7375
25821
32767
27530
29858
32450
32767
29738
22911
26271
28910
28872
25380
18504
28525
22864
29820
23369
29990
32767
18463
-32768
-17326
10490
-29263
-32767
-28505
-17962
-32768
-32768
-24664
32767
2050
501
32767
31786
29766
13825
28976
12596
-19779
-32768
-16857
-27750
-32767
-29860
-16304
-14709
-17463
2329
-1889
474
-1085
7431
18456
21940
20755
18185
25953
23651
12012
2032
7975
6694
1157
-2878
9615
17012
14186
18064
21148
32767
28761
20927
19972
21853
24966
20620
15849
12925
23682
32767
4231
-32768
-1549
8901
-29686
-32768
-29517
-27766
-32768
-32496
-32146
-25246
-32768
-23999
6140
20061
3119
6185
22808
17700
6358
1393
9910
-582
-1243
1889
5140
-4647
-4269
-944
-5680
-9972
-17648
-5398
846
2131
2515
16708
29236
20498
12666
14875
18449
11228
2484
-2950
-1836
-5626
-6634
-5671
3984
12072
8541
10391
13440
17599
10770
5764
5122
5051
14323
15767
14479
20665
31744
27752
7911
6293
2892
-14342
-31999
-30839
-25804
-32213
-32768
-29767
-19772
-25002
-32276
-22842
-14477
-17773
-23499
-15020
-10226
-10358
-6140
4759
10612
7897
13612
16183
11413
6463
7473
12171
8067
2420
6103
9133
8665
6410
7021
13431
12469
8718
3818
5503
8450
3682
-916
-2876
2208
4418
2766
3471
7572
9800
5837
-223
34
3508
7637
7779
9209
19811
28976
27271
15457
15107
11237
-2416
-13757
-17832
-18699
-28998
-31316
-28259
-24819
-28107
-25204
-17853
-18101
-21642
-21807
-15330
-16539
-12382
-7463
184
829
2499
10911
12783
11001
3555
6352
11708
12706
10036
8120
9621
11346
10276
10370
13164
12211
10437
8505
9066
2554
-6508
-6733
2166
6726
1551
724
6416
8701
2680
-1492
-1897
-334
173
174
2587
7710
15500
21400
18531
17022
17022
12917
7061
-3036
-8974
-15361
-21971
-24877
-26303
-27087
-28541
-23993
-21869
-18208
-15846
-13396
-13577
-14004
-7428
-5826
-1503
-1771
2840
6776
9068
4182
302
5439
7317
5276
-892
6622
12711
15262
9166
8475
14837
14214
11748
4846
5386
2607
586
1617
1117
531
1476
8161
11735
8839
3885
305
-109
1716
1817
-1340
-490
4204
10465
16152
12724
13825
14475
12840
5283
-2693
-5326
-13146
-17836
-21166
-22445
-24325
-24796
-24370
-21776
-18583
-20960
-19827
-16304
-8190
-2818
-164
4058
4062
5863
5418
4697
-1121
115
5151
5970
3253
2186
10250
10560
5949
2901
10530
13621
8099
3841
5466
9163
8252
5293
1548
2177
1905
4147
4196
5082
6178
5642
4686
6339
8251
4005
2474
4843
7550
6513
4649
4649
10333
9731
5505
1995
568
-1671
-9636
-15943
-22778
-24288
-25588
-25383
-22878
-19659
-18976
-19629
-15701
-13451
-10210
-8091
-2760
1181
2666
6503
11094
11104
6143
8886
9934
8849
2665
4146
7778
4316
3568
5621
11139
6596
3705
5551
6965
3789
1124
2401
5317
7138
4646
2849
3944
7153
5428
2841
2973
6875
8210
7934
9691
11621
10074
6787
8491
11395
6696
-2375
-3791
-2017
-3623
-10266
-14610
-17880
-21137
-22148
-22210
-20948
-23218
-21176
-19571
-16222
-11219
-11292
-11520
-8554
628
2909
3561
5627
8005
5780
4720
8869
8650
8933
6873
9760
8303
6401
5519
6578
9544
4128
3990
5098
4774
2124
2079
5514
5181
2595
3183
6592
6875
4996
3009
1948
6228
11036
9825
7627
8449
12346
11125
8150
8577
8062
1685
-705
1494
-2709
-12251
-19638
-20439
-24142
-28432
-28509
-25701
-23489
-20232
-16013
-17100
-14853
-9247
-5020
-4853
-2979
1512
3641
6204
7742
9470
6054
6139
5088
5876
6464
4880
7339
7329
10720
9438
10861
9357
8407
9776
5924
2342
152
3008
3404
1568
1069
5368
8016
6231
3637
6538
11020
11068
11177
11609
14754
16728
14957
11246
8267
5385
685
-6130
-11516
-15214
-17310
-20692
-24295
-26168
-27153
-26047
-24485
-21056
-21525
-19599
-16893
-13871
-9233
-7157
-1766
1804
5695
7879
9193
10541
10642
10488
5905
4746
5414
7581
6265
5278
7123
8223
8745
6344
7907
6777
8365
9252
7966
5413
4403
6369
3495
926
2076
5299
3812
3212
8461
15479
18043
16923
18598
22264
21293
13457
4439
158
-3937
-9869
-18299
-23994
-26365
-31713
-32768
-32727
-32766
-29706
-22500
-15848
-14453
-11480
-7764
-3934
-4284
-3852
-1145
-443
2437
5394
7733
7524
10058
10235
7746
5583
4984
5201
5159
6254
4853
6881
9304
11634
9028
7255
9397
9264
8910
5792
4946
4377
5771
6988
4697
4016
7320
13063
15321
18079
24704
28088
22983
15143
13164
11218
1233
-12157
-20062
-25793
-32056
-32768
-32643
-32768
-32592
-32768
-30166
-25366
-18828
-10175
-2382
374
4259
9380
10449
9698
8956
8792
4388
3888
5451
3275
-716
1287
4264
1425
25
2389
3951
4222
6569
8190
8895
10382
11611
10390
9142
10435
11027
7623
6830
7321
9605
11154
14038
17358
21664
27293
31246
26969
15344
13937
14052
4034
-11477
-19410
-27082
-32768
-32522
-32767
-32716
-32742
-32768
-29854
-27591
-22277
-12046
-7754
-4687
6662
15296
10527
7621
12629
12300
7706
9709
13512
7922
2134
1168
-369
-732
-1263
-947
-4902
-5916
-2691
1094
3627
6725
10217
11174
13450
13353
11969
10439
11739
12814
13954
16354
19735
25710
31012
32767
30100
18259
12872
12266
3310
-9248
-13277
-20275
-32357
-32680
-32768
-32728
-32768
-32582
-28514
-31263
-29735
-13829
-4782
-5955
1372
12407
10132
5669
11123
12182
6346
8667
14656
10555
2509
2975
1217
-4714
-2450
2964
-1797
-7650
-1736
640
-2811
-2525
2408
4558
5833
9574
7991
8612
13190
17932
19372
20938
26016
30589
32767
32663
32393
20290
17981
21740
10189
-5559
-17609
-27004
-32768
-31960
-32768
-31973
-32768
-27530
-10751
-13639
-17440
-6001
2828
3820
12319
11174
-3716
-10152
-2975
783
-2980
2799
4809
-2030
-6517
1110
2369
-4809
1372
12245
8870
1225
3138
-244
-3332
2050
10228
3180
6853
14036
17186
18351
24380
23616
24410
31710
32718
32767
32334
31983
-14369
-32768
-27887
-10224
-14989
-32767
-32362
-32641
-32768
-11158
15790
1968
-570
-4577
-11086
-558
22346
19078
-12320
-27966
-26159
-21037
-8867
6803
-486
-18265
-13459
5509
15653
15644
9674
-15935
-28447
-1628
27064
23465
8917
-4579
-19560
-15843
3064
11572
8071
6567
9015
17167
31297
32767
32637
32767
32300
32767
31457
32767
-12433
-32768
-30752
-32768
-32069
-32768
-32768
-31947
-32768
-10253
31830
32175
29973
19001
1173
-11777
-2828
5808
-14632
-32635
-32411
-32768
-26733
-1856
14242
8550
3194
9817
11530
7449
3851
-14645
-31234
-12795
6651
12361
12768
7781
-11679
-20172
-10703
6428
20659
31869
32760
32694
32767
32365
32767
31833
32767
30662
32767
-10139
-32768
-30665
-32768
-31942
-32768
-25039
-26962
-32768
-14095
28502
32767
31406
32767
2611
-31934
-32768
-30211
-22225
-28037
-28914
-24623
-23781
-9745
23902
32767
32408
28594
14490
-5421
-31658
-31812
-32768
-23284
-3405
11814
13127
5443
-3794
-5330
-3086
9232
26962
32767
31838
32767
31906
32767
31826
32767
31487
32767
24946
-28907
-32768
-32699
-32387
-32768
-21082
12876
1811
-15747
1572
30915
32767
31642
32767
-6956
-32768
-31381
-32768
-32767
-12308
19958
24819
6065
-1892
19509
32767
31727
32767
15544
-24087
-32768
-31243
-32768
2598
32767
31135
32767
-38
-30949
-31054
-7210
23090
32767
30850
32767
27840
31259
31771
32767
30700
32767
21434
-31831
-32477
-32768
-31762
-32768
10630
32767
30164
5804
-5573
23356
32767
31187
32767
-2129
-32768
-31041
-32768
-32768
-3037
32767
30226
32767
1836
-7669
7258
19242
31759
22494
-20846
-32767
-30562
-32768
10089
32767
29783
32767
1739
-32767
-32168
-18489
29208
32108
32767
32187
32767
30301
32767
32594
32767
30648
-25486
-32768
-32768
-31032
-32768
5702
32767
29780
32767
10190
-5211
2563
16901
32767
16178
-29415
-32768
-31275
-32768
-20634
30148
32767
32154
32767
-1583
-32266
-32254
-17827
13129
2818
-32768
-31086
-32768
-17962
29293
32767
32228
31326
-21123
-32768
-32567
8354
32767
31089
32767
32606
32355
32767
30788
32767
-8051
-32767
-30412
-32767
-31678
-32408
21269
32767
30825
32767
26976
-738
-21304
-15871
-7831
-27830
-32767
-32768
-31133
-32768
-3662
32767
31129
32767
32767
9650
-31819
-31726
-32768
-24254
-32048
-32297
-32768
-14214
23410
32767
31555
32767
10080
-29931
-31502
-10572
30512
32327
32767
32353
32767
32486
32767
28592
-24882
-32767
-32233
-32768
-32768
-29764
23601
32767
31481
32767
32187
19779
-11481
-17953
-26487
-32768
-32662
-32767
-32768
-29681
16844
32767
31167
32767
30196
974
-32744
-31272
-32768
-30957
-32768
-30373
-32768
-11702
29520
32767
30767
32767
3995
-32768
-32486
-2193
32767
30875
32767
31254
32767
30518
32767
3101
-32768
-29087
-32768
-29015
-32768
-8024
32767
31214
32767
32017
32767
11794
-10814
-16892
-32124
-32050
-32768
-31089
-32767
-1041
32767
31076
32767
32392
13159
-25198
-31972
-32768
-31598
-32767
-31324
-32768
-25016
21086
32767
29974
32767
17932
-28473
-32768
-22428
23582
32767
31378
32767
31506
32767
31398
32767
-21738
-32768
-32194
-32768
-32767
-28791
24981
32767
31623
32767
32375
25582
-5177
-10047
-23964
-32768
-32768
-31997
-32768
-22393
27861
32767
32194
32767
25115
-13339
-32768
-32121
-32768
-31902
-32768
-30991
-32768
6820
32767
30617
32767
29937
-20002
-32768
-31632
4874
32767
28388
32767
29145
32767
28390
32767
5939
-32768
-30837
-32768
-30991
-32768
11511
32767
29588
32767
30824
31657
1571
-6394
-11168
-31907
-32720
-32768
-32268
-32707
16624
32767
30494
32767
27117
-10718
-32768
-31160
-32768
-31128
-32768
-30066
-32768
-2941
32767
30997
32767
32220
-14432
-32768
-31471
5767
32767
28394
32767
29615
32767
29821
32767
23460
-29257
-32768
-32566
-32064
-32767
5736
32767
28335
32767
29012
32767
30831
29956
10079
-26032
-32767
-30734
-32767
-27329
23612
32767
30266
32767
22015
-16014
-16352
-2613
-14957
-31921
-32768
-31087
-32768
-430
32767
28094
32767
24007
-22318
-32768
-19909
27922
32767
31314
32767
31801
32767
32512
32398
32767
-17085
-32768
-30650
-32767
-32768
13011
32767
29624
31289
-803
29897
31210
32767
25321
-23817
-32768
-28947
-32768
-14545
32767
32767
31373
32767
12883
6160
28749
32767
4825
-32768
-30702
-32768
-32768
13849
32767
28361
32767
4550
-23978
-10957
24578
32767
32767
30221
17414
29905
32767
32251
32767
32749
-18871
-32768
-29463
-32767
-25101
15304
32767
21185
-6752
13376
32767
27267
32767
-1480
-32768
-31875
-32207
-32768
-2389
32767
9554
-17422
10988
32767
29173
32767
24918
-24035
-32768
-28709
-32768
-10763
32767
32615
32562
32767
32286
32767
32473
30437
245
-5044
26891
32767
32637
32456
32767
30948
32767
-2441
-32768
-28687
-32768
-29824
-32768
-17454
1247
5237
25329
32767
29704
32767
14882
-32768
-31479
-32768
-32138
-32768
-32387
-32768
-29701
13759
