4811
5508
6395
6332
6957
7844
7305
5252
3644
-243
-11839
-22297
-16535
-9544
-11895
-19361
-20335
-9649
-2529
-2954
-3922
-2921
-3445
-2365
246
1124
-508
-2104
-226
3945
6700
8203
9983
10147
9790
10167
9266
7232
4646
2119
284
-1896
-3965
-5028
-5273
-4965
-3818
-2781
-1790
-1705
-1229
82
1559
2681
2421
1673
667
58
-393
-719
-1042
-870
-615
-15
1033
1660
1226
243
-165
346
466
332
-365
-1467
-1741
-1445
146
870
207
-121
467
935
30
-2663
-2189
-708
-3902
-6068
-3150
21
-1143
-1924
344
1877
1486
2788
5549
4677
1979
1838
3295
2579
1331
1838
1819
1133
678
1712
2694
2646
2529
1741
383
-1293
-2801
-3190
-3055
-3418
-3623
-3104
-2008
-872
60
1091
1799
1333
554
64
-791
-1384
-1634
-1059
-809
-634
381
990
1250
755
344
-322
-617
-912
-1329
-1643
-1279
-357
236
794
1116
726
-466
-615
-480
-846
-1456
-1552
-975
-148
405
1734
1960
927
2
-449
-481
-1250
-2033
-1737
-560
-57
833
1606
2023
1581
1207
1464
1275
602
-109
-661
-487
301
932
1352
1085
604
-192
-842
-1145
-1483
-1466
-1002
-525
-654
-584
205
971
957
735
783
-42
-475
-91
371
492
95
9
409
298
-245
-656
-330
-602
-848
-704
-622
-356
-360
465
537
350
21
293
303
-295
-550
-395
121
-22
397
777
233
-332
-458
-303
-543
-1389
-736
-644
-581
124
729
910
246
-55
-343
-434
-582
-450
-684
-280
261
1100
1598
1530
1184
178
-429
-891
-1074
-1401
-1474
-1234
-386
190
716
1006
575
254
123
-147
-647
-1368
-1411
-1130
-782
277
762
971
1241
1815
2207
2127
2158
2691
2516
2558
2948
2800
2383
2063
2215
2044
1844
1766
1707
473
-1843
-3851
-3929
-3487
-4652
-6244
-6966
-6870
-6338
-5556
-3998
-3138
-3072
-1868
-512
264
120
659
1052
794
840
1430
2518
3148
3344
3382
3835
3959
3973
3191
1908
914
423
183
-108
-158
-137
-414
-698
-440
-275
-731
-1250
-841
-340
-466
-850
-270
340
448
905
1867
2462
2396
2720
3687
4035
4701
5871
6599
6737
6262
6055
3589
205
-1660
-2944
-4659
-6619
-7235
-7895
-8413
-7988
-7103
-6282
-5997
-5062
-4060
-3234
-2493
-1984
-1771
-1074
-112
683
1460
2517
3462
4162
4332
4494
4735
4676
4399
3666
2475
1283
845
-53
-1150
-1591
-1485
-2531
-2522
-1770
-938
-1281
-1556
-741
-756
-1552
-1914
-1440
-1480
-1621
-609
423
-428
61
524
1445
1080
1161
1501
867
838
326
974
1335
1394
1548
1626
1192
667
151
-395
-1023
-1003
-690
-500
-507
-672
-384
-135
-236
-33
-1331
-878
66
-816
-594
-807
-55
479
230
666
1182
882
125
31
847
343
-189
906
1522
1154
793
1585
1785
631
319
315
-542
-1725
-1601
-1158
-940
-821
-677
-469
-756
-164
-138
-797
-1121
-1294
-1106
-780
-151
244
351
736
1284
1465
1060
738
438
730
814
925
839
526
104
-102
-213
-564
-623
-690
-648
-451
-136
230
612
638
531
288
247
193
189
34
-123
-188
-14
281
668
649
789
400
157
-122
-615
-696
-988
-636
-125
461
-1158
-2250
365
3142
1259
-1368
-1107
574
1057
1006
1902
1469
241
550
2475
2127
321
-816
-1143
-1308
-1038
-681
-533
-1119
-1482
-1038
-264
225
-365
-1234
-2119
-2208
-1857
-1486
-1110
148
579
291
716
1158
1072
558
466
703
-62
-553
95
35
-183
-528
94
698
427
941
1379
630
-728
-954
-589
-650
-652
-255
-417
-1505
-1845
-924
-386
-726
-755
-164
380
40
45
581
449
125
115
389
462
391
458
918
1077
805
151
35
-64
-335
-656
-1065
-814
-694
-384
-49
501
-447
-1732
-828
896
188
-1678
-1227
300
784
637
991
1215
608
601
1581
1214
31
-728
-404
-268
-392
-30
435
411
56
116
464
495
38
-167
-367
-287
-436
-484
-356
319
995
611
279
69
2
268
344
-126
-686
-1061
-546
-339
-1117
-742
1084
1064
-597
-110
2113
2260
579
251
608
275
-174
421
538
-676
-1215
-578
-88
359
702
380
-524
-863
-164
297
276
-389
-766
-401
441
959
1036
723
283
226
376
361
-285
-974
-1188
-820
-864
-789
-591
-238
-278
-391
-117
-175
-241
-161
-127
-85
-48
-138
-20
57
129
-320
-503
-265
-93
-567
-896
-478
-126
66
301
646
585
470
278
366
584
524
474
780
760
467
563
578
375
125
307
24
-185
-480
-504
-865
-1102
-510
-298
-441
-955
-726
-255
460
494
484
614
430
502
784
698
-42
-197
-265
-717
-843
-430
-316
-350
-202
35
-93
-341
-339
-434
-829
-796
-527
-285
106
330
847
937
1282
1148
912
1000
449
-369
-717
-539
-349
-171
-232
-240
3
458
634
458
61
-141
-248
-154
155
236
88
189
446
667
832
866
680
260
25
375
557
419
0
40
285
272
516
321
287
55
-150
-406
-232
91
-226
-436
-474
-388
-716
-618
-220
-441
-931
-1032
-567
-255
-100
-472
-697
-363
-61
-223
-376
-437
-230
75
300
975
1024
976
835
1121
1375
1321
1216
1042
929
921
1100
991
618
329
428
180
-182
-459
-75
-1
-378
-525
-279
-68
-319
-185
-128
-460
-774
-604
-460
-627
-787
-702
-336
-400
-403
91
21
-266
-647
-674
-469
-521
-471
-371
-269
-242
52
42
123
-225
-365
-269
-275
-229
-424
-233
-407
-189
-234
-102
-253
-474
-440
-174
-66
-273
-76
201
307
86
310
165
149
173
108
-224
-276
-312
29
-55
-266
-217
-132
-73
-326
-128
-211
31
78
88
76
331
363
232
227
202
304
355
435
200
203
418
460
382
377
303
295
252
25
-380
-439
-270
-156
19
95
547
753
589
601
709
604
368
155
166
-23
-245
-74
137
221
181
-64
8
93
1
45
-127
-174
-185
-261
-161
-124
36
254
67
152
105
98
-44
-98
-84
-86
-206
-422
-620
-516
-263
-466
-316
-16
96
-231
-276
-139
2
207
137
-62
-113
-186
-228
-93
32
58
-38
134
202
178
116
-69
-182
-196
-207
-374
-154
-197
-220
-179
-123
-9
-48
63
8
5
-11
26
37
153
312
319
99
1
-9
156
183
73
174
69
-105
-77
-2
60
0
-4
-49
-150
58
-7
98
-161
-98
-84
-182
-56
-171
-84
-241
-85
-29
91
-16
-96
24
106
127
-45
-79
122
21
14
39
175
186
-50
56
49
-1
-211
-49
82
-11
-116
-28
-16
252
472
554
431
369
357
62
-4
34
29
-17
101
25
49
45
101
246
239
102
24
96
-79
-73
89
183
167
125
302
367
211
-30
3
33
-102
63
208
-103
-41
648
445
-555
-433
415
368
-283
-297
-111
-110
-353
-48
281
-242
-490
-120
139
-118
-273
-103
-91
-238
61
175
100
-90
-10
149
191
58
-4
-49
-144
-72
-186
-184
-121
-102
-210
-105
-124
-192
-193
-169
-145
-219
-194
-35
-115
-213
-379
-327
-100
-84
-152
-72
196
210
195
92
26
-27
-79
-55
-139
-126
34
170
31
-113
-173
-154
-68
-29
68
-134
-27
-129
-147
-128
109
131
8
99
160
160
-73
-21
-156
-185
-115
66
24
46
-42
-114
-232
-131
-95
-298
-320
-329
-149
25
70
16
-111
-35
200
1
-61
-32
-115
-74
62
303
320
338
444
427
354
195
294
91
16
115
249
394
226
432
422
496
505
401
207
-123
-55
-52
1
70
169
164
201
182
382
279
150
36
-40
23
48
172
190
416
166
267
176
195
151
-44
92
8
66
188
188
116
152
27
63
8
20
121
3
-212
-399
-425
-496
-367
-477
-501
-322
-288
-207
-286
-155
-30
-107
-41
-13
71
52
10
68
-19
102
49
41
74
54
64
24
-9
-165
-154
-308
-319
-286
-331
-112
-90
-67
-55
93
68
96
190
214
241
92
-127
-461
-530
-710
-531
-375
-294
-179
-227
-93
-96
28
176
128
152
102
-33
-137
-49
66
16
-12
-57
-151
-258
-153
-303
-423
-299
-270
-61
111
12
-96
-130
-16
135
16
-18
-70
-56
-92
-98
-76
-125
4
237
453
247
-36
224
279
-56
-63
32
208
-118
-211
166
74
-146
30
159
180
-141
-279
1
-117
-63
220
219
108
134
298
315
273
302
315
545
207
158
-59
69
283
163
224
228
150
-64
70
4
16
-11
-99
20
102
82
351
305
235
187
77
84
-130
-210
-200
-147
46
103
-4
-58
-160
-19
249
192
228
166
42
196
129
82
96
14
34
-12
-2
51
130
69
-205
-349
-377
-233
-174
-212
-166
-128
-1
18
-5
58
128
180
82
129
108
121
19
-45
-124
-178
-265
-222
-191
-350
-226
-268
-226
-190
-39
-77
96
17
-32
-25
-5
51
210
214
2
11
41
162
-44
26
1
217
-135
99
139
-239
-203
-143
-1
-269
-296
-273
-9
33
360
275
18
-133
-28
179
-104
-275
-98
146
-145
-204
-155
-310
-222
-244
-248
44
-459
-725
-346
-57
-65
-219
-301
-67
271
109
275
94
-170
-600
-385
260
146
-58
-326
-167
-114
-191
-160
-42
-111
-189
-219
-165
-195
127
414
442
440
-100
-260
-80
111
273
372
117
166
349
233
362
225
-104
133
-17
54
-144
180
393
555
636
173
606
467
406
161
-68
-97
469
232
207
-247
-185
440
166
167
-550
-372
160
-75
-172
104
128
294
541
356
-139
58
-459
-865
164
255
4
38
-377
-125
-114
-88
785
-63
-1214
-561
-331
-627
-785
-181
598
-288
-1080
-462
-17
-588
101
454
-5
-296
-348
681
-72
287
2762
1026
-1835
-526
1086
500
470
1380
663
-1097
-1951
-335
1642
749
55
-201
-1374
-1479
389
1577
298
342
-261
-1235
-1244
-933
1460
806
-1039
-235
-258
-1003
-584
324
877
396
-853
-2097
-1954
475
2438
723
-1347
-830
288
612
217
-525
240
787
-286
-244
308
14
77
914
673
190
-688
-183
135
440
1020
462
-706
-75
667
86
83
-459
-174
-195
483
106
205
-484
-894
-703
443
1298
-92
-520
-623
703
522
295
440
-102
-853
231
978
913
414
-700
-297
222
-308
-220
124
-203
198
-12
387
128
388
-629
-413
619
219
157
-679
70
745
500
10
328
157
-324
10
675
181
-435
-248
-196
-261
53
66
-453
-421
40
69
-135
-43
-4
56
-434
-46
77
-45
-132
-5
122
-161
30
260
225
-120
-55
-11
-8
-163
-94
16
-55
182
292
316
-2
-90
97
73
-266
-139
34
-178
-162
-266
-165
48
105
-335
-191
-131
-168
-209
-320
-343
-275
-120
-178
-40
-128
-133
-255
-102
-24
-45
-100
-218
12
122
44
149
123
-120
-159
170
-20
-212
-311
-161
-6
-109
-284
-119
104
-124
142
80
55
-167
79
-2
302
277
-20
78
-110
54
78
252
72
155
176
142
31
-154
43
105
56
149
-48
141
200
197
55
1
-74
-33
191
-34
268
37
59
164
268
302
17
94
50
1
-26
8
72
-119
5
74
246
454
224
212
168
146
85
24
-106
50
-24
87
103
115
220
-112
-64
-115
-12
-115
-124
-11
28
99
9
-38
-75
27
-28
50
-91
68
205
89
-107
-267
-46
-98
-18
-80
-28
-95
26
40
-17
-59
-334
-66
118
197
51
28
-13
12
85
91
-72
-21
57
-1
282
168
290
96
-153
-195
-167
-88
-163
-339
-56
-94
28
-161
-182
-283
-48
-273
59
-161
0
-49
-17
-45
-168
106
-119
106
-233
151
-293
235
-447
334
-605
404
-593
467
-682
338
-737
583
-675
556
-633
538
-862
1494
9614
-17840
2313
6930
-3683
3204
-3463
23
2205
-101
-815
2020
-1430
417
-143
515
828
168
473
-364
-346
1006
-654
313
-344
147
111
-365
399
-74
-623
823
-795
704
-339
-467
1416
-1924
1824
-641
817
224
-359
782
-69
707
220
168
-20
248
125
243
313
-245
-174
434
-69
-2
73
89
-386
-110
28
-84
170
208
48
-126
150
4
-120
-147
126
-248
-263
551
83
139
7
-14
-57
29
149
-145
40
-36
-256
166
260
-100
119
91
156
113
-74
-186
64
16
-343
-306
-271
-393
-440
-107
-206
-328
-84
-112
-147
-179
-220
-77
77
106
-139
4
66
-10
232
171
-61
92
374
-25
-129
-45
388
-262
407
-489
-682
586
-266
310
-215
164
-71
213
241
-204
17
-12
-176
-64
299
-127
61
-410
-99
-207
-341
-222
-63
-110
-668
-330
198
-133
-588
29
36
61
207
-50
207
311
-49
48
141
54
-20
-39
-73
13
-58
101
-349
-126
132
-326
338
-280
-231
131
-103
45
143
151
234
132
28
90
-98
25
-248
85
227
-179
308
-15
-183
35
-43
163
289
-122
-31
136
65
119
79
-56
-212
76
-211
50
-141
-162
173
-83
20
-13
-101
24
-95
28
46
279
144
62
225
-138
114
-69
184
-2
181
269
135
222
245
239
54
448
192
171
12
172
443
234
-11
-55
-47
-46
-216
-164
201
-213
-268
-353
-29
-146
-293
-155
-378
40
97
-22
107
-185
-267
260
192
52
-89
5
-212
-93
58
156
145
-281
-460
-291
210
-169
4
78
-83
-23
193
224
40
18
-108
0
-1
-81
52
-23
-46
-97
18
62
-192
130
-100
143
-29
-164
173
135
-181
-270
-68
-119
67
64
-109
-4
6
-368
-113
-282
217
19
-268
-25
-109
-111
