-16172
-4606
1472
9962
18480
24600
32767
32459
32767
32576
32767
32552
32767
32589
29112
-11474
-23423
-18962
-32768
-31694
-32768
-32363
-32768
-27032
-5515
3446
9567
10279
17657
10746
1020
-1723
-12797
-19030
-18261
-15685
-10360
-3015
4056
17242
20563
31209
32767
32528
32767
32746
32626
32767
32163
32382
-4199
-22920
-17977
-32768
-32489
-32716
-32768
-31974
-32768
-17922
-1525
7012
12157
15894
22630
10362
3338
-4337
-10810
-19180
-15987
-11988
-6324
-1951
9351
19200
26344
32767
32152
32767
32561
32767
32767
32397
32643
7177
-20562
-14384
-27445
-32768
-32013
-32768
-32133
-32768
-30682
-13958
3280
8484
10407
22779
22582
9847
1043
-4823
-9281
-14054
-14517
-10083
-824
4030
10060
20540
32282
32736
32767
32767
32738
32767
32747
30020
16406
-9150
-15533
-19964
-32768
-32279
-32768
-32447
-32768
-32649
-29337
-16375
494
7389
14520
19765
17280
12739
6343
-1511
-5656
-4031
-3456
-891
3671
7280
11751
18586
21754
22456
24349
24826
25201
25385
25906
23422
12564
3041
1580
-6287
-16086
-25545
-32382
-32754
-32768
-32614
-32768
-30059
-25491
-18210
-6611
-1027
-142
2512
2474
3184
7380
7750
9907
13699
14986
15667
19592
23636
24706
26500
27630
28856
28574
28133
24687
18428
13009
7148
-2082
-11520
-22862
-32660
-32598
-32768
-32645
-32768
-32674
-32768
-32153
-23118
-14458
-4573
4699
6456
9502
15626
17730
21834
25812
26727
29551
31085
31699
32754
32767
32253
32767
31406
26946
17886
9211
1760
-8802
-16804
-25260
-32357
-32768
-32637
-32768
-32582
-32768
-32419
-32768
-27062
-16552
-8804
3681
10904
12612
16235
17753
18196
22313
24134
24057
28388
31445
32401
32767
32755
32766
32767
32485
27132
16805
9027
-1388
-15052
-22718
-29824
-32768
-32492
-32768
-32608
-32768
-32644
-32768
-31896
-22334
-13018
-5109
5469
10429
13418
16045
16094
16792
18460
19543
20208
22809
26293
29301
32049
32767
32757
32767
32767
32151
22912
12406
4730
-8555
-19902
-28047
-32767
-32648
-32768
-32740
-32764
-32768
-32706
-32585
-24383
-14588
-7384
2922
8884
10526
13841
14835
15610
17083
17627
19542
22328
25440
29199
32298
32767
32639
32767
32566
32767
27758
15592
7080
-4439
-17966
-28049
-32659
-32768
-32712
-32768
-32648
-32768
-32506
-32768
-27403
-15495
-9848
-677
8488
10744
12867
14220
14004
15356
16265
16951
17674
21334
24420
27154
31714
32767
32675
32767
32620
32767
25749
12879
3934
-7379
-20728
-30133
-32768
-32644
-32768
-32700
-32768
-32723
-32768
-32124
-22077
-12124
-6384
3273
8861
9723
11243
11680
12739
13861
14834
15482
17815
21183
24209
27945
31349
32767
32566
32767
32524
32767
24361
11665
2769
-10049
-22259
-30538
-32768
-32576
-32767
-32615
-32768
-32547
-32768
-30544
-20434
-12458
-3647
5022
8546
10217
11167
12749
14427
14493
15783
17280
18619
22023
25874
28262
31396
32767
32624
32767
32621
32628
23645
11801
2257
-10516
-22708
-31061
-32768
-32621
-32768
-32654
-32768
-32604
-32768
-30605
-21075
-11835
-3468
4885
9768
9982
12427
14778
14465
15767
17193
17498
19023
22279
23851
26945
29817
32029
32767
32764
32744
32502
24921
13266
4020
-8671
-20910
-30133
-32768
-32616
-32768
-32684
-32768
-32682
-32768
-31557
-22175
-11715
-4636
4116
9027
10039
13450
14092
13733
15247
16039
16732
18029
20201
22810
26407
28831
31564
32766
32767
32702
32766
27441
16315
6030
-4773
-18474
-29931
-32768
-32690
-32768
-32752
-32763
-32768
-32716
-32559
-23805
-12720
-5932
1896
8082
11389
13008
13905
13788
14592
15490
16072
16701
18726
21858
24322
27350
29140
31240
32754
32715
31847
29145
20458
10200
487
-12699
-23570
-31566
-32768
-32639
-32767
-32646
-32768
-32619
-32767
-27006
-18099
-9863
-2909
4540
10431
12622
13646
14380
15788
16239
16824
17853
18790
20517
22803
24644
26740
28737
30052
30025
29837
28703
23191
13659
3707
-6997
-18237
-28000
-32768
-32670
-32768
-32692
-32768
-32665
-32768
-30888
-23190
-15013
-7468
1247
7669
11321
13286
14759
15609
16399
18085
19401
19701
20184
22245
23770
25489
27064
28789
28374
27894
27765
25222
15785
6045
-1996
-13696
-23799
-31439
-32768
-32686
-32768
-32721
-32768
-32759
-32161
-26814
-18143
-11129
-3559
4512
8516
11924
14499
14129
15471
18544
19094
20053
21215
20719
22189
23765
24515
25643
26016
25497
25541
24465
17745
9936
3510
-7025
-17315
-24681
-31533
-32768
-32666
-32768
-32736
-32766
-32768
-30673
-22079
-14595
-8446
-985
5737
9875
12613
14516
15758
17994
19406
20254
20157
20569
20450
20545
21402
21718
22313
23084
23573
22655
19870
13670
7033
-781
-11270
-18297
-25654
-32524
-32768
-32755
-32768
-32709
-32768
-31112
-25742
-17285
-11261
-4824
2967
7313
10833
13982
15088
16490
18923
19853
19760
20791
20595
20620
20661
20877
21443
21906
21277
20939
19655
13365
7238
737
-8632
-15807
-22649
-31319
-32768
-32696
-32768
-32768
-32515
-30728
-26429
-17838
-12506
-5902
2207
6294
9258
13702
14838
15624
18382
18823
19175
20941
20287
19429
20738
20181
20181
20499
19239
19387
18860
12531
6757
1701
-7011
-14426
-19899
-28015
-32559
-32735
-32760
-32768
-31910
-29886
-26056
-18150
-12235
-5887
1807
6219
9909
14191
15249
16317
18273
18134
18097
19422
18542
17843
18628
18439
18151
18445
18492
19040
18228
12430
7675
2765
-5702
-12988
-18765
-26504
-31226
-32649
-32768
-32767
-31248
-28959
-25632
-17469
-11043
-5676
1697
7155
10334
13702
15095
15631
16697
16566
15967
16486
16434
16010
16381
16700
16456
17287
18304
18494
16762
11750
7804
2753
-5311
-12058
-17829
-25378
-29944
-31847
-32768
-32682
-30862
-28548
-24492
-16769
-11472
-4846
2465
6824
10760
13858
15545
17418
17885
17146
18015
18107
16979
16677
17123
16859
16783
17510
17434
16013
12565
8372
4209
-2571
-9458
-14844
-21194
-26702
-29039
-30765
-31729
-30055
-28295
-25855
-20393
-14994
-9607
-2418
3298
7194
10689
13580
15736
17542
18116
18904
19263
18378
18197
18065
18170
17537
17666
17874
16621
13369
9375
5534
-750
-7981
-13525
-18961
-24720
-27627
-29118
-29749
-28759
-27370
-25768
-21387
-15847
-11825
-6493
199
4973
8058
11680
14338
16397
18184
19294
20146
19612
19408
19512
19789
19197
18270
18373
17389
14077
9001
5224
-213
-7020
-12722
-18332
-23716
-26908
-28385
-28947
-27899
-26558
-25040
-22238
-16742
-12488
-8428
-2607
2150
5387
8999
12304
14556
17012
18975
20525
20925
21220
21327
21545
21098
19691
19055
17587
14327
9251
4494
-522
-7092
-12801
-17899
-23053
-26556
-28085
-28454
-27073
-25374
-24184
-21385
-17130
-13257
-9166
-4567
-444
3327
6561
10070
13017
15347
18036
20406
22023
22855
23402
23762
23303
22020
20669
18787
14865
9021
3776
-1667
-8526
-14077
-18713
-23988
-27194
-28571
-29217
-28227
-26205
-23777
-21022
-17170
-12959
-8846
-4250
62
3609
6918
10115
13213
16390
19064
21374
23008
24242
24800
24817
24354
22899
21241
18328
13565
7022
1171
-5156
-12441
-17719
-22609
-26857
-29041
-30361
-29985
-27847
-25551
-22137
-17983
-13638
-9191
-4815
-540
2767
5851
8596
10650
13154
15804
17977
20255
21865
22630
23834
24093
23709
23015
20812
18058
13553
6769
801
-5519
-12451
-18016
-23212
-26985
-28493
-29630
-29339
-26925
-24389
-21068
-16346
-12107
-7696
-2992
833
4158
6630
8752
10377
12515
14616
16681
18687
20043
20820
21493
21923
21486
21044
19472
16568
12352
6955
878
-5398
-11377
-16961
-22063
-25644
-27191
-27820
-27420
-25234
-22738
-19995
-16354
-11917
-7278
-3110
725
4133
6605
8874
10825
12262
14337
15913
17848
18992
19671
20570
20638
20330
20018
18302
15234
11372
5773
391
-5841
-11455
-16202
-21058
-24968
-26374
-26764
-26299
-24021
-21874
-18599
-15220
-11340
-7070
-2995
800
4073
6346
8668
10638
12231
14564
16093
17624
19100
19929
20515
20609
19165
18071
16668
13447
9420
4832
-140
-5462
-10782
-15640
-19402
-22962
-25338
-25848
-25101
-22893
-19747
-16560
-13345
-9316
-5704
-2289
1331
4168
6146
8133
10000
11310
12811
14295
16048
17627
18427
18819
18826
17866
16242
13896
11267
7454
2915
-1233
-5908
-10631
-14961
-18070
-20980
-22696
-23494
-23497
-21063
-18305
-14811
-11182
-7600
-4095
-1294
1403
3991
6045
7477
9133
10760
12687
13685
15308
17187
17917
17702
17779
16718
14979
12212
8926
5299
902
-2976
-6920
-10440
-14457
-16643
-18947
-20237
-20673
-20939
-19749
-16760
-13727
-10449
-7026
-3479
-614
1367
3707
5841
7412
8858
10643
12185
13883
15074
16448
17561
17684
16802
15806
13916
11291
7186
3406
-1102
-5213
-8758
-11872
-14691
-17088
-17858
-18876
-19040
-18161
-17055
-14916
-11268
-8379
-4791
-1244
1157
3118
5200
6790
7868
9408
10622
11900
12799
13616
14909
15397
15227
14136
13121
10699
7554
4406
840
-2975
-7387
-10218
-13001
-15310
-15985
-16640
-16551
-15795
-15160
-13762
-11273
-8488
-6242
-3156
-18
2513
4266
6022
7141
8456
9573
10006
10877
11196
11595
12182
12942
11702
11390
10152
7877
5714
2650
-354
-2951
-5981
-9634
-11489
-13400
-14348
-14659
-14223
-13511
-12150
-10844
-9137
-6838
-4378
-2200
-90
2514
4497
6374
7543
8676
8758
9652
9535
9363
9393
9168
9532
8938
8714
7545
5662
4007
2143
-416
-2104
-4118
-6222
-8093
-10290
-11353
-11654
-11646
-11287
-10658
-9102
-7537
-6337
-4091
-2146
10
1826
3700
5699
7505
8525
8687
8865
8730
8009
7358
6832
6401
6016
5038
4782
3932
2490
988
98
-1692
-3060
-4496
-5972
-7199
-9025
-9296
-9686
-9738
-9729
-8674
-7306
-6042
-4726
-2931
-818
976
2524
4090
6063
7128
8018
8293
8053
7222
6532
5415
4958
4305
2966
2763
2268
1496
547
-275
-1094
-2162
-3106
-3652
-4778
-6194
-6949
-7296
-7517
-7436
-7394
-6623
-5497
-4409
-3185
-1126
703
2500
4250
5231
6906
7482
7695
7828
7014
6051
4797
3694
3312
2058
940
890
474
-36
-118
-851
-1619
-1817
-2888
-3767
-4431
-5438
-5878
-6508
-6843
-6630
-6150
-5298
-4302
-3253
-1756
242
1853
3452
4783
5988
6678
6835
6949
6719
6097
4927
3614
2550
1531
474
-327
-543
-629
-836
-1146
-1616
-1993
-2353
-3013
-3705
-4120
-4437
-4671
-5042
-5457
-5249
-4656
-4282
-3057
-1853
-280
1569
2837
4227
5400
6415
6431
6142
6059
5686
4873
3844
2329
1075
34
-1133
-1325
-1657
-1941
-1814
-1830
-2013
-2279
-2531
-2805
-3108
-3444
-3390
-3191
-3313
-3377
-3232
-2734
-2338
-1352
-169
823
2303
3243
4250
5222
5507
5363
5299
4766
4287
3549
2594
1835
194
-1004
-1534
-1891
-2062
-2231
-2097
-1726
-1912
-2092
-2042
-2203
-2424
-2552
-2472
-2268
-2263
-2068
-1846
-1665
-1133
-379
611
1685
2464
3396
4385
4740
4611
4551
4531
3883
3079
2378
1451
282
-942
-2178
-2456
-2597
-3033
-2750
-2568
-2322
-2060
-2209
-2088
-2514
-2446
-2352
-2373
-2100
-2012
-1505
-909
-315
133
1184
2052
2605
3125
4012
4380
4224
3879
3385
3055
2386
1345
654
-52
-1008
-1980
-2752
-2958
-3313
-3299
-3034
-2256
-2151
-1799
-1506
-1741
-1690
-1624
-1303
-1504
-1048
-351
-153
364
1194
1689
2717
3551
3569
4149
4389
4176
3651
2846
2332
1758
1005
13
-969
-1835
-2580
-3305
-3979
-4317
-4325
-3796
-3079
-2417
-1562
-1176
-841
-383
-140
87
12
-46
200
471
677
1190
1789
2333
2483
3247
3950
3746
4065
3720
2877
2505
1361
1069
585
-636
-1549
-2925
-3330
-3851
-4635
-4765
-4373
-4131
-3286
-2635
-1505
-699
-333
293
509
818
596
806
1151
1519
1758
2501
2827
3336
3515
3757
3861
3637
3070
2313
1855
775
-51
-938
-1747
-2635
-3469
-4461
-4825
-5031
-5160
-4987
-4294
-3517
-2781
-1489
-621
144
1077
1164
1737
2178
1847
2276
2427
2749
3496
3680
3951
4464
4208
4209
3766
3211
2903
1716
719
-331
-1427
-2510
-3299
-4006
-4822
-5349
-5734
-5637
-5241
-4628
-3796
-2643
-1471
-680
380
1496
1980
2334
2670
3078
3589
3533
3531
4150
4220
4424
4619
4250
4398
3671
2592
2208
801
-287
-1226
-2896
-3853
-4778
-5781
-5971
-6007
-6354
-6132
-5653
-4676
-3918
-3069
-1600
-400
693
1709
2639
3534
3806
3936
4625
4801
4832
5041
5240
5514
5397
4754
4770
4337
2407
1110
225
-947
-2067
-4001
-5439
-5991
-7050
-7615
-8015
-7964
-7131
-7082
-6111
-4783
-3939
-2294
-713
555
2005
3132
4046
4995
5379
6094
6326
6429
6639
6411
6448
6257
5828
5252
3881
2185
1084
-508
-2111
-3466
-4943
-6197
-7427
-8160
-8585
-8758
-8651
-8253
-7390
-6312
-5278
-3998
-1981
-581
858
2749
3631
5112
6668
7212
8158
8237
8273
8976
7720
7578
7951
6088
5676
4862
2235
967
-922
-3536
-4960
-6826
-8150
-9297
-10287
-10726
-10832
-10178
-9456
-8285
-6920
-5344
-3764
-1795
129
2026
4193
5217
6661
8316
8716
9943
10250
9854
10308
9432
8679
8731
7425
5818
4534
2541
-123
-2216
-4657
-7277
-8915
-10984
-11883
-12684
-13286
-12801
-11663
-10759
-8927
-7169
-5368
-2967
-1160
996
3683
5716
6968
9915
10187
11651
12481
11745
12799
12260
10757
9913
8677
7016
4896
2752
503
-2278
-4711
-8038
-9813
-12578
-13927
-14669
-15634
-15150
-14363
-12955
-10872
-8745
-6096
-3391
-518
1274
4328
6541
8549
10106
11448
13416
13249
14433
14142
14230
13276
12753
10409
9314
6686
4201
1595
-1919
-4733
-7696
-11333
-13862
-15766
-18982
-18314
-19056
-18228
-16085
-13526
-10631
-6422
-3418
-135
3741
5420
9010
10403
11723
14563
13431
15024
15898
14156
14880
14900
12482
12736
10831
7762
6481
2460
-1890
-4578
-9023
-14048
-15696
-19475
-21622
-22561
-22860
-22125
-19255
-15858
-11901
-6329
-2336
2198
5749
9546
11142
12940
15229
14688
14543
16132
14796
13618
16571
13016
12769
13243
10783
8084
5844
1178
-2357
-6868
-12154
-15821
-21689
-23339
-24973
-26825
-26173
-22057
-21745
-15349
-9575
-4902
1664
6085
9478
12368
14446
16791
17286
16327
18644
16363
15370
16939
14709
13275
14302
11895
9856
8546
3660
-968
-4582
-10849
-16174
-19878
-24590
-27906
-27952
-29291
-26045
-22632
-18480
-11649
-5191
142
6986
11012
13695
16170
16547
18365
18386
18818
17158
18375
17562
15899
16203
16377
12288
12208
8716
4134
-211
-6221
-10220
-16542
-22818
-25836
-28468
-31803
-29212
-28313
-23766
-18996
-12133
-5695
1357
7171
12489
15252
16581
18240
16945
17454
16426
16345
16304
15648
15550
16580
15742
16025
13828
11765
7717
1340
-4142
-9458
-16578
-22911
-25943
-30805
-32666
-31094
-29529
-26375
-19967
-14645
-7774
-1261
5303
10469
13891
16612
18447
16693
17173
17288
14445
15189
14840
15810
16025
16160
18157
19830
15492
12779
6899
-1123
-4241
-13651
-22467
-25161
-30990
-32768
-32145
-32768
-30031
-21262
-15877
-10573
-183
3839
9432
13530
14479
16377
14791
13259
13424
10348
9631
10059
9827
12647
14108
16352
19986
20894
22179
19718
11414
6847
1621
-11492
-17960
-24458
-32178
-32768
-32677
-32768
-32238
-27647
-17613
-10432
-6241
6639
10579
11170
18282
17409
14896
15461
11735
12200
9986
7523
11099
10167
10774
17594
18935
20627
24712
23902
17411
8658
6240
-3937
-18419
-23472
-29049
-32768
-32756
-32669
-32768
-31950
-22761
-13672
-6833
1315
11448
13971
16639
19316
18134
15722
13210
11791
8836
7557
7556
9330
10051
13188
16890
21432
23306
25148
25397
12870
6688
4739
-12401
-22274
-27035
-32767
-32562
-32768
-32454
-32768
-29982
-18093
-8597
-1859
9385
14945
17516
20840
18617
18123
14141
8508
7785
4162
2176
4907
5713
8676
13468
17394
22818
26631
27795
29168
16513
9001
7953
-11697
-21812
-26909
-32768
-32604
-32768
-32620
