2398
1767
1241
1233
964
793
-456
-738
-957
-1019
-1529
-1383
-1588
-1494
-790
-269
-221
39
777
982
1057
679
884
634
636
-75
-382
-555
-934
-844
-1142
-868
-451
-263
115
34
221
1127
1298
709
798
801
599
559
-269
-623
-785
-1065
-1520
-1634
-2143
-1278
-910
-762
-259
-137
363
372
886
721
1152
809
688
639
19
207
-27
-355
-506
-576
-352
364
-241
-172
729
464
-162
-374
-432
-928
-1212
-1740
-1565
-1038
-965
-812
-552
112
963
1115
1148
1952
2162
1689
1272
1064
934
675
-498
-571
-197
-641
-530
-612
-201
75
-220
152
486
380
406
552
264
462
299
88
253
-483
-86
-142
86
298
666
1105
601
929
807
487
161
-112
-230
-524
-819
-716
-770
-1043
-985
-1570
-2067
-1633
-1291
-2110
-2929
-3851
-4390
-2670
-1889
-1971
-490
308
1704
4078
4974
4903
6444
7347
6657
6491
5347
5190
5173
4074
3130
3042
1613
622
125
-1140
-2640
-3214
-4221
-5411
-4790
-5012
-4804
-3988
-4176
-3993
-2460
-2389
-2205
-2030
-1927
-1402
-771
-1141
-759
-415
-496
-99
279
65
187
381
-118
270
-207
172
174
555
275
693
76
463
1573
843
1328
1054
1271
1113
987
881
1407
910
738
389
57
69
-602
-748
-1246
-1386
-1446
-1026
-1021
-834
-961
-447
-54
-155
-407
-268
171
23
-546
-765
-135
-198
-460
-563
255
325
470
521
734
613
425
771
805
967
-138
-555
-1959
-2995
-2669
-3498
-4991
-4728
-4266
-3979
-2627
-2529
-1894
-209
969
1202
2198
3532
4864
5342
5558
6706
7694
7937
8075
7655
7890
7711
6737
5712
4587
4210
2853
3510
4363
3614
1427
-736
-2298
-3708
-4972
-7413
-9563
-9623
-9903
-9486
-8057
-7824
-6756
-5165
-4200
-3509
-2489
-1989
-909
-812
-623
568
892
1396
885
1291
1431
1620
1670
474
1160
731
209
-1085
-1411
-1838
-2436
-2824
-3280
-2884
-2879
-2669
-2239
-1077
246
974
596
2238
3120
4416
5002
5809
7525
9029
9352
10624
10923
9512
9482
8877
7083
6020
5021
2677
2300
2865
2796
1928
449
-5642
-6034
-5716
-9303
-11310
-12648
-13599
-12269
-10417
-10924
-8714
-6652
-5446
-4911
-4315
-4237
-2834
-2350
-2966
-1755
-900
-338
1011
1324
641
2576
3389
3188
3097
2526
3159
4104
3655
3298
3712
3971
4384
4291
3941
4166
5137
4277
3685
3844
3693
3729
2572
1054
2561
2678
370
-360
-10
858
401
-762
-505
543
2654
3003
2652
4400
4697
3320
-575
-1750
-2833
-5635
-7905
-10707
-10040
-8088
-9108
-9527
-8161
-6134
-4553
-3573
-3639
-3103
-1434
-1646
-2559
-2364
-1709
-1206
-1288
-2496
-1837
-973
-789
-1750
-970
-245
204
1739
1296
3273
4847
5334
5910
4841
5681
5931
6400
5275
5362
6802
6793
6350
5578
6405
6754
5703
3894
1594
1140
4531
303
-4622
685
2631
2249
-237
-3736
348
2690
2206
-7825
-6874
2901
6460
7168
1636
2796
4013
-552
-5112
-6427
-6634
-4613
-7937
-10220
-7219
-7484
-9859
-9989
-7235
-5671
-2194
-3008
-4696
-1846
-4795
-6773
-7376
-7577
-5026
-3098
-2656
-1111
1156
936
2083
2708
3152
5194
6137
5304
5221
5534
6331
7047
6069
8152
9667
7425
6970
6395
8041
4387
3183
3790
5357
7084
459
-3810
-4984
-3525
-3792
-4911
-1708
7089
11137
8093
5379
2870
2157
5726
2942
-2325
1734
1757
-3164
-2077
-4072
-7262
-7333
-9482
-6075
993
-868
-7469
-12522
-17740
-18433
-20426
-22166
-14869
-8619
-5947
-528
740
1673
3461
-2117
-4031
-2132
-3679
-1986
-142
-708
4499
7526
5113
7538
9895
9967
13660
11505
8332
6221
3834
2210
-5141
-5058
501
5665
6204
7209
11706
13988
10400
8742
6666
3439
1204
-6346
-5542
-4616
-7091
-2261
5254
3805
4662
7175
11300
9956
370
-395
4755
3638
-2112
-2232
-5539
-986
-2740
-12716
-3564
7787
6749
9953
8017
2459
-8597
-27493
-32768
-32768
-29916
-24417
-16474
-5828
3244
6205
573
-5150
-3298
-3137
-4028
-2948
34
3896
2049
-1280
2696
6420
3597
5377
15594
22486
23968
19710
14204
12381
3616
-4497
-2454
612
5573
10621
5310
5385
355
2428
7081
4336
8023
7400
-10145
-5668
11141
-222
-7378
-7532
-1674
4669
1722
3856
14697
9358
-1502
-8157
-3197
-2239
-5415
129
924
1398
-857
-6129
-589
2492
-5900
445
5105
-2076
-8638
-13720
-28906
-32768
-29269
-29595
-22802
-18074
-9749
3035
115
2778
10476
1790
2731
6600
912
4221
553
-3842
1654
-1014
3637
13114
12341
17441
23864
16855
13511
7382
887
4965
3144
2417
13824
15085
6374
4230
611
2580
-4448
-9122
9988
5343
-2478
5924
-4075
-149
7858
4652
-3266
-13441
-8084
7524
-741
-4121
7726
5728
-4552
-8570
533
6924
9234
-112
-2248
4724
-18
-6547
-12326
-10791
6456
4195
-1066
7237
149
-17034
-26085
-28901
-24562
-20210
-17674
-11266
-8824
-7564
-9762
-4776
3261
3637
2041
4265
11518
6847
2320
-1042
-36
-1728
4502
9567
12556
14634
9880
13657
15952
13685
12542
15031
10835
11470
444
3898
7856
5678
1157
2228
-163
9855
2800
-7753
6740
771
-10105
-10762
-3995
-5324
-1874
-5761
-4406
1497
1406
-3200
700
-8306
7518
244
-10782
11894
4338
3447
8794
-1469
8559
6760
-7675
324
-612
4722
-4474
-13979
-10679
-7604
-21014
-18716
-13361
-11113
-15992
-29441
-21234
-12197
-21290
-8964
5839
-325
8449
-1843
-993
3055
-1848
-721
7760
1868
9250
5115
5787
21688
8459
7982
13194
15442
16038
14238
13904
17754
10066
6197
-2274
5777
2604
-3105
4946
8677
8705
-7938
-9236
14228
5260
-17506
2282
13466
5081
-9512
-203
5444
-6591
-23429
-5550
10987
-2016
-10150
7200
14151
-386
-3803
-12167
11895
-923
-11379
1896
8888
-2588
-8669
-5381
-1382
-4714
-18612
-10518
-6481
-6072
-17876
-27098
-30384
-14037
-16150
-8791
3696
1006
1348
5383
1655
-776
-567
1661
16823
13785
6440
14180
16829
7657
6318
2356
12982
9778
1562
9656
9290
5977
9017
2480
9233
9201
-6652
12791
3544
-5953
11329
1884
-5199
603
5246
5448
-12146
-18441
16398
9733
-9496
-8204
10633
11958
-5134
-9455
7759
24878
-107
-5687
3169
7663
-7345
-7546
-9449
1993
251
-169
2399
-1434
-9987
-16256
-24544
-27389
-19089
-26334
-25454
-27657
-18482
-20410
-4126
-8564
4304
399
5190
12967
8538
14133
10705
10264
11811
2907
-987
11590
3178
10887
6061
19213
14522
5364
5669
13222
6747
4406
2747
11484
12842
-1343
1277
6920
12239
-7631
5192
10207
4662
-10765
-4867
-2017
-9901
-10861
-3056
6853
-165
1608
2987
11866
3214
2047
4287
7391
6915
-5260
557
1322
4891
-7732
880
886
-13015
-15597
-23699
-15707
-31703
-32089
-32768
-13469
-17653
-27038
-8801
-1748
683
-7903
-2634
9847
15554
-2807
1022
13262
18229
3764
1797
11198
21903
16774
8594
19362
20326
17897
7451
10982
13542
8338
5483
12814
16635
11427
-3268
2529
10931
-1277
-10876
2847
11167
-9809
-5087
14557
5731
-24287
-23253
10397
24183
5939
-302
16697
26521
11637
-16092
-11936
-4711
-6284
-2684
-19922
-14459
-600
-14491
-21604
-25428
-32768
-25383
-24620
-22098
-15462
-17266
-12565
-4943
-1473
-16118
-6731
3939
7999
12313
7772
12948
18781
10725
-103
3485
15988
14491
12769
23020
13251
15074
11188
13363
15932
4878
12330
6897
10666
16487
-5295
1687
1399
-3522
-3214
-6726
422
-7535
4885
6381
-13778
-8704
10320
10793
4475
-7118
8287
7131
-966
-2775
-6312
-771
-12341
-4292
-5384
-6380
-4775
-7367
-11631
-18815
-17219
-10952
-12221
-14479
-11197
-11283
-9445
-12908
-13594
-12016
-9275
-4614
-9381
-5353
-2251
-447
-241
-1899
1397
6189
5098
5191
9327
8592
17640
9100
10564
11307
11068
13136
9066
14306
14526
11008
3026
13883
12719
10012
3042
-1604
13281
11391
514
-2221
-1771
3144
652
-4709
1760
-3411
-1810
523
2325
4855
4034
5981
-3001
-1315
4521
2092
-2685
-7450
-3530
-4500
-8149
-11489
-13641
-11897
-7391
-11886
-10307
-9273
-8072
-10591
-15778
-7295
-7413
-5814
-7420
-7899
-3862
-4477
-4160
-3467
-4143
1073
-1363
2798
2070
3531
4267
10333
7057
11573
11176
8980
13786
8173
13116
8160
13892
8189
8849
8549
12379
5410
10509
6508
1940
-1754
-583
5743
27
-730
157
3066
-4046
3671
139
3467
-2554
3910
551
3328
5570
1819
3001
-6682
-4054
-5648
-3417
-11674
-11233
-8618
-10920
-13805
-11567
-12045
-14669
-10235
-9647
-8415
-11057
-6633
-3776
-5120
-5291
-7593
-3659
-6798
-4602
-2965
-303
-4207
-655
1836
1635
4449
585
7422
6725
10397
7646
12646
9880
14057
5732
13378
14542
3831
15330
5858
8245
4046
9699
7215
2866
4545
7271
2181
-2189
-992
-556
1425
1937
1434
2377
3863
-2118
4834
-1938
2389
-786
-6210
-3234
-6979
-6427
-12745
-8287
-13047
-11201
-12189
-11113
-12183
-11332
-9027
-11723
-8340
-8189
-5158
-6465
-1402
-3823
-3308
-4489
-444
-3045
-538
-2151
-1061
1243
1570
3839
5739
6396
628
5822
2247
9228
5766
13155
10882
9203
8336
12098
14052
7108
8214
5999
17259
6992
7638
5666
7394
6444
580
3323
5493
6064
4522
4040
1366
7539
2920
3832
-3707
-4876
-5657
-6993
-9989
-11976
-13350
-15248
-15036
-15900
-15768
-16634
-11650
-12185
-10801
-10293
-4235
-6316
-3460
-4428
-1161
-2839
-2089
-912
-196
2856
1988
2504
-449
2791
617
2520
2845
2770
2439
4067
2617
5668
2061
5390
5164
2982
4666
9740
10692
8315
12863
8509
11894
7671
12657
7010
11441
5296
9643
7262
3892
6935
5346
12214
5857
13026
-133
-3761
-9167
-696
-7814
-15126
-18559
-20188
-17873
-20141
-18176
-19333
-14704
-15169
-10002
-12100
-9446
-6204
-1582
-2765
-4249
-937
1268
-1288
-1714
39
2413
1594
-1656
598
1236
3237
1496
3964
2423
-256
2290
1384
3271
1027
2079
3415
2455
2299
4625
5058
7390
7957
10071
11729
12052
10247
11544
12750
14286
10501
10859
12742
12461
13521
12855
15660
11892
15053
-11043
-8451
-2346
-2578
-13904
-27126
-20116
-26868
-23966
-20466
-21404
-20584
-13126
-11052
-7639
-9830
-5215
-3490
1177
3640
1878
3822
1517
1332
1534
3150
3477
-638
-1821
-1850
-89
259
-1548
-600
-937
-1092
108
-1144
-1265
34
1685
4615
2207
3994
3557
5301
7177
8846
11194
11073
11968
12669
12662
13612
16170
16406
17188
15444
18927
19691
22507
21577
17164
-4126
-10813
864
-4758
-14436
-29348
-26047
-30939
-27247
-24286
-26343
-24673
-18664
-10837
-9133
-8295
-9087
-3477
707
5013
3331
4764
3658
3813
5884
5425
2109
3161
-38
-1499
-3415
-3986
-620
-3837
-3400
-8265
-4571
-4755
-7777
-4446
-2327
-1142
-2482
-217
741
1639
3282
7570
7284
10595
10851
15002
14981
16481
18768
22830
24629
23497
26884
31316
32767
24050
11939
-9886
3350
243
-8963
-24914
-31246
-29707
-32768
-28481
-31593
-30122
-26738
-15808
-13277
-7330
-10550
-5472
-3735
4870
5718
6093
5556
4927
6731
8348
6440
3574
3794
1543
3190
1336
2188
-1588
-1400
-2496
-751
-3321
-4820
-8557
-6020
-8197
-5509
-5249
-5367
-6703
-6885
-1549
325
4718
4126
7049
7368
14026
13179
17933
18128
25559
24910
30058
30192
32767
32029
32767
26848
-8034
3900
-3351
-12116
-30504
-26806
-28000
-32768
-31981
-32768
-32768
-29725
-7339
16129
30665
19873
15443
-2137
-4159
-8762
-4098
-1414
-8464
-10821
-14511
-17785
-10740
1906
15226
25376
21782
17314
2912
-780
-3079
378
898
-9206
-21563
-29479
-27114
-16501
-3348
9108
11550
8172
5289
2754
8213
10707
15812
11930
4579
-1300
1405
12400
28219
32767
32767
32610
32767
32767
32326
32767
-18581
-32768
-30993
-32768
-32768
-8151
32767
28550
14966
2836
4215
22280
32767
20544
-11767
-32768
-30571
-32768
-15960
28561
32767
32217
3878
-12534
1730
23373
32767
28189
-5567
-32768
-31953
-32327
-6974
21555
29962
12668
2846
-3668
-107
694
-8653
-21649
-32768
-32735
-23405
-423
13467
16517
10398
7387
8010
24645
30534
22171
3875
-5559
-1690
20075
32767
32091
32767
31956
32767
30677
32767
4950
-32768
-28619
-32768
-23844
27473
32767
32249
4842
-7676
12566
30098
32767
-9668
-32768
-28819
-32768
1362
32767
32767
25362
69
-16977
-6342
28128
32767
9236
-24468
-32768
-30643
-4583
21814
24885
5752
-6059
-9625
14132
32767
26530
-7961
-32768
-30362
-32768
3154
28355
18601
-1430
-13615
2708
28439
29784
14442
-7289
-15202
-7537
18910
32767
32767
30715
26632
32767
31926
32767
30665
32767
13684
-32767
-30879
-32768
-28153
28564
32052
32767
-1817
-1743
32767
31920
25670
-29536
-32504
-32768
-28908
23508
32767
32742
2230
-15827
13298
24859
32767
-2188
-32037
-32768
-22029
12702
28007
10306
-16269
-24060
3905
30986
32767
24790
-11993
-32485
-32352
-32768
-25397
-11492
-6346
-852
14221
24588
21742
10884
-7982
-16858
-4095
15456
13250
9083
9009
17784
32106
32619
32767
32548
32767
32767
32186
32767
-6390
-32768
-25227
-32768
8946
32767
32767
12745
-16793
32228
32474
29713
-22932
-32768
-31935
-28273
28073
32477
30050
-4573
-10301
27038
32767
18590
-25229
-32767
-32768
3779
32767
17851
-13713
-30822
-8932
24532
32767
21652
-11301
-20698
-10182
8583
8357
-30249
-31853
-32768
3495
32767
31747
11926
-17665
-5981
12881
12879
3089
-13300
-23468
10280
32767
32643
32767
29808
26716
32393
32767
32033
32767
20000
-32767
-29933
-32768
-22378
32238
27909
20173
-4480
23459
32767
25146
-25373
-32768
-32685
-26307
28197
31563
3260
-8247
26020
31368
32767
-7210
-32768
-30666
-20281
19673
27644
-6796
-32768
-11889
26297
32767
26148
-2140
-29796
-4795
28821
19941
-10899
-27997
-32767
-24175
-5163
-2437
-5682
-15028
2318
15256
22772
6177
-17409
-16581
-11839
9609
26511
22137
20491
25485
29684
32767
31524
32767
31576
32767
29063
-18763
-32768
-27678
-32768
12765
30254
-5525
9109
26102
32767
30939
-20232
-32768
-30966
-32179
6324
7024
-24256
-6418
31309
31962
32767
-8338
-32768
-29124
-1580
10109
-13664
-27083
-27073
13831
32208
27639
1432
-10352
-1138
15686
24445
-519
-24998
-21471
1042
3596
8164
4269
-11947
-15016
-11967
-14615
-9045
-4487
-5788
-10616
-988
-4593
6977
19632
14101
14450
12359
14126
10628
23085
22254
27694
32767
32767
32145
32767
9581
-32768
-32425
-27400
-23812
11557
-13507
-16589
32317
26811
32767
-405
-32768
-32088
-32096
-16154
-23700
-32768
-28231
20089
32767
32767
15128
-20072
-12443
1815
2899
-20595
-26875
-11855
4479
17523
7579
473
8226
22354
19452
5333
-798
-9128
-4201
2887
-3001
-9696
-1735
5226
5569
-529
-10951
-10892
-3371
-9696
-16666
-12223
-7431
-6896
-1678
-2906
-1248
7844
13614
15747
15935
15386
13535
18352
20454
20498
27614
32767
32344
19705
22326
23679
-23799
-32768
-31888
-28448
-1968
-5577
-16617
5027
27515
32767
14523
-24872
-29466
-21660
-19491
-29124
-32754
-28846
9066
32767
21881
10261
1409
10070
12102
272
-18867
-24621
-7254
3312
3054
-1804
1350
17780
28976
21313
4086
-218
2529
-647
-5042
-12177
-18212
-6079
5002
1250
-8272
-11570
-9309
-1984
-5355
-18298
-15270
-6139
-244
2075
-4343
-5770
2777
11982
15466
11548
17874
18777
15601
11394
7079
11305
17192
17676
23398
23687
17259
13918
21776
25693
-21144
-32768
-29767
-20472
-10389
-24274
-22739
771
27439
32767
15946
-21166
-15063
