-20526
-32768
-25491
25800
32767
32726
26159
-32322
-32435
-32726
-29632
32767
-5394
17761
1675
-30918
32767
24621
32767
6206
-32768
-30102
-32768
-29341
-32418
32767
16661
-13104
32767
31269
32767
32171
32767
-4754
-32768
-24787
-32768
-5658
32767
22518
27726
-20109
18804
32767
29159
31723
-32575
-30318
-32767
-28069
25622
32767
32767
4015
-23002
13558
24323
32767
26767
-16119
-32768
-26453
20084
32767
31654
19402
-32767
-25093
-32768
-10871
32767
-14465
30114
-20634
-9423
32767
23624
32767
-8525
-32768
-31577
-32768
-32768
-23904
32767
7529
7615
32767
31621
32767
32767
31245
-17326
-32768
-25857
-32768
-7551
30205
5448
26116
-4891
26833
32767
31915
23198
-32768
-26327
-32768
-9485
32767
30503
32767
-19058
2897
32767
26442
32767
19516
-3321
-32768
-1231
32767
31329
-8815
-32768
-23075
-32768
15086
18387
14300
28965
-32768
32767
-3459
14931
32767
-15367
-8624
-32768
-28266
-32768
-17084
32767
32705
32608
32767
32374
32767
31534
32767
-1883
-32768
-25442
-32768
-10066
15498
2466
32767
22064
32767
30095
32767
-4037
-32768
-27095
-32767
-6355
26286
32767
8814
16774
32767
25242
32767
32029
32683
32767
30793
32767
17747
-32768
-32768
-31503
-32768
30152
10620
32767
-8543
-1448
32767
-9571
32767
27772
11256
-25443
-32768
-30770
-32768
-23788
28946
32767
31028
32767
30543
32767
29213
32767
3872
-32768
-30116
-32768
-30695
-32768
-7791
31102
31826
32767
32040
29572
-29390
-11890
-16369
2746
4018
-30430
-25113
-32768
10239
32767
31396
32767
31430
32767
30258
32767
14843
-32768
-30678
-32768
-30764
-32768
-9685
32767
22549
32767
14345
-14706
32767
28500
32767
11310
-32768
-29381
-32768
-29175
-32768
905
32767
30878
32767
32270
32716
32767
19670
8730
-24027
-32768
-30060
-32768
-29990
-32768
17644
32767
31452
32767
32767
26533
-4245
17570
7655
21307
464
-32768
-29724
-30957
11673
31884
32767
30896
32767
24359
-29436
-32768
-31214
-32768
-30361
-32768
22320
24887
28434
31882
9621
32767
29914
32767
29856
18977
-19723
-32768
-32767
-30900
-32768
-10055
32767
29715
32767
30359
32767
29504
32767
8870
-31378
-27170
-32768
-32670
-32261
-32768
-30909
-32768
-2405
32767
32529
32318
32767
31326
32767
-24111
-28405
-20594
-14736
32767
12575
30384
30274
32767
6934
-32299
-14574
-32768
-30114
-32767
-28901
20031
4530
32767
6995
-8097
32767
27358
32767
28967
32767
-2451
-32768
-32394
-32719
-32768
-31658
-32768
6964
32767
28387
32767
28846
32767
17908
480
-9289
-32768
-32529
-32768
-32648
-32768
-32006
-32768
4066
32767
29390
32767
29792
32767
26004
32671
172
-10681
21323
24935
32767
29713
32767
-11750
-32768
-29812
-32768
-30220
-32768
-19285
32767
31743
32767
31576
32767
25895
-26975
20135
24496
9721
21472
-10631
-32768
-30941
-32768
-30149
-32768
-714
32767
29544
32767
30327
32767
23160
13878
-11523
-32768
-31615
-32768
-32484
-32732
-32768
-32053
-32537
2194
32767
32695
32088
32767
30395
32767
17246
15621
22517
19864
32646
32767
479
-32768
-29319
-32767
-31178
-32768
-32492
-8919
26162
32309
32767
31196
32767
23877
26715
13937
-26365
-390
-9889
-32768
-31209
-32768
-31503
-32768
-26699
26244
32767
31811
32767
32225
32767
30785
-4599
-32768
-31340
-32768
-31583
-32768
-31539
-32767
-31046
-32768
6656
32767
31253
32767
32186
32767
32750
32436
32767
30985
32767
4196
-32767
-28953
-32768
-30222
-32768
-30241
-32768
-21609
30524
32767
32694
32671
32767
32092
32767
15890
1825
-11958
-32768
-31704
-32768
-32495
-32586
-32768
-16825
3628
28992
32767
31729
32767
32068
31304
-11921
-32768
-31346
-32768
-31688
-32318
-32396
-32457
-25223
-679
23098
30695
32767
31342
32767
31262
32767
30784
32767
23326
-29557
-28106
-31435
-32768
-31313
-32768
-30334
-32768
12885
32767
29432
32767
31116
32767
31270
32767
30576
32767
1880
-32768
-30489
-32767
-31087
-32768
-30538
-32768
-8739
32767
31760
32767
32467
32712
32767
20625
8550
-18402
-32768
-29579
-32768
-29344
-32768
-15148
18848
23717
32767
31704
32767
31972
32767
31212
32767
12255
-27236
-27315
-32768
-31169
-32768
-32049
-32768
-32413
12125
11105
23354
32767
29615
32767
30501
32767
30764
32767
9912
-29394
-32768
-32768
-32408
-32767
-31370
-32768
-14911
15758
20980
32767
31439
32767
28821
16332
32404
-612
-3509
-3982
-32768
-28467
-32768
-23812
-19831
1258
32767
31510
32767
32249
32767
32191
32767
25553
-10282
-28557
-32768
-31944
-32768
-32524
-32594
-32768
10605
16552
25572
32767
30020
32767
30857
32767
31542
24948
1345
-30272
-32768
-32472
-32678
-32767
-28940
-31642
-18820
-160
383
26494
32767
32674
32767
32324
32443
-276
-14449
-24520
-32768
-31075
-32768
-13124
350
24393
32767
31621
32767
31919
32767
31829
32767
28526
-10507
-32768
-30803
-32768
-30228
-32768
-28706
-32768
4694
2693
-3113
32767
30036
32767
31462
32767
31864
32767
3485
-32768
-31382
-32768
-31151
-32768
-27369
-12263
-27755
4131
4669
16777
32767
28868
32767
27638
32767
-1416
-32768
-31249
-32767
-31824
-32174
-10563
11268
12561
31587
32754
32690
32767
32115
32767
30619
32767
-1503
-32768
-29638
-32768
-31369
-32768
-32430
-32611
-31966
15037
-9487
4772
32767
27894
32767
29423
32767
22707
-12904
-32768
-31492
-32768
-31450
-24885
-32767
-25439
-25853
-32768
-21994
10062
32767
32241
32546
32767
12274
-19271
-30616
-32768
-32656
-28208
-15392
-32103
-30098
-22290
-13539
27928
32259
32767
30905
32767
29256
32767
9877
-32768
-32284
-32280
-32768
-30992
-32768
-29423
-32767
-18164
9363
-6620
32767
32450
32703
32767
32767
27566
-16365
-31828
-32768
-31940
-32768
-32218
-32768
-32767
-28697
-25833
2102
32767
28154
32767
28742
32767
11191
-31308
-10574
-20658
-25686
-29316
-32768
-31720
-32768
-21925
20477
32767
32767
31874
32767
30939
32767
29556
32767
17053
-32631
-32768
-31546
-32768
-30759
-32768
-28131
-32768
-26695
9643
-7289
28345
32767
32570
31909
32767
-3659
-32768
-30346
-31553
-15700
-32768
-31193
-32768
-32217
-31899
-6694
18307
32767
32146
32767
31740
78
13354
31126
-6212
1884
-9670
-32768
-29342
-32768
-22437
7993
28947
32704
32767
31819
32767
31229
32767
29926
32767
-9823
-32768
-30309
-32768
-31575
-32768
-31913
-32768
-31985
-32189
21224
32767
31848
32767
32767
25663
1190
6173
5554
4695
-9856
-31402
-32768
-32768
-32703
-29960
2325
31782
32767
25248
16118
31267
32767
32767
32560
19890
-21321
-32768
-31234
-32768
-25348
-16355
-11192
-15734
-1698
28316
32767
32598
32767
32428
32767
32058
32767
-21403
-32768
-31424
-32768
-32322
-32768
-32768
-32329
-32768
-26238
27712
32767
32033
32767
31968
32767
31618
32767
27957
7236
-22212
-32768
-32404
-32768
-31022
-26484
-32768
-20672
-13950
-7431
29216
32470
32767
7371
-16547
18925
23530
14385
394
-27544
-32768
-32192
-11185
12202
16124
25294
24238
32767
31941
32767
31423
32767
22391
-30845
-32768
-30010
-9499
-6745
-29994
-32768
-30780
-32768
-3986
23503
10482
20957
-72
-7623
20341
32767
31817
32767
-1666
-25720
-16332
16096
32713
9002
-9192
-21764
-6700
14329
13873
8015
-2776
-20292
-25192
-25139
-13702
-3127
-1749
-19583
-32767
-31958
-7995
23421
20118
-6555
-23683
-2395
27425
32767
32328
17261
1488
22104
32767
32333
32601
17573
9945
18856
16452
5907
-2248
-16864
-27260
-30777
-32768
-28155
-26441
-17389
-17170
-30832
-26994
-21508
-13860
-16480
-19692
-17981
-13352
5377
18933
19111
15531
9310
10361
18247
20180
16612
9733
4558
-4311
-10136
-1456
8368
3497
-7549
-15080
-22054
-17178
-6204
-2025
-244
-2623
8963
21341
24587
27962
21669
23210
27544
24773
21118
17427
14866
13517
8314
-2668
-14103
-18883
-19362
-28185
-32767
-31316
-24197
-18523
-16582
-16575
-26408
-18795
-7585
-6773
195
1782
-757
-6499
-92
7263
9228
24051
21943
12873
11420
6907
14830
14890
14196
9623
-6354
-6102
-5924
-7121
-3031
-3388
-6659
-9658
-17424
-19882
-18302
-8411
-2248
-612
7097
5032
8846
18013
21415
18488
24294
26471
20261
14350
7622
10645
8632
9395
8500
-1733
-8095
-9073
-12985
-17043
-10661
-11698
-15003
-15900
-16302
-14403
-12274
-5856
-8537
-9152
-6014
-11655
-9888
-943
5012
7572
7531
5782
1849
919
177
1157
8235
8295
5010
7098
4531
2783
5245
7672
8498
-40
-1728
-2210
-8683
-11472
-14852
-12579
-8478
-4427
-2506
729
2401
1241
11671
15343
11385
12247
14099
12258
7740
13444
20408
19666
16743
9459
-361
-3290
-5041
-4797
-2717
-8515
-13364
-15760
-17594
-13040
-12545
-13574
-9808
-14560
-18429
-18103
-18355
-13567
-8817
-5996
-1455
-420
3990
9052
9672
12240
11850
18062
23540
17976
17050
14828
8180
8239
5909
-10
-5470
-11893
-13436
-15436
-18119
-12323
-11883
-12342
-13978
-19382
-16262
-9345
-1879
6572
11213
8216
12324
15102
19941
25879
26416
28060
22176
21476
23745
20259
18169
10144
-3356
-8154
-16204
-21531
-20619
-21397
-18873
-23576
-20138
-17513
-22578
-18409
-16976
-12611
-5298
-3003
440
1459
-2076
1114
5194
8700
14021
16087
17386
13771
8265
8652
6373
3435
3593
4614
1701
-3614
-2082
-4025
-7826
-10335
-7210
-9846
-13421
-8827
-10401
-10887
-6074
-7470
-2774
-3539
3670
-6678
-13228
30857
25832
5348
8268
13258
30858
31437
12409
22210
23298
8282
12491
372
2629
293
-21349
-19320
-25076
-22731
-15002
-27171
-21674
-29105
-26973
-7407
-4959
15866
10882
7258
20136
10915
19776
18046
7582
-5456
-22514
-7521
-3156
-4445
4736
-7337
-5003
-9500
-1678
16609
11096
-10791
-32768
-21958
-8496
231
3110
-15203
-16459
-2588
18998
23214
17840
-4738
-7509
24839
30229
32767
31527
32767
30294
32767
2400
-32768
-28676
-32768
-27492
-24798
-32768
-29779
-32767
-471
32767
30452
32767
14934
30672
32767
32407
30863
-22366
-32768
-32722
-29096
-19000
-32768
-29722
-32768
-11675
32767
31423
32767
29680
28955
32767
31019
32767
-2181
-32768
-31044
-32768
-31454
-32767
-30686
-32768
3212
32354
26850
32767
29839
32767
29676
32767
11409
-2614
21025
9773
25545
29026
32767
25932
-30261
-32768
-32683
-31578
12973
-23554
-32768
-32768
-8213
32767
23973
32767
-4873
-4306
32767
31785
11432
-32768
-30709
-32768
-26360
23130
30958
3062
7134
30936
32767
31395
32767
3212
-32768
-24991
-28717
-31998
-32767
-32617
-32768
-28467
26935
-21398
-3132
24593
24769
32767
31240
24536
-32768
-4165
8282
5611
-4917
-32768
-267
32767
32089
32767
32305
32767
-18822
-32768
-29611
-32767
-29956
-32768
-29100
-32768
8067
32767
31028
32767
30480
24476
32767
21733
-23450
-32768
-31579
-32768
-27569
22818
32767
31427
32767
31969
32767
32439
30484
-22603
-32768
-31341
-32768
-31538
-32768
-31565
-30759
15930
32767
32767
31271
32767
29749
32767
8121
-32768
-32577
-29862
-3711
1611
14358
15311
27052
32767
31009
32767
26073
-29308
-32767
-32265
-32768
-21574
-32604
-32466
-32768
18361
32767
28257
32767
-5758
-27402
28911
-3217
-32560
-32768
-31343
-32768
6635
32767
28583
32767
29449
32767
28672
32767
-9163
-32768
-31652
-32768
-32768
-31701
-32768
-22277
28628
32767
31358
32767
18637
-2302
19111
17400
-30389
-30429
-32768
-5218
32767
30151
32767
27329
30895
32767
31569
32767
5116
-32768
-24536
-32767
730
18285
-32768
-32767
-13557
32767
28541
32767
8273
-32768
-27745
-9249
-21903
-32768
-27403
-32768
-5246
32767
31037
32767
31492
32767
30082
32767
844
-32768
-30674
-32768
-32768
-8831
9129
-14394
28129
32767
32170
31019
-29244
-30908
-32768
19285
22415
-30457
-32768
-22282
32767
30019
32767
710
-32768
14787
32767
29638
32767
10720
-32767
-32767
-4376
30980
23185
-12110
-32768
-9012
31704
32767
30764
-18808
-32768
-24446
30397
-216
-32768
-25621
-32768
10026
32767
31410
32767
23652
32767
30296
32767
-1405
-32768
-27291
-32768
11911
27128
1855
-25363
8784
32767
25998
32767
-22713
-31932
-32767
-6515
32767
9683
-32768
-32768
19758
32767
32767
7408
-32768
-24614
26121
32767
32767
2562
23880
3902
-32768
-9231
-12441
-32768
-30159
-32768
-17377
28416
32767
32562
29446
16754
21685
27754
-16797
-32768
-29074
-32768
-20701
29329
32767
32355
32767
32767
31358
32767
12132
-32768
-29661
-32768
-29062
-27696
-32768
-23108
13492
32767
28024
32767
-2329
-32768
-30945
-32768
-5028
5550
-23124
-25100
27337
32767
32767
25049
-27225
-32767
16486
32767
31406
26242
18855
32767
103
-32768
-29707
-32768
-23757
-14207
-32768
-32348
13652
32767
28979
32767
8346
-24794
-31762
-29792
-32768
-31191
-32768
-26221
27736
32767
32544
32507
32767
30966
32767
8211
-32768
-29417
-32768
-29360
-30574
-23885
-4197
23909
32767
28517
32767
-8953
-32768
-32137
-32225
-13503
-19294
-32768
-9672
32611
32767
31718
28720
-28123
-17547
32767
32636
30282
-9315
10598
32767
511
-32768
-29033
-32768
-9209
-4017
-32768
-28978
18209
32767
31678
25788
-32768
-28850
758
-13959
-32768
-27935
-32768
-17677
32767
32250
32767
31993
32767
30739
32767
-1160
-32768
-27904
-32768
-17048
-19631
-32768
-29084
19506
32767
28911
32767
-20161
-32768
-32768
-19068
5349
-31087
-32768
3656
32767
30027
32767
15113
-22121
12564
32767
32767
-1884
-5603
30089
32767
-4815
-32768
-26285
20530
23961
-24806
-32768
-16171
32767
28722
32767
-1995
-32768
15400
32767
-10343
-32768
-27242
-32767
6034
32767
31359
22714
31160
32767
32767
22716
-32767
-31219
-32768
-31325
-32768
-30773
-32767
-16795
32767
30059
32767
-7159
-32768
-24418
21620
5554
-32767
-32768
-20191
32767
31579
32767
15923
20048
32767
28671
32767
24490
27472
30125
32767
19705
-28724
-32768
12936
30486
-31640
-32575
-28851
29921
32369
32767
25980
-26006
18195
32767
12931
-32768
-29979
-32768
-2153
-8161
-32768
-17947
29276
32767
30024
32767
-15320
1576
32767
-6580
-32768
-28029
-32768
71
-12667
-7804
9110
1879
32767
32093
31013
-19597
-25448
32767
6789
-29883
-32768
12907
32767
22258
15057
20254
29060
32767
30816
32767
32233
-13689
-32768
-18234
29748
-22219
-32768
-32768
11753
32767
26998
-2987
21600
32767
30156
32767
-25038
-32767
-27106
-12864
-32767
-30883
-32768
18781
32767
31589
14156
24481
32767
32767
14435
-32768
-25385
-20331
-31500
-32768
-31987
-32181
6338
32767
10440
-7555
31612
32513
30760
-22974
-32768
8941
32767
21979
-26900
-32768
14011
32767
29981
8180
9285
32767
26429
32767
-5768
-32768
-32767
22335
8096
-32768
-31056
-23772
32767
14743
-32768
-9226
32767
31055
32767
32767
21423
12901
-16934
-32091
-32751
-29886
-11975
-13716
-32768
-11498
26207
32767
13617
-5622
5186
21127
19206
-16104
-30273
-32768
-4174
16990
-8400
-32768
-15395
29381
31161
6483
15122
25546
10890
6291
18610
15493
-9018
-4561
9392
4195
-4060
7394
7355
-17472
-22719
22527
31882
6743
-10584
6380
27409
12402
-9176
-19939
-9055
-14785
-17649
-9686
-16391
-3975
5608
-1866
-6176
-17894
-877
9815
-1006
-6563
-2001
14640
18499
614
-11520
-4952
6083
-386
-12649
-18742
-17426
-9001
-3511
1139
4924
4394
7518
21329
21760
-3448
-25624
-19443
-1808
-443
-9353
-8899
-2635
13410
16979
865
-5491
15440
19127
-2045
-24730
-9889
16057
8737
-686
-14217
-1698
21729
17480
-547
-12696
-4481
16390
18697
1474
-11430
8163
12173
-5069
-7662
-14326
-14026
-3399
4474
-655
-5719
6232
13805
15619
10746
286
-2387
-4303
-6174
-454
-3296
-16791
-9055
8250
10090
3360
1839
8909
3856
-9434
-2879
-6140
-6633
-2997
-9002
-14717
-19038
-6297
12744
11935
-10514
-19763
713
12992
5511
7113
6929
75
8922
20843
15682
-7832
-13845
-814
5010
-8043
-14379
832
3193
5325
8045
11324
1802
-8188
-5864
-9021
-15442
-5816
906
-1455
4065
9959
20122
11227
-282
7454
12757
-1732
-7925
6682
1518
-3612
-5197
4456
7209
-5856
-7745
-6722
-6173
-4809
5882
-445
-8457
-3687
6765
4770
-1649
-13685
-20816
-9806
5427
672
-16280
-9128
14158
23945
11856
11708
10602
1923
1837
2500
-1796
-7762
-12109
-4655
-1938
-700
-1657
4255
689
