-25
-71
-4
132
191
124
46
2
-6
-116
-34
-57
-66
53
0
4
26
115
178
155
294
291
161
188
71
-2
13
-79
-218
-162
-12
-25
-7
-11
-70
-41
-102
-92
-41
-39
-17
-169
16
67
121
176
39
270
190
70
119
44
70
101
40
81
69
91
11
126
111
-49
12
0
43
119
200
42
75
79
76
49
144
159
74
123
46
176
87
90
119
135
128
114
113
46
89
39
1
95
128
109
158
30
32
-117
-100
-106
-144
-36
-93
10
-41
-6
20
11
-18
-16
86
157
150
-4
41
-4
14
36
-63
-217
-421
-235
-199
-241
-357
-316
-381
-525
-351
-251
-278
-183
-78
-156
-16
24
70
-20
7
75
137
87
122
139
61
74
184
287
203
320
130
135
59
-1
-4
-98
-12
-56
-205
-61
-82
-127
-153
-90
-25
-149
-62
-71
-195
-257
93
-17
-67
-100
45
152
-4
2
-18
97
63
87
24
88
88
111
-56
-63
96
30
89
-52
-70
-146
-100
-11
-103
-105
-221
-240
-117
-137
0
18
0
-27
-129
-150
-205
-78
-129
36
97
78
9
29
16
113
212
105
150
-2
111
89
59
23
99
193
56
40
112
82
81
82
39
63
34
124
79
11
14
-53
-16
-47
-191
-49
-85
-50
11
-82
-76
-105
-84
-177
-42
-8
-82
-121
-14
-2
-27
14
-67
-17
-16
22
108
111
52
98
192
200
98
55
109
145
57
35
102
104
112
154
78
102
85
97
190
78
8
30
-86
-154
-21
-82
69
55
-53
-28
-11
-4
-75
-145
-220
-87
-92
-127
-112
-169
-177
-173
-97
-17
-2
4
-84
-222
-133
-55
-140
-69
21
83
22
14
40
-28
20
-1
21
46
9
35
16
68
91
96
52
1
-15
27
34
1
-53
-54
12
-69
-101
43
90
45
140
55
107
-56
-104
-122
-69
-5
-17
42
-25
62
30
55
113
220
85
82
87
21
-18
-5
-10
-21
-144
-258
-111
-80
-62
40
79
116
97
71
19
-59
21
-21
8
-134
-87
9
-16
4
22
94
135
94
22
116
102
62
35
144
89
64
35
-15
0
-45
76
49
26
45
37
94
268
193
52
-6
7
-101
-133
-106
-188
-155
-59
-64
-152
-6
-44
23
-144
-66
-43
-162
-158
-228
-40
-6
9
19
-19
-45
1
33
98
-32
2
60
6
-48
-59
-55
-116
-50
-37
19
88
154
228
154
201
238
13
39
-70
-125
-64
48
118
-3
3
-25
-4
-9
53
-37
-48
-75
-44
-4
-52
-122
-71
-38
-174
-188
-260
-112
-106
-113
-119
-54
40
89
-7
96
92
87
243
151
145
98
69
40
153
176
199
98
86
170
88
2
-22
32
12
-23
-25
-122
-124
-231
-152
-97
-112
21
42
201
98
125
61
32
148
171
171
231
267
153
102
155
113
182
296
322
164
-62
79
17
-26
-18
-34
-83
26
28
-194
-315
-284
-189
-114
-51
-104
-87
-135
-198
-210
-191
-216
-124
-100
-170
-24
41
73
72
134
191
182
197
150
178
244
269
165
188
196
62
1
39
-10
58
57
-41
-21
12
4
-11
114
26
-3
-52
-130
-41
-171
-170
-16
-193
-230
-268
-154
-22
-220
-314
-203
-116
-230
-228
-201
-152
-193
-232
-173
-13
35
-4
55
56
98
22
53
60
114
205
86
164
-16
79
26
-33
-192
-274
-165
-304
-234
-152
-78
-20
-6
-76
56
-153
28
36
155
106
24
6
-20
-147
-158
-191
-87
-168
-228
-135
-194
-23
-1
27
-11
70
-306
155
-403
639
-2730
-7722
-5921
265
3501
1826
1202
1216
2390
3417
4655
4506
3612
2881
2148
-172
-1415
-1562
-1937
-1805
-1546
-1060
-985
-530
-754
-776
-271
-192
77
76
-346
321
106
-445
-1
692
659
1068
867
21
242
593
355
-754
-2463
-4433
-4037
216
2398
131
-2072
-2227
-1296
1143
4748
5589
3550
983
-923
-3017
-3266
-1050
419
143
-486
-864
-1159
-317
-69
-213
1128
1756
850
-1030
-713
1303
1602
595
719
964
1386
1354
-279
-989
854
3184
1020
-1088
-247
919
537
-294
-2135
-1715
-482
-687
84
-301
-1386
-769
-973
-585
1663
2323
1846
786
-159
-1315
782
-5432
-9185
1216
6909
1991
-5424
-6344
-3736
680
5128
7745
5843
2425
-599
-4684
-4299
-1192
2008
1722
-1002
-2168
-2353
-1852
220
1345
1192
1837
1303
-1047
-177
1435
505
269
845
1037
-209
61
-561
-297
1888
742
-723
-842
-127
562
88
-637
-277
374
623
529
-1812
-1185
727
2130
3
3200
-2769
-16006
-5979
5595
6461
1592
-1630
-2486
-265
2820
3635
4510
3114
2392
-322
-3045
913
2137
-1218
-1525
-954
-914
-1579
-1348
-1018
-937
294
1765
352
-1044
-771
1517
1319
-1143
-437
756
1061
59
54
107
873
979
384
25
-867
329
-1154
-2235
1341
1767
-621
-1858
145
1798
1045
-569
-2087
-44
1652
1273
-25
273
-245
27
1297
-951
-1946
-1150
-823
-562
-699
-1375
549
1769
586
-231
-1434
-1148
525
900
838
-201
-359
-634
-604
557
435
-834
-1188
-1189
-994
1568
1220
-137
-745
763
1134
870
251
-1841
554
2357
-989
-2755
-146
346
-174
-65
-466
-706
-55
196
-88
358
2113
1631
-1118
-1117
1020
1692
-369
-1856
-839
1669
1124
-582
-136
302
1717
2085
1142
215
857
-252
-2879
-681
565
-370
-771
-1269
-71
270
-288
-1120
-1287
271
1200
1744
543
-855
-638
-214
-374
-34
1541
1879
-111
-1394
-481
1098
1192
750
69
-1008
-533
89
-578
126
1019
-1201
-566
1085
106
-489
-630
-504
-442
-614
-873
551
1583
-264
-155
145
-581
1348
2329
361
-2693
-1087
125
-390
-449
-35
1010
-186
1343
1020
-1978
-1620
983
2514
1741
-1192
-1417
-892
501
1947
745
-1353
-2489
-1747
-110
1134
-1031
247
2095
-479
-3495
-459
3287
2364
-1610
-2391
438
-327
-1966
188
2976
353
-1260
917
3295
-664
-1769
-967
-1123
2442
2798
549
-478
-875
-1566
135
36
-86
1223
663
-1295
-380
527
40
1184
2344
1050
-796
-2297
-1992
988
3035
604
-2680
-1798
-1069
1414
1485
1825
1423
-736
-2155
-363
3554
1543
-321
-2180
-2634
-1323
1035
376
-1650
-1884
-997
-2097
-2301
2833
3207
643
-1880
-715
1471
1829
1759
155
-1446
-991
1138
724
268
1050
-2545
-3483
-99
1285
1750
57
-241
-470
-1304
-436
808
1801
1620
-917
-2969
-1591
985
2815
890
-1913
-2263
-273
2211
1727
343
-1980
-1729
751
757
-758
-303
411
-1623
-1269
287
940
1061
-516
-1216
-565
268
209
-780
-671
1495
2880
104
-681
103
-369
15
-158
250
529
189
-1242
-1623
-109
782
609
-982
-1574
-1532
-782
1539
3809
2922
-468
-2616
-1592
827
2158
2584
1184
-375
-1087
-661
384
1041
1710
443
-2135
-2660
-1204
776
1483
828
-953
-1994
-1587
43
1233
-41
-1042
536
1457
-937
-1502
-71
958
527
-586
-1131
-1092
238
590
589
-407
-146
1236
-641
361
1721
1094
260
-795
478
634
-322
-1398
-1590
138
1741
1441
-849
-1946
-809
314
2353
1837
-1322
-2828
-2114
954
1866
1516
-111
-2015
-1809
-816
2290
2098
300
-1137
-3448
-844
2156
2934
1503
-923
-816
-251
1498
2150
1122
26
-1260
-1396
-1436
-694
-119
-751
-878
-793
336
450
-258
529
476
668
320
-299
377
1575
1311
-1156
-1026
-1272
-216
2208
494
-421
-1035
-1604
-293
1154
1283
12
-299
-64
1010
2467
1401
-476
-2214
-974
1230
415
56
-890
-1534
-1082
-494
-560
-420
225
299
147
119
1155
1027
-548
-1231
-650
-845
-114
-182
-1602
-1450
-924
728
1966
1638
149
-545
846
2573
2165
-964
-1870
208
617
-99
-1088
-878
-804
-1108
787
-85
-1608
-1164
-446
666
2585
2305
-67
-110
1356
1471
-224
-1225
-769
-57
-324
-19
-220
-592
-559
395
1913
2247
2692
1126
-936
-1476
-868
98
446
-374
-1584
-1919
-1391
184
1313
1430
-468
-2721
-1630
1762
2602
-401
-3028
-1734
422
1799
2937
625
-1947
-804
1474
2268
1518
-194
-2289
-1968
386
885
-336
-1873
-2617
-462
3010
2973
632
-265
94
762
1108
569
-1020
-1847
-850
287
107
-2455
-3613
-821
1453
2018
2246
413
-1700
114
3391
3728
881
-1779
-1650
12
1239
128
-2964
-2897
-265
48
-1028
-1073
-400
82
233
900
1705
871
-363
1397
2546
-417
-1333
-866
-672
1321
2110
-758
-2738
-1800
1678
3547
785
-1886
-2859
1213
4541
2342
-1726
-3366
-2142
1038
3074
748
-1604
-1813
322
1438
-323
-1325
-594
47
-463
-758
-318
-913
-1044
1071
1546
-372
446
335
-1389
-573
2191
2750
159
-1954
-1397
301
1061
1164
134
-723
-132
317
-1209
-1193
-168
-465
-1769
-1711
272
1161
1074
745
345
711
1431
326
-129
378
-519
-976
-1774
-1955
-992
-1391
-2066
-302
1795
1112
-1038
-1305
1007
1757
1068
-856
-1441
195
1919
2195
-44
-2295
-2188
432
1143
-119
-1540
-2597
-602
2187
2754
944
-880
-77
1489
3688
2267
-1601
-2308
-383
2310
2184
-1180
-3558
-1416
1478
2588
1756
-963
-2253
-811
1525
2434
332
-1892
-1548
804
1581
194
-1621
-2596
-1480
-760
546
948
-870
-1615
-663
1050
1707
717
-1105
-1699
377
2652
2960
-476
-3398
-2632
565
2269
270
-2182
-2117
189
1238
1086
-8
-1061
-1242
18
988
-307
-1502
-483
584
710
212
225
954
1440
2629
2576
709
126
1575
1702
-247
-1341
-2082
-2179
-1949
-2012
-730
-612
227
1687
2097
1825
1871
1542
-363
-1187
-1736
-1332
-737
-1265
-2381
-2601
-308
1960
1229
-551
-99
-434
-470
1323
1959
1312
547
1248
1473
-129
-1758
-1318
-720
-770
633
1382
354
-197
395
226
-1649
-2298
-1668
-507
656
1487
1525
-620
-349
1473
1273
-143
-907
18
712
1061
1290
92
-826
-452
600
670
318
653
811
449
185
494
6
-948
-453
768
165
-1762
-2186
-1511
-1200
5
824
336
-1004
-369
547
66
-170
-452
-664
-1989
-1930
-103
378
386
139
211
759
437
1005
-194
-1409
-13
1359
2674
996
-2440
-2574
-1288
195
1205
833
-470
-1344
1482
4280
3206
352
-691
-403
-609
392
1153
-703
-1622
-1131
185
1451
1177
1390
788
232
-161
-401
490
614
-696
-1689
-1661
589
2111
263
-1187
-1182
-1162
-1778
-833
454
-333
-1884
-1615
-333
146
2511
4319
1860
-897
-971
386
918
432
249
-1735
-3753
-589
2940
1259
-3561
-4757
-1531
-220
993
1384
-1453
-3641
-2728
533
1409
-1228
-2751
-1220
801
766
430
-434
-1286
-589
-153
1247
894
-15
643
1143
1626
867
-480
83
1873
1820
1405
1483
1866
1942
2717
4640
4602
3061
3160
2837
2692
4378
4148
1357
-83
2536
4502
3477
2148
1692
1856
2170
2014
-623
-6123
-9531
-11245
-11644
-12198
-11509
-8107
-7651
-5488
-2828
-1560
-384
-763
-1477
-3682
-5310
-3645
-2153
-1168
-1257
-2784
-2679
-599
1880
2613
2018
1206
1519
2390
3047
2511
752
560
2279
3215
3930
4726
4941
5933
7392
8814
9109
8072
7806
6668
5513
7700
8579
8040
4569
4381
7871
6093
9258
15363
16770
9624
-9569
-26793
-32768
-30528
-22443
-18449
-17405
-14411
-3161
8631
15779
16422
7473
1259
-1468
-2859
-5245
-9719
-12670
-13661
-9339
-1589
4936
7413
6729
7645
8423
8018
5471
231
-4904
-8703
-7594
-5015
-3686
-1154
0
1365
3463
5516
7656
6625
2838
-776
-3920
-5128
-4964
-5806
-6551
-6185
-3504
203
2957
4086
4447
4155
3667
4068
2742
756
214
86
744
761
753
1708
2604
4759
6937
6307
5688
6070
7168
8276
8458
8449
7118
8198
7466
6401
7313
6574
6103
3049
-4304
-13215
-21515
-25036
-21748
-16599
-12193
-9537
-4586
2519
7876
10111
8010
3573
-1163
-3614
-4375
-6279
-9068
-10449
-8127
-2920
1865
4581
5352
5428
5519
5620
5076
2219
-1470
-4484
-5031
-3620
-2410
-889
50
1698
2739
3686
5168
4000
2253
83
-1900
-5240
-7357
-5295
-4171
-3637
-4342
-2846
450
2849
4604
3761
2592
1772
1402
1948
1538
81
-2051
-2406
-12
1775
3038
3248
3335
3927
5084
6192
6944
6477
5094
6284
7972
8904
7896
5964
6619
6770
6481
5242
3661
-4956
-16173
-18759
-20963
-19559
-17442
-13252
-6624
-1956
5437
8991
10363
8622
4366
2538
-650
-3878
-8152
-10233
-8402
-7136
-4101
-280
2996
4958
6093
7701
6560
3910
1223
-963
-2650
-4672
-5405
-4634
-3217
-1339
372
2656
4063
4031
3900
3721
3427
601
-2040
-3534
-5133
-9034
-9540
-4923
-2595
-2133
-2373
-899
1537
4007
5500
3484
616
-601
-465
90
44
-1089
-2453
-1515
1487
4233
5129
5083
5021
6158
7259
7376
6012
4556
3229
2646
5446
8382
9079
7811
7221
6869
7477
10541
9893
-2140
-14808
-19685
-19430
-17667
-18482
-17519
-13472
-6476
2626
9720
10778
8794
6218
4533
4171
34
-6280
-11043
-11510
-9421
-7153
-4506
-2616
-91
3732
7488
8488
6274
3502
1245
284
-586
-3284
-4416
-5055
-4344
-1672
340
2060
2278
3384
5666
6995
6016
3509
1907
-76
-1806
-2977
-3815
-4632
-5430
-5473
-7531
-4809
-356
861
869
-908
-130
1120
1776
836
-1679
-3686
-3570
-309
1974
1584
619
863
2791
4948
5575
4318
2387
1840
3155
4787
4348
1693
-248
-272
1510
3436
3207
2477
2517
3121
5757
7788
7192
5830
5564
6951
8336
6855
5553
1481
-6811
-9946
-10539
-12919
-17986
-20302
-15806
-9184
-4164
-1223
1467
4329
6366
7265
6651
3493
-333
-3209
-4837
-5410
-6031
-6153
-4506
-2290
-11
2576
4670
4953
4159
4394
4382
3792
1686
-823
-1205
-2591
-3073
-2785
-2912
-1946
-1894
-210
1748
2012
2711
2597
1334
415
-680
-1826
-2692
-3561
-5357
-5229
-5006
-6960
-2688
1274
1555
457
312
2776
3438
2360
567
-518
-1446
-409
923
1398
636
1279
1917
2731
4735
4160
2966
2199
1704
1765
3822
3524
1710
1868
2808
3423
2617
1248
408
-194
-429
882
749
591
1528
904
2540
5154
5191
