16445
13976
15328
19249
9256
-3777
-2129
-9341
-17669
-13787
-11973
-11266
-7107
1203
4113
4631
7898
7503
4100
4093
5312
3831
1978
5523
6273
11930
11202
18350
18679
20849
157
-23475
-7365
-26883
-32768
-17207
-12099
-9496
3768
16188
16777
12301
13064
11048
-5227
-9602
-7541
-18909
-16440
-11012
-8481
-4798
983
9375
5548
7320
9719
2396
2841
2469
1950
2497
2996
5419
10824
11324
15992
21076
19357
14522
-17094
-16199
-14383
-32768
-25769
-12285
-8942
-1478
11525
17159
13764
8175
9347
328
-12553
-9922
-11765
-16762
-11920
-4888
-2161
2220
5923
7705
5547
3716
3438
1085
1712
3428
3719
5959
8643
14869
14452
18060
22730
19501
13286
-19140
-19621
-17088
-32768
-26721
-12699
-7907
95
10883
17110
14892
5110
6592
-1081
-15175
-12152
-11685
-15650
-8866
-2582
1429
3208
5638
6498
3871
1702
696
2812
2251
4872
7340
10674
13485
16595
17245
22717
20041
16642
5259
-24292
-22007
-23317
-32768
-24829
-11774
-3826
4045
10649
17779
12085
2324
3507
-6210
-16756
-12869
-12907
-12054
-6237
-1151
4639
5447
9428
4438
471
2609
-292
1814
5844
6123
9701
14180
12803
16110
17249
17631
16276
12963
5541
-19856
-25195
-20362
-30999
-27399
-11292
-3217
1691
8776
12594
8321
495
-1637
-6816
-14781
-14131
-10773
-9674
-6111
-888
1995
2708
5312
6053
6466
6081
7175
8039
9036
12199
11731
14586
17303
15655
15576
12886
7960
6827
-10959
-25966
-19602
-23680
-27029
-16253
-5530
305
2554
6710
8600
-72
-5168
-4588
-11488
-13485
-9080
-5530
-1577
-617
3595
429
-3669
3894
2460
3712
9787
9774
11660
11936
11866
13381
13706
14058
13780
12511
11109
8755
4413
-6162
-17159
-17731
-18853
-22132
-17639
-10111
-4786
-4006
-1050
2114
-1830
-6211
-6509
-8604
-11027
-9387
-5277
-2871
-1216
2870
4625
5421
8545
10109
10180
10847
10992
10031
12345
14448
11672
12451
13808
10423
6785
6737
3863
-686
-4738
-9941
-15415
-19876
-20947
-19338
-17144
-15529
-12500
-7307
-5434
-4884
-4432
-3529
-2511
-2315
442
3127
4184
5791
9480
7520
7511
10319
12297
12384
14796
17072
14402
11601
13227
9940
6219
6161
927
-1842
-23016
-30656
-12478
-19082
-20739
-3269
-2793
-4417
-4944
-7385
-4910
-10437
-8581
491
-3009
-1776
2234
1465
2257
272
3331
8218
5184
7578
11477
10160
10888
9892
11610
11895
9354
9560
8396
3169
3254
1645
-4956
-4472
-3789
-8017
-8358
-6030
-8459
-9231
-8904
-7897
-7030
-7293
-5141
-4171
-5102
-3992
-1563
-1637
-2481
-1471
-781
-1544
-238
2480
4516
5124
6019
7369
7240
6352
6342
8760
8061
7192
9524
6494
2847
3117
-435
-4150
-3897
-4057
-7201
-5492
-543
-2405
-3672
-856
-1131
-1603
-1734
-3665
-5147
-4274
-4713
-7035
-4398
-3487
-4588
-2744
-2368
-2133
-97
-212
2082
2766
4192
5074
3195
7429
6908
4514
6875
6396
4568
4052
2403
-864
-5195
-2093
-1074
-3672
1344
3239
995
108
-338
1999
327
-3439
-1077
-2539
-2715
-2292
-5180
-2826
-2628
-3968
-3605
-4086
-1597
-1460
-865
3047
1852
1770
3093
696
1795
2682
3140
1693
-165
804
-781
-1474
-1896
-852
429
967
1139
2241
3467
2018
1712
3790
2955
-941
-634
1159
-474
-1523
-2354
-2973
-2589
-2092
-380
-1322
-1415
-229
-214
-48
-1518
-1681
-2002
-3105
-2041
-1898
-679
1680
1237
1064
1511
1091
743
395
-380
133
1930
2227
2601
2818
2714
3077
2043
1178
343
-686
-1123
-1415
-814
94
-2209
-2107
395
-752
-270
-1156
-1044
-543
-1381
-32
-1452
-3651
-3331
-2266
-1435
-904
492
2334
2035
3745
2522
704
1072
-136
689
1059
965
2090
2461
2474
2975
1362
300
-2081
-1614
152
-972
-1131
-1014
-719
206
1656
-1683
-741
362
-2185
230
270
-3213
-4453
-3371
-867
8
-1024
1805
4062
3644
2649
4071
2559
-1123
-13
1168
-865
-288
-1035
-1518
-617
513
344
-1230
651
540
484
-1267
2653
544
-1686
-402
-1328
1457
1333
-2697
-3013
-1376
-2674
752
-1906
-2773
676
182
-2029
-2444
2150
2550
3346
5612
3782
-1298
-2970
2355
-961
-2039
-291
-820
1545
-707
291
1356
1791
-296
-147
2201
-196
-1832
-2400
858
110
-1904
-3411
-2883
-337
-1483
-2291
-2693
-361
1129
202
345
1395
-139
-3291
2588
4704
-482
-1675
2543
4490
-2096
-4380
-1450
1521
1825
518
1936
-1044
-2229
1281
966
1584
1348
1348
-684
-2618
-2877
-232
-536
-2557
-2484
-1609
-1869
-1571
-1487
-852
3366
3175
5123
-1428
-1004
2077
-1078
2227
1823
1666
2905
-1980
-4127
-339
-407
763
431
-1969
-2987
-298
3335
1742
732
1141
-289
184
1008
938
-2807
-4121
1933
-503
-3507
-1438
428
-23
268
659
-1461
571
871
-276
-274
-2160
-1034
533
124
2648
2016
-23
426
2139
3209
-274
153
3878
88
-2291
-1055
-207
349
310
377
422
582
1352
1291
-1216
-2640
-1418
-1213
-2621
-1754
-1047
1552
111
748
3822
-186
-1429
-637
-297
-167
-1150
-231
1326
-1124
-198
679
505
-404
-1746
1186
843
-1095
-872
1519
1246
1326
-8
2048
2015
419
-80
-1703
287
-1907
-1796
-2987
-738
-140
-3194
450
2518
1023
-358
169
-339
-161
535
-22
-671
-1177
400
1002
887
1283
1662
2669
364
-172
-520
-2716
-1208
-91
318
221
13
957
934
272
1133
60
-1728
-1353
-1049
-1544
-2310
-1062
159
-871
-725
1022
1639
439
-60
1458
-454
-2480
-95
924
87
203
-190
1746
1395
671
2792
1752
9
563
586
-1230
404
303
544
-343
-1163
1607
105
-38
462
-225
-1523
-2151
-1134
-1296
-747
-1369
789
1648
502
1441
581
2036
990
-347
816
915
759
704
656
304
-615
606
152
-847
326
76
370
-312
-520
1433
1039
-1579
18
98
1085
-940
-1353
-459
-192
635
-1936
637
185
-295
-333
222
1428
-52
-208
769
1324
562
-86
231
706
1016
-261
921
1831
158
194
-536
-697
409
78
-1082
-189
-79
-541
-1298
-350
746
310
-115
-1395
1301
-1599
-495
896
-1503
636
-994
152
1077
-274
-86
-162
-1484
2642
348
-707
879
-660
902
908
719
-1839
-155
367
-628
-691
-302
-340
-696
-552
-248
430
-1299
597
190
-50
-1070
377
414
-1790
-344
-678
-297
-1195
-476
-894
144
-212
663
1114
561
-97
-487
475
-393
1944
528
652
1156
-1212
543
-1526
89
-622
-1312
-689
-64
341
-1096
-439
-191
130
-727
336
352
391
-929
1360
-2191
1405
1015
-259
1078
-1110
524
-535
-366
-332
1723
-369
-315
-652
-973
61
403
479
387
-875
-418
-40
405
292
-160
-289
-354
-63
995
334
-478
437
76
627
-476
1315
-386
-650
-432
-888
233
-353
-665
487
946
-232
50
-455
1056
1239
-290
-245
-421
-942
866
156
-1145
-7
1181
679
87
11
818
-289
692
2419
-1243
-724
-2118
1049
1855
970
541
-2500
915
961
42
-724
-130
240
593
129
180
1397
-902
-630
825
-736
54
-1119
-748
112
-648
-848
-2278
-8
-33
-781
-101
1220
1801
305
-1031
1519
2330
-501
-1430
671
1512
592
-669
1075
2351
87
-1068
-182
1620
-246
-2719
-785
2310
-293
-1327
56
677
-323
-759
335
-200
-889
-1515
-1808
-620
-645
-1178
273
1305
711
200
1267
980
831
-761
14
-135
-1746
1766
841
-1025
-607
465
1868
1716
-83
-1384
-312
-200
-345
-806
-545
-223
-1538
-1128
677
1087
104
-1932
-13
1068
-183
-1744
398
1625
-531
-158
1561
1983
-11
495
-1261
1595
1501
-1163
-1450
-223
1639
741
-1981
509
2187
-2478
-2035
1792
2689
-966
-1346
-870
2261
-1712
-2033
692
1761
1689
-2671
-772
-2598
-5432
-4876
-4994
-274
2995
5566
5515
4498
8009
1574
2757
3166
408
-180
-5390
-4142
-710
-1075
-3884
-1580
2155
2203
-413
128
2951
1901
-1003
-3243
-823
1775
-245
-2640
-545
1873
1399
-1126
151
2727
107
-674
-395
-75
315
-240
-278
1197
1791
469
-222
735
647
-112
-893
-1018
-255
-1010
-1737
-1225
-148
671
-796
-1888
-193
205
-998
-2082
-677
435
-1010
-885
-417
162
97
-314
272
465
790
1031
1076
971
1200
1344
755
-157
225
794
-76
-1079
-1269
-1370
-1853
-2492
-1823
-1562
-1022
-1282
-2562
-1567
-639
-565
-456
190
458
708
802
1533
1987
2373
2785
3381
3440
3202
3413
2608
1629
335
-833
-1727
-2589
-3303
-3916
-4842
-4422
-4531
-4143
-4008
-3325
-2166
-2510
-1751
-1056
-370
484
1862
2812
4953
7316
9787
11251
12276
15081
15520
12174
7852
2636
-3870
-11758
-18736
-22784
-24322
-22933
-19419
-13936
-6697
-254
3551
6272
7096
7135
6267
5921
5803
9707
13561
14561
15935
25042
32531
32612
17133
-21380
-26574
-19407
-29594
-30274
-32768
-19507
7703
4582
4064
20089
31584
31250
12427
-3939
778
-5493
-22370
-32768
-29630
-15737
-10959
-12629
-2275
13975
21305
17276
12201
15739
15691
5537
-4074
-5507
-2424
-2802
-6561
-2737
5652
9733
7412
5211
6855
6255
-769
-7108
-9385
-9190
-9454
-12192
-11050
-5118
-1043
-97
956
4672
7852
6779
4987
7196
10328
11561
11637
12305
13272
11523
4615
-2466
-8775
-14573
-19582
-23014
-20986
-16173
-9759
-5159
185
2106
4005
2902
2940
975
688
532
4480
8983
17215
20802
22552
28708
29959
30980
-7211
-32768
-28807
-27049
-26620
-32155
-26323
16243
30576
18563
20575
25645
28514
12335
-23170
-27715
-18819
-28494
-29647
-29933
-8273
11969
7322
9906
21644
24052
18649
4387
3189
9415
3317
-2605
-3271
4957
11775
6758
1823
4342
3771
-3030
-15722
-19251
-17114
-15698
-15505
-10150
-2601
5020
5481
3223
4009
5846
6010
3258
8086
13816
19995
17771
26226
28200
32767
15574
-28401
-32768
-24738
-22242
-25389
-30288
-1190
32767
28359
17280
15756
20984
14404
-16598
-32768
-26319
-18828
-16973
-23943
-13247
18596
21523
9907
9955
14088
19060
3566
-9395
4
4953
2950
-4403
-2782
11936
13391
5262
2879
3974
6584
-2938
-12482
-11236
-9443
-10520
-12528
-10258
-4288
-290
-1718
-1975
-269
3814
1209
1909
5561
12185
16165
16093
21292
27132
29187
23672
13337
-16851
-32768
-32174
-26771
-24063
-16564
-2693
24324
32767
17790
9931
3134
-1741
-20908
-32299
-31135
-18857
-7159
-2096
3249
14594
21827
8147
845
1930
5209
6447
5971
13049
23473
24013
23471
19348
13142
522
-26347
-32768
-30217
-21687
-15070
-8731
6966
26773
24428
9618
2588
-4824
-13732
-24771
-31450
-22044
-5836
-311
4050
7761
13777
10177
3875
2652
14898
20392
21798
23707
30784
32731
27893
10698
-24569
-32768
-32143
-25707
-24709
-15255
1967
30471
31599
13349
4249
-904
-5628
-25627
-32768
-27001
-10350
1276
5601
7993
18586
16155
-663
-5437
-4673
2124
5105
6593
19755
28847
27688
25815
21984
19518
8064
-8595
-25758
-32666
-32768
-28931
-18078
-3604
8634
20632
25501
8748
-2693
-11066
-15911
-21251
-25432
-14736
986
5424
9578
10418
10674
7151
1142
5178
12231
16531
17918
23662
29623
32767
24286
20343
-2677
-32768
-31581
-32767
-31442
-17729
-11932
13283
32767
23764
5952
-3213
-7635
-15670
-28082
-29725
-10195
5117
7571
6652
7183
6901
-317
-8114
-3249
5770
12312
15935
19314
25781
26895
21213
14494
7980
1603
-5638
-14057
-16614
-20457
-28045
-23402
-12236
-3075
-39
-1585
2107
2123
-6682
-13265
-14632
-10938
-5362
-2861
2949
7534
8780
9392
8370
11905
18149
17219
18170
25025
29185
29169
20692
21433
-730
-32768
-31687
-32768
-31713
-23346
-16663
8092
23142
15339
3724
-6279
-9461
-15486
-26414
-20645
-5431
3159
6880
5609
7457
5664
-1660
-959
6972
15993
15205
14199
22183
27398
23347
17238
11496
7107
527
-11990
-19069
-21495
-22223
-21650
-19656
-12769
-7510
-5635
-4252
-3857
-6300
-9622
-9305
-5388
-2451
-271
2498
5883
10022
10332
14268
20448
19718
18680
21517
27060
27534
21201
15858
9034
201
-19039
-32767
-32742
-29651
-24122
-18766
-8154
2925
1865
-7710
-11030
-13166
-15614
-16022
-12128
-1371
4184
3097
6869
9985
10945
10350
14506
19005
19935
19724
26299
30148
29528
27369
18722
12380
-16873
-32767
-26280
-29356
-29039
-24360
-11929
8251
1546
-13156
-9193
-6273
-11618
-18747
-16131
-2954
-1447
-6652
-294
5319
7249
6137
13190
26079
21873
12512
15513
27046
30686
22138
20533
24288
18131
1773
-10147
-15817
-21593
-30925
-32767
-28735
-23012
-18624
-14713
-7685
-5594
-8597
-10260
-7372
-5532
-6797
-5804
501
5682
6419
9599
16367
19467
15558
13058
19057
28034
27116
22127
23558
23766
14545
4664
-987
-5424
-11899
-23819
-30221
-30551
-30773
-28801
-23022
-15250
-10247
-9768
-7993
-5448
-6593
-7957
-5477
224
4250
5176
7523
13635
16519
13218
11216
17221
23823
23866
23455
24778
24994
21803
14518
5921
1491
-4718
-14672
-19038
-21766
-27520
-31606
-29455
-24915
-21577
-16087
-9493
-6145
-5488
-5449
-5483
-4496
-2866
-913
2685
6468
9119
12283
13684
15042
16598
17401
21358
24205
21594
18660
18396
16200
12219
6316
540
-512
-2356
-11143
-16519
-19138
-23596
-25575
-26508
-23064
-18966
-16398
-10472
-8693
-9386
-5154
-4341
-2794
-331
-37
4143
8496
9866
12727
11125
11938
17914
17240
17660
18035
16406
16331
14258
11279
7729
3406
3855
901
-4243
-4722
-6515
-8735
-12985
-18467
-19383
-19711
-20868
-18423
-14847
-12112
-8997
-7585
-7638
-5462
-4226
-1684
1538
3609
7728
10756
11721
10374
9731
10459
12291
12977
13422
14637
14627
14150
11192
8465
6789
3396
2158
3635
-1054
-6279
-8700
-9337
-10938
-15398
-14255
-13026
-14478
-13740
-12211
-10959
-10691
-8768
-4807
-4037
-3715
-1949
29
1727
1837
3565
6840
7537
6468
7419
10394
11798
10152
10654
14418
14265
10601
8667
8618
6001
2073
644
1187
549
-3448
-5977
-6271
-7933
-10291
-12404
-9760
-7136
-9374
-9846
-9037
-6771
-6084
-7786
-5156
-1422
-1152
-284
720
1143
2595
2888
4706
8006
6776
5381
6779
8666
8793
6055
5546
8140
7489
3366
1967
1689
1571
771
-1613
-2207
-2223
-3613
-4496
-5222
-5492
-4368
-4697
-4485
-4024
-3845
-2640
-3017
-1969
-427
-1028
-1666
-1871
-1699
-624
-287
1567
3905
4750
5342
3939
3035
2387
176
-582
-95
-444
-1978
-2353
-30
918
139
-249
707
890
360
-631
-1031
-1613
-1416
-1250
-887
711
3
-119
-1209
-2351
-2133
-420
2098
2339
2811
3502
3065
1985
718
37
-1912
-2790
-1966
-1704
-1910
-1765
-1520
-1540
-823
-1713
-1560
-1314
-1960
-1090
-1316
-1021
-1352
-1353
672
971
713
1252
1822
3125
2634
1768
2332
2035
2016
2044
2201
1493
2114
2238
1061
523
-790
-1264
-2255
-2123
-1085
-878
-1458
-2243
-1474
-1151
-2182
-2850
-3440
-2971
-2714
-2604
-1234
79
-711
-688
268
-667
687
944
1745
3386
2662
2973
2941
2447
2005
775
1414
1828
-2966
-4742
-1083
438
-78
-542
1354
1968
647
719
1093
1961
1164
-696
-513
325
-954
-2145
-830
953
2307
1087
1163
2321
3360
3502
1084
1449
1459
1170
1057
421
977
344
-768
-639
-1287
