-142
52
89
55
225
343
219
229
354
96
-22
-46
-98
1
-20
123
-69
-53
-83
-43
-87
-158
-400
73
472
-861
-290
440
-417
-22
529
-38
69
444
172
-28
-62
69
158
-249
-119
167
13
64
346
211
-32
75
37
-197
-15
279
242
152
101
386
248
6
3
96
5
233
176
3
15
-165
-308
-393
-209
-181
-146
-84
3
170
38
-6
173
32
-3
32
23
10
80
115
-111
-105
-41
-248
-245
-114
-4
-83
48
137
-43
-73
48
-90
-132
-42
-28
45
-8
181
253
254
-72
-548
286
529
-691
13
669
-444
-155
444
-24
-283
209
6
-484
-112
-56
-19
-367
-95
399
-38
19
345
43
-1
245
77
-296
-214
-219
-267
-304
-259
51
-24
-215
-54
102
-182
52
57
-90
-184
-1
32
52
228
86
178
180
57
-33
221
177
207
545
198
180
293
83
-74
-102
16
-263
-291
141
-35
-94
94
-40
-150
-77
66
-126
157
252
163
166
113
202
-3
-180
-67
-162
-101
-249
-482
55
380
-327
-117
756
10
-217
523
281
-416
179
52
-352
-120
-10
177
-104
-79
162
-11
-340
174
50
-234
118
46
-340
-210
90
-94
-215
-180
-59
-304
-101
229
253
42
356
469
49
172
203
247
33
243
290
-18
147
341
27
-297
90
-34
-214
70
105
-143
-18
44
-401
-138
101
-62
-27
234
113
-205
-31
-120
-287
-270
-183
-253
-282
-90
48
-51
-11
139
-101
-161
-126
-36
-122
108
129
-520
-140
398
-378
-520
564
27
-491
462
226
-508
122
121
-302
-269
-221
238
-86
-234
333
31
-271
51
81
-345
-120
404
-141
-249
-30
12
-714
-449
67
-279
-251
-147
-25
-358
30
-34
-234
-259
-117
83
-244
-230
57
-155
-315
191
14
-153
146
227
-178
-275
214
-28
-4
246
352
112
442
476
228
531
497
515
303
367
443
167
251
311
170
284
90
341
44
107
261
78
164
15
-72
124
224
260
120
-397
-105
349
-208
-419
822
254
-224
831
388
-295
489
381
42
-63
-11
441
-185
-382
467
213
-363
264
-9
-147
101
307
24
-53
319
256
-102
134
577
122
110
270
147
-102
69
-16
-113
-180
-34
33
15
139
142
63
-107
79
-64
0
108
28
93
-45
-24
-83
-95
-14
48
7
-73
114
201
214
60
111
107
-63
-143
-154
-294
-287
-71
-153
-108
71
-8
-26
90
154
31
95
64
-276
-159
2
-284
-148
-106
-435
-475
-83
-401
-586
154
-126
-377
225
290
-31
348
230
107
141
49
147
98
-389
-35
155
-349
221
204
-164
242
254
-33
-33
-130
6
-127
-214
22
-203
-339
-181
-258
-351
-218
-186
-352
-239
-130
-79
-124
-218
-194
-192
-301
-95
-110
-213
-196
-116
-233
-300
-109
-104
-32
29
142
-23
158
147
30
-89
-65
-156
-192
-119
109
-49
162
279
-125
22
24
-58
-164
161
-105
-149
46
138
-243
15
-55
-308
14
-104
-113
214
170
-385
8
587
-212
-405
664
-372
-295
652
-173
-402
362
130
24
-105
54
302
-205
401
479
-207
158
487
-162
-56
67
-17
2
27
-90
11
-72
-66
200
150
271
215
321
236
75
179
42
136
205
-33
-15
18
37
58
45
-150
146
-199
-476
-40
-136
40
109
-135
-112
170
63
82
-93
-27
139
35
130
68
116
26
-13
56
-172
-171
124
49
136
149
133
154
178
-19
13
158
64
58
175
-34
91
351
-180
-262
163
200
-198
348
193
-146
264
144
-219
-31
67
25
24
-30
28
-82
31
-28
-96
-169
37
190
81
-43
113
87
16
44
-32
-83
-155
8
145
-202
-248
36
-77
-74
-3
170
-58
13
-22
-198
50
-56
-151
-228
-354
-320
-106
-77
-191
-4
-193
-289
56
-126
-100
-24
-35
32
-51
-109
138
167
155
369
-2
-123
-31
33
37
25
322
311
38
46
77
-53
53
76
-19
-23
71
96
-130
-225
-228
-187
73
14
-186
-41
224
172
-173
5
-42
-402
-84
-141
-288
-652
-512
-26
-634
-403
48
-123
4
242
69
110
216
231
164
-189
-87
-95
-184
68
-143
-248
207
-19
-83
249
175
288
444
151
-51
21
-54
-139
-127
114
-165
-192
143
-66
50
136
-143
-58
20
-138
224
171
58
204
32
-80
-31
-31
-143
-102
-123
60
147
14
152
107
-48
35
-22
-103
24
-72
-93
-183
-250
-58
-188
-172
6
-102
-50
106
182
262
312
82
99
112
-405
-57
240
-190
-62
447
-189
-203
300
111
-36
-200
414
215
-49
635
190
-319
201
37
-123
106
107
47
-228
-122
173
-279
-86
350
-256
-52
517
47
49
304
-225
-112
-92
-113
-192
-310
-26
100
-282
11
447
-180
146
282
-156
-64
14
-124
-91
53
-173
-201
66
-112
-67
5
-171
-127
80
-14
37
68
52
117
-18
5
40
64
-27
-74
-195
-177
-243
-79
-30
37
85
118
242
123
27
-14
57
148
245
-213
-144
246
-142
-244
374
-103
-470
250
144
-217
-349
-67
-208
-506
42
-24
-632
-15
133
-345
-203
33
-48
-283
-9
48
-273
-290
246
-40
-158
353
135
-167
72
102
-19
58
265
57
6
291
-62
19
316
-17
34
287
25
2
-11
166
225
154
59
-39
82
69
171
258
-56
-75
62
-123
15
80
-88
76
159
97
63
24
247
14
-155
-86
-176
-307
-202
-143
-189
-78
-44
-4
-26
7
-63
-45
81
290
170
-155
52
318
-204
26
405
-190
-25
496
119
-202
77
103
-108
-118
231
-73
-24
474
145
-52
154
135
-181
-221
58
-126
-244
126
115
-80
216
263
-150
145
221
-81
-41
39
-25
-195
105
-73
-83
152
-132
111
315
90
19
-36
-81
-117
-78
0
-58
-6
-17
104
-51
-269
-128
-159
-349
-18
67
62
163
100
225
29
63
211
-25
-87
-36
-81
19
103
142
85
83
45
36
65
82
62
-43
131
429
-187
-333
289
-135
-365
385
-182
-681
455
262
-270
222
-7
-154
152
67
128
-167
22
169
-271
-162
-33
-154
-122
-69
-103
-217
-210
154
-60
-232
34
-168
-260
208
120
-111
-46
-189
-242
-78
123
134
-120
29
73
-150
4
-71
-57
-32
80
68
-120
125
109
-56
82
91
-68
61
71
-64
6
28
60
-117
-4
-96
-302
-126
-76
-95
23
13
-90
-49
-124
-57
-60
-115
-30
58
-4
-51
-11
-42
-70
434
201
-398
220
240
-160
398
204
-385
248
352
-89
394
57
-421
127
100
-16
61
-160
304
572
90
474
361
173
224
58
219
-73
-164
137
-139
-75
218
-209
-147
-106
-163
-230
-325
-66
-214
-249
114
-150
-468
-28
31
-108
-40
-6
-36
-114
87
38
-284
-79
-46
-276
-37
-92
-112
55
-81
78
-78
139
208
-81
129
152
200
66
138
124
40
-78
159
113
95
143
-16
-17
-49
34
130
301
68
364
176
-348
-47
6
-383
-17
63
-563
-266
152
-269
11
86
-418
33
84
48
122
-169
-223
151
-196
-343
-14
-330
11
54
-130
-386
-503
94
-112
32
520
127
-80
270
241
-76
-138
239
-109
-414
216
-57
-520
96
210
-87
218
151
-64
-76
182
-82
-481
-161
89
-359
-17
138
-164
-18
22
195
-81
86
165
-144
58
216
47
218
312
204
67
53
-129
-253
-286
-255
-229
-133
138
26
130
240
191
131
406
238
-220
56
32
-345
-2
141
-252
195
481
244
587
306
209
601
296
306
158
-331
70
239
-255
119
260
-179
-30
147
-39
-59
54
36
121
276
345
240
227
193
141
-263
-301
87
-294
-352
37
-140
-544
-147
106
-228
-49
37
-53
-24
1
-121
-394
-162
14
-144
-104
163
-83
-189
110
129
126
104
44
-12
61
64
172
66
116
154
-70
-16
-14
-14
78
-31
-40
26
-133
-76
-163
-124
-188
-14
57
-317
-71
98
-91
-8
198
-288
-200
86
-60
-2
-71
-201
-26
-121
-177
-82
-293
100
97
5
-35
71
96
122
67
6
-1
-211
-1
-122
21
-25
154
9
1
100
-40
76
-9
-48
-390
-252
-104
-107
-50
83
38
65
221
58
82
164
205
126
75
119
-49
-40
64
151
48
-36
34
47
-84
50
119
-84
-32
-40
-16
-101
-60
-111
-59
-68
-66
16
-111
-46
72
19
-76
-79
-216
-184
-92
24
83
-45
-149
-23
-117
-264
-106
-334
-299
0
28
-16
118
189
136
273
267
103
-78
-11
63
-2
-59
77
-6
-132
-25
-44
-131
58
186
112
441
216
-93
-94
8
-26
-81
-17
114
-26
-23
43
-103
19
-62
-57
-119
-61
-27
5
16
58
9
33
-19
-43
-109
-157
-79
-228
-88
6
-80
48
98
149
371
322
245
285
312
151
-23
-24
8
-38
13
128
174
159
309
99
49
137
115
78
41
84
-25
20
-16
-26
-19
-12
-110
-71
-140
-138
-19
54
63
48
-22
-66
-19
-156
-54
-63
-22
40
-21
-46
-147
-69
-46
-63
-21
-28
126
164
277
333
83
68
33
-23
38
145
105
57
-13
-189
-70
-10
71
261
62
82
168
47
30
-137
-134
-138
-263
-132
-184
-278
-189
-164
75
117
173
276
299
254
279
271
169
89
-95
-46
-40
-133
-217
-177
-100
-3
-76
-8
-45
-93
65
3
37
36
123
123
-34
-121
-140
-235
-391
-277
-135
-112
1
134
35
28
53
24
57
-12
-47
-138
-126
-132
-65
-51
-96
-153
-146
-81
-63
9
48
67
-12
14
-22
-17
-117
-49
-46
-181
-147
-100
-143
-280
-87
-89
-139
-18
1
-43
24
-38
-23
40
-108
-58
-209
-149
-144
-174
-57
-93
-75
-73
45
-129
-173
-3
43
13
36
-25
17
40
75
220
44
88
33
-73
23
30
60
16
25
51
15
88
70
58
109
80
15
-93
-84
-118
-48
12
3
148
143
211
70
85
75
6
144
98
103
127
120
98
165
84
-99
-101
35
-10
-27
21
-57
-95
1
81
-37
89
34
-65
9
-103
-174
-174
87
58
-130
-55
-95
-141
-33
-1
-29
32
57
111
150
238
255
190
260
95
-42
4
7
110
85
-14
134
56
25
175
164
154
76
49
-2
90
-9
42
49
-180
-224
-242
-116
-192
-68
97
86
93
70
179
169
126
138
-28
-78
-213
-213
-15
-49
45
16
-102
-88
-84
-52
113
110
154
161
-1
-7
-43
-109
-220
-273
-317
-390
-358
-274
-123
-76
-53
81
40
146
43
16
182
97
-49
-154
-132
-150
-194
-82
57
-21
66
47
90
176
71
81
43
36
11
-13
45
-7
-98
-147
-124
-153
-238
-56
-77
35
53
-8
94
-37
18
-154
-260
-245
-317
-190
-376
-458
-290
-172
-54
5
201
223
278
234
198
112
207
102
-36
-64
-116
-95
-99
3
-118
210
156
7
136
302
287
136
188
131
121
75
-6
-14
-4
87
-93
-143
-129
-60
100
239
363
209
276
46
-34
134
78
96
-42
-137
34
-69
-35
-92
7
-17
14
139
106
301
302
239
96
137
78
-20
-151
-8
-69
-143
-238
-308
-234
-63
88
62
149
124
164
104
196
145
61
29
9
23
-114
-105
-65
-5
69
115
166
47
186
263
93
71
134
24
-116
-81
23
108
70
-1
-127
-168
-124
-41
-22
-25
25
32
-30
-95
-172
-179
-107
-200
-181
-217
-296
-192
-188
-135
-46
7
66
166
192
167
113
54
73
143
109
132
154
37
63
50
35
-48
-38
44
47
171
180
-16
21
116
-33
89
63
-6
-16
-16
-116
-112
-11
-6
8
-16
27
-30
111
95
0
-2
78
-44
-127
-119
-88
-93
-204
-98
-142
-78
-23
-91
-124
-34
3
-45
76
23
124
82
13
-53
-41
64
-32
-147
-186
-149
-114
-174
-108
-40
3
147
45
175
97
164
79
6
-46
-8
-15
-139
-32
-33
-32
-58
69
93
116
102
164
187
97
14
-16
-180
-173
-103
-145
-47
-33
-59
5
-39
-137
-11
-15
54
-113
59
218
94
127
-20
78
-77
41
-86
-43
-27
-62
122
-10
41
148
234
240
424
194
258
99
-130
-54
-117
19
-99
-73
-15
80
4
139
25
-80
110
-6
-1
-76
-56
-11
42
-23
-190
-62
-64
-234
-90
-154
-111
-111
-75
-35
-1
51
51
167
10
-47
-149
-173
-124
-203
-166
-17
34
-116
-108
-148
-91
56
-25
58
-5
113
133
-63
20
18
-12
114
-48
-101
8
-12
152
220
297
357
155
115
145
183
202
156
145
46
-82
-187
-46
-16
-57
44
78
60
79
27
57
30
-54
-53
-212
-109
-96
-172
-175
-160
-166
-201
-127
-198
-94
-130
-65
14
102
60
72
97
13
28
-104
-131
-177
-286
-463
-267
-180
-177
-94
80
123
169
248
97
51
86
151
91
129
55
121
101
108
1
-122
3
-89
52
12
94
89
105
39
-198
-196
