-2694
11642
26845
25693
6449
-18153
-32768
-31853
-17558
-6373
-4907
3408
8286
18356
21407
15435
639
-8318
-7059
-2769
1069
3544
1907
4731
11385
17136
19514
16381
14696
13399
16408
15249
7862
2590
5061
12481
26357
-3882
-32768
-32238
-32768
-20922
6049
12054
-3258
808
18804
29467
16993
-7526
-29082
-32767
-27001
-10875
-7661
-3905
5514
14172
22017
17570
6034
-7172
-8296
-3660
320
1733
4948
5222
11787
16766
19213
16997
12983
13601
13802
16697
12906
5290
5603
8930
17733
23767
-12719
-32768
-32316
-32768
-19631
5024
8059
-5166
7715
27784
32475
13402
-11301
-30432
-32768
-25829
-12638
-13557
-5456
8052
18038
23701
16942
4759
-6354
-5957
-4651
-4004
-2785
3235
6583
15781
18109
19760
16202
15928
15794
16891
15062
11207
4738
6117
11885
16358
20011
-18828
-32768
-31766
-32768
-15500
2482
1245
-6586
11160
32765
31375
11921
-15387
-28216
-30017
-20996
-17954
-22203
-9856
10912
23457
21583
12814
2106
339
657
-2073
-9623
-6838
2112
9836
14826
15045
13715
16038
17977
18137
16170
15435
12601
10200
11063
10167
9596
12806
2720
-28060
-32768
-32522
-31523
-14518
-1997
-6222
376
21645
32767
26221
3681
-13981
-20936
-21862
-21092
-27481
-26218
-7167
12103
20044
14943
10684
6886
8891
5411
-5395
-9237
-3333
4675
7240
7647
9012
12659
19064
20224
17021
18770
20650
19588
15560
8511
9066
8435
12247
-4530
-32768
-31914
-32768
-27358
-12248
-10473
-10659
4604
28455
32767
20760
-1481
-9485
-9039
-16710
-25766
-32767
-28443
-7882
9302
10208
8115
12176
18013
17233
10778
-2413
-5819
-3837
4002
1314
742
3518
10178
21346
24719
24111
22474
25344
21014
18600
10097
4811
1743
9076
-16308
-32768
-31691
-32768
-26807
-15671
-17007
-16378
14155
31710
32114
12413
5256
2170
296
-13568
-30825
-32768
-26865
-8495
-3835
-3586
2223
16577
24968
21869
10969
4584
6506
7365
-24
-9683
-7990
-468
9499
12404
17015
24538
31938
32190
25049
20872
15192
12849
6637
4020
-20694
-32768
-32147
-32768
-32123
-30568
-25808
-19064
11949
27661
29810
19099
17782
18386
9589
-7348
-29169
-32451
-29322
-23266
-24900
-19401
-3042
14286
23905
24759
23122
23252
23120
15156
1073
-6409
-6147
-3823
-1997
1299
8754
18257
29026
29227
29344
31311
29391
19464
13679
7590
-24669
-32768
-32270
-32768
-32765
-32479
-32768
-21963
11811
21305
24769
26939
32767
29707
17818
-5658
-23794
-26087
-32545
-32694
-32030
-20217
-6753
10008
17964
24390
32535
32117
29465
21753
12790
3262
-1027
-7128
-7765
-5056
-2080
8851
17973
22411
27859
30421
28778
28273
27864
6806
-22990
-32142
-32768
-32487
-32768
-32347
-32768
-23826
-6410
2388
14529
28637
32767
29489
16708
-916
-5084
-11056
-20405
-27669
-24822
-16613
-9117
-1033
3840
17718
26567
31849
29041
28002
25178
20407
13709
4112
1517
-344
1080
3821
6687
7836
13823
17749
22137
17695
1543
-13252
-18936
-26921
-32768
-32288
-32768
-32768
-29240
-23754
-18149
-4335
5558
10349
12553
14099
13251
12851
7963
1382
-561
-4919
-7726
-7635
-3474
-255
6684
12430
18415
23960
26248
25694
25416
25081
22293
18513
13741
9444
8644
-2423
-17236
-1721
14864
-10404
-32404
-27112
-19855
-15539
-27627
-32768
-24457
-5927
-14714
-26527
-17034
-1009
11267
3891
-2932
7511
17874
9363
3091
1585
6146
9210
1853
69
8721
12506
9468
11482
13593
18909
19536
16431
15511
20099
16626
8856
10367
10022
6622
551
-1691
-6693
-7234
-18707
-31449
-32324
-27915
-28780
-32768
-32615
-28768
-13888
-8550
-10321
-3929
12903
20247
17956
15629
19749
23748
18228
9176
6589
8675
7618
2987
1404
5775
8609
8038
7466
11099
13768
14689
10493
7231
6910
3656
-2372
-7935
-11160
-13880
-18121
-20864
-19471
-20909
-19454
-18435
-17492
-11520
-8431
-5958
-1750
2941
3474
8383
9865
9102
12240
10401
8025
8060
9084
7758
7845
5973
4754
7178
6161
2437
893
-1253
831
-502
-1824
-1532
-2014
795
623
-518
7
2682
-2830
-5506
-8463
-9591
-8777
-8972
-9207
-8260
-6180
-6019
-4311
-4537
-4467
-2122
2041
1436
5105
4317
8708
5051
5337
6088
4414
7124
2087
5058
3829
6634
5706
3682
1613
1401
1785
378
-1903
-2502
-3197
-3836
-5140
-4014
1559
863
2304
5402
486
-4234
-3001
-2225
-4540
-5271
-5828
-6930
-2528
-2928
-708
2623
-1082
-1151
71
547
2572
-341
4268
3407
2820
6210
2666
2462
2326
411
-635
-198
-1296
-4064
1522
2662
-1748
3320
2413
266
345
343
-3839
-2912
-2227
-1038
-1071
632
430
-1298
2876
-35
-470
498
-3288
-3163
1436
-1474
-1050
-1758
-1592
-2168
-2636
391
-381
-624
-1518
980
6121
3178
4818
4138
-444
1382
-2721
-1138
-1908
-1837
-1345
-355
3336
321
582
859
1356
1013
3148
935
-5778
-3513
-1496
-497
93
1379
295
2205
2919
1898
2991
-83
1785
-2984
-1165
1134
-3494
-1870
-601
-3273
-1267
1994
-2439
-407
1663
2105
3115
3465
-16
1709
1368
-952
-1974
-1394
-2410
-3231
1875
-3399
626
23
215
1201
-1151
3238
-847
650
-3126
-1257
473
-1618
-962
-2244
510
501
2776
1217
2316
555
1114
203
95
-1586
-983
773
-2404
-1613
-1190
-1381
-1961
2167
1420
1844
2279
1569
276
1291
739
-2045
-218
246
-2783
-919
-1930
-1457
-1144
-1172
-234
2423
2168
-408
1948
-851
1606
1190
1099
-1993
178
-447
-375
2761
671
730
1080
2105
-2740
658
639
-402
-1248
-1580
-2539
-2557
-850
-1708
1092
-388
152
3107
2301
1624
3020
26
626
130
-354
-798
-384
-589
-683
80
-3336
2362
746
296
1818
2442
1357
-988
159
-1057
940
-38
-1710
-335
258
1207
788
-2759
1311
-1632
-679
374
-149
1203
288
-810
-1288
-300
295
-1929
-1189
1750
-1163
3402
863
-1398
1050
2774
830
-1227
-1816
-1516
-654
1744
-561
-1692
400
135
-332
-207
1439
894
-106
574
1544
-2199
441
-711
-961
3973
-3103
-216
-765
-1895
532
-422
3141
-2796
116
-1428
-2500
1160
-2843
1183
-484
-1747
2534
-1644
1794
1267
-731
-511
1543
3067
-321
3518
-4831
451
1931
-634
1697
618
-490
-4871
651
467
817
-595
3978
-8364
5448
3095
-1519
2039
-2313
4514
-3069
1579
-5363
-274
-2669
4194
-5871
78
3164
-1188
1991
-1258
963
-4616
-419
-7405
-3871
-748
9883
6414
8685
6662
6888
8027
1271
-2409
-5654
-1649
-5040
-3976
-8310
-2252
-155
-2953
-2453
3466
-5778
3474
3000
-1997
8768
6191
727
-4006
653
-10399
3854
5226
7204
8420
3327
1386
-3861
2156
-8056
545
-6117
-2109
-2273
-4452
-343
76
1769
-3453
5789
-2300
3513
163
78
-2611
-952
2507
216
-1546
0
-39
13
-1572
-4165
976
-1151
548
-4676
2760
-1990
5110
-3819
-1283
-947
-921
4829
-689
1634
8
5488
-2741
-416
-3729
2363
1529
1826
-499
-891
-2406
-2665
2809
-3022
-857
1155
3579
-3413
-1631
-1107
1014
2568
2907
1097
-2106
1868
736
-4099
-1512
-3619
-3568
477
-415
-2319
-1868
2174
-808
4719
2084
629
2889
189
1279
2815
-651
-345
-1760
-1088
756
26
-503
-1188
667
-1801
2316
-312
-120
1189
1660
1290
1116
1392
-1032
-2869
-1039
-1093
-1064
-724
-1026
1819
-1425
1913
629
-2741
414
2739
392
80
-3228
-2194
-423
1045
709
-2014
1996
2212
1969
1178
1122
1587
2792
1222
465
1375
1617
-166
836
-412
-1400
-195
-959
-851
-960
-1606
-3750
-3919
-4593
-4748
-3008
-3226
-4050
-2880
-3052
-1774
633
-81
1142
2167
2653
3631
4702
6624
7550
9792
10050
11632
13187
12323
11715
10782
6396
2047
-2179
-8718
-14724
-21808
-28408
-32309
-32768
-32545
-29438
-23138
-15564
-5552
3889
12153
19780
25618
30034
32601
32575
31729
28693
26161
22189
21026
20953
20985
16194
1703
-10791
-29213
-32768
-32685
-32651
-32768
-32206
-32768
-22999
-476
4341
16971
27754
32767
32265
32767
22613
10052
4027
-15894
-30016
-32768
-32147
-32768
-32285
-32768
-21392
6768
24861
32767
32574
32767
32429
32767
32171
32767
31542
32767
20242
-28950
-32768
-32351
-32768
-32193
-32768
-31889
-32768
-3189
14662
29132
32767
32416
32767
32741
32621
27237
14804
-4737
-19674
-32768
-31398
-32768
-31380
-32768
-29163
-22643
4986
31937
32767
32024
32767
31260
32767
18084
-30038
-32768
-32738
-32768
-32750
-31966
-29524
16801
32767
31638
32767
32573
32468
32767
23543
-26954
-32768
-32768
-32557
-32768
-32550
-32768
-31920
-29558
-15362
12379
30441
32767
32068
32767
32187
32767
31240
16227
-23545
-32768
-31807
-32768
-31938
-32768
-31719
-32768
3485
32767
32417
32767
32767
32498
32767
30507
9496
5380
13228
-1564
-6914
-9401
3709
24326
7561
-18919
-32768
-18300
-15447
-20418
-30654
-32767
-23346
3551
9764
-2135
10174
20706
32767
27317
15130
-1046
4928
6028
-8546
-25281
-32768
-21891
-12937
-11022
-25714
-24257
-8520
9224
10453
3006
2754
13546
22287
14092
3367
5964
21320
31317
32439
28744
32767
31929
32767
17643
-15255
-32020
-32768
-32768
-32540
-32768
-32035
-32768
-15526
4445
2901
28919
32767
32767
31952
32767
23779
18314
7230
-27753
-32767
-32767
-32358
-32768
-32023
-32768
-18032
1077
16130
23623
22806
27379
32767
26443
11918
2923
-2780
3645
5934
5777
9906
27059
32767
32552
32767
15182
-3446
-20773
-26092
-32768
-32485
-32767
-32168
-32768
-24897
-9608
1296
28786
32767
32767
32490
32767
30746
26359
8362
-16424
-30669
-32768
-32557
-32768
-32768
-30938
-14871
-292
8013
11308
18650
23675
25759
17176
7245
1335
-782
-3540
-5536
-1872
7880
23675
32704
32753
32765
32767
29014
4333
-21504
-27857
-32767
-31822
-32768
-31714
-32768
-24215
-11584
-190
23381
32127
32767
32117
32767
30541
28823
10954
-8738
-27831
-32768
-32543
-32768
-32629
-32768
-23078
-3916
13099
6868
11739
23374
29855
24205
17410
1119
3400
7039
-4591
-6681
-102
13010
25141
32767
31409
32767
31751
24461
-3043
-21029
-26596
-32767
-31997
-32768
-31947
-32768
-26142
-16957
-5269
11368
29631
32767
32604
32767
32710
32637
22454
6865
-18644
-27146
-29743
-31548
-32708
-32651
-31549
-14511
-7602
-9222
1414
11049
18538
19965
14651
8411
15328
12600
6658
5050
8407
15668
23062
25286
28797
32767
31809
22640
-1432
-14053
-16190
-25892
-32202
-32768
-32112
-32768
-28638
-26587
-19824
-4335
17811
32767
32508
31999
30335
32767
31520
20154
1967
-4961
-9445
-11670
-22469
-30823
-29452
-28013
-22400
-23066
-20808
-13299
-1091
3581
7551
10625
14722
22057
22941
21190
22416
26497
26094
27229
25596
26289
26326
16917
-2430
-11394
-12968
-19366
-24436
-32768
-32319
-32768
-25893
-24639
-20692
-14407
-5075
9331
14093
13946
12440
17589
17084
17860
10340
5528
4150
5403
3070
527
-3132
-4593
-4525
-9276
-8381
-9763
-9765
-9042
-6353
-5458
991
4777
2843
2173
567
52
357
-584
-1478
424
3596
7109
10349
12253
13134
15644
16571
15478
12098
7984
4945
1803
-1037
-4540
-6871
-8298
-7535
-7541
-8555
-9827
-10848
-10419
-10154
-10541
-11796
-11029
-9631
-7874
-6762
-6381
-5556
-3345
-2222
-1690
-1155
-515
1580
3687
4873
5400
6992
8522
10280
10380
9566
9428
10167
10451
9975
11018
10521
11230
11797
9974
7787
4827
2309
-953
-4160
-6898
-9109
-9461
-10349
-10343
-10019
-10308
-10453
-10896
-10880
-10631
-9657
-9194
-7942
-6903
-5464
-3379
-1973
-901
-509
540
1384
2640
3376
3933
5008
6013
7549
7776
7694
6867
7112
6744
5746
4253
4140
4746
5501
6084
6522
7574
7276
8733
6751
5522
2738
383
-2374
-5280
-6684
-9221
-8833
-9114
-8572
-8166
-7907
-7464
-7790
-8140
-8550
-8216
-7561
-6870
-5586
-4338
-2322
-536
939
1341
1689
2848
3368
3104
2645
2813
3212
4098
4705
4615
4865
4996
5492
5102
4610
4261
4356
5054
5114
5345
5288
6123
5805
5771
5014
3873
2507
392
-1511
-3923
-4636
-5528
-6296
-6887
-7140
-6919
-6994
-7293
-9091
-9862
-10173
-9788
-8624
-7775
-6246
-3744
-663
1224
2949
4164
4667
5321
5157
4062
3317
3151
3395
3800
3762
3300
4469
4788
4545
4448
2906
2425
2513
1679
817
1045
1427
2101
3463
3523
4005
5348
5484
4975
3290
1373
-420
-1984
-4279
-6191
-7809
-8971
-9014
-9276
-9513
-8972
-8202
-7148
-5359
-3715
-2183
-150
1296
2048
2570
2149
2074
1654
1090
641
1038
1667
2370
2944
3138
4096
4822
4412
3426
2021
865
570
-158
-1248
-1764
-1332
-440
766
1197
1726
3300
5085
6143
6685
6333
5109
4333
2280
-72
-2466
-4811
-5891
-6482
-6692
-6603
-5421
-4197
-3217
-2706
-3162
-3331
-3420
-3930
-4672
-5198
-5175
-4002
-2716
-1789
-563
1198
2780
4262
4753
4661
5201
5360
4945
3953
3330
2736
2806
2369
1426
1558
1374
1692
1909
1566
1270
1771
2107
1731
1921
1698
1912
1554
801
-220
-528
-1131
-1631
-2042
-3257
-3175
-2910
-2935
-3102
-3013
-3144
-2709
-2697
-3202
-3486
-3381
-3328
-2793
-2823
-2604
-1465
-218
701
1276
1750
1979
2577
2477
2098
1871
1852
2262
2836
2733
2494
2815
3026
2950
2867
2271
2477
2474
2325
2244
2456
2691
2819
2319
1605
1143
417
-558
-1820
-3024
-4504
-5103
-5570
-5669
-5577
-5281
-5035
-4202
-3701
-3347
-2978
-2663
-2111
-1573
-1296
-1295
-688
-196
504
888
849
1302
1960
2280
2470
2519
2644
3159
3487
3039
2824
2790
2937
2841
2053
1459
1294
1312
1603
1487
1222
1566
2106
2029
1786
1404
1177
873
-29
-903
-2193
-2773
-3368
-4046
-4554
-4872
-4736
-4263
-3958
-3516
-3225
-3171
-2844
-2958
-2935
-3033
-2388
-1934
-1452
-767
-52
782
1669
2397
2691
3244
3448
3798
3813
3494
3536
3413
3082
3019
2633
2245
2206
2446
2553
2430
2370
2358
2680
2424
1719
1111
305
-222
-1164
-2132
-3448
-3986
-4169
-4222
-4275
-4407
-4120
-3787
-3387
-3438
-3347
-3458
-2971
-2765
-2359
-2144
-1484
-664
179
604
855
1434
1722
2274
2253
2220
2332
2394
2545
2666
2528
2397
2350
2387
2257
2406
2602
2962
3109
3037
2960
2791
2761
2282
1911
1361
1033
611
-73
-807
-1611
-2147
-2797
-3382
-4067
-4259
-4394
-4221
-3849
-3744
-3459
-3235
-3002
-2659
-2493
-2497
-2403
-1862
-1587
-1320
-1150
-975
-311
215
503
848
1258
1812
2349
2474
2716
2932
3245
3288
3313
3269
3511
3875
4307
4448
4570
4826
5090
5279
4517
3756
2915
1812
724
-934
-2763
-4395
-5379
-6245
-8070
-8446
-7753
-7012
-6235
-5353
-4732
-4584
-3605
-2807
-2560
-1690
-957
-549
-158
214
514
884
1815
2198
1947
1923
1957
1896
1974
1511
1243
1185
1133
940
791
639
1066
1524
1733
2283
2663
3296
3898
5121
5635
6659
7219
7009
6327
5221
4311
1621
-35
-2076
-4539
-5648
-6502
-6970
-7128
-6368
-5735
-5541
-5005
-5395
-5683
-5343
-5001
-4577
-4262
-3594
-2931
-1455
-168
397
1344
1880
1728
1906
1878
1546
1582
1604
1464
1912
2403
2610
3035
3736
4009
4381
4955
5068
5279
5882
6133
6229
6132
5794
5968
5371
4465
2815
1537
-979
-2467
-3666
-5995
-7094
-8010
-8805
-8963
-7775
-7752
-7738
-7256
-7525
-7737
-6317
-5567
-4982
-3596
-2589
-1253
697
1949
2255
3073
2932
3019
3469
3426
3147
3712
4088
4219
5173
5404
5624
5902
5708
5151
5254
4860
4405
