32767
31961
25175
22970
20089
15283
13307
12532
13479
15159
19847
19247
25779
28827
29703
18536
16194
4967
-26142
-25668
-31420
-32767
-32350
-32768
-32291
-32768
-32011
-32768
-25651
-7326
5148
19030
31838
32767
32764
32733
32767
32671
32767
24587
6963
-6039
-21344
-32768
-32376
-32768
-32459
-32768
-32300
-32768
-24848
-7055
1318
15502
28309
32767
32667
32767
32702
32767
32295
25429
22253
18935
14144
12118
8477
9597
12245
14817
15646
19490
24658
25287
25437
15728
7806
-7290
-21386
-27308
-32768
-32303
-32768
-32491
-32768
-32542
-32768
-31633
-18849
-6030
6370
20614
31487
32767
32392
32767
32267
32767
27358
16554
2291
-10267
-23402
-32768
-32630
-32768
-32768
-32519
-32768
-29234
-18589
-6604
6298
17565
29986
32767
32700
32767
32767
32747
32767
32502
28729
24210
21260
15597
13781
16819
13771
12546
15809
19159
17921
16924
7085
-3442
-15628
-25843
-31065
-32768
-32229
-32768
-32266
-32768
-32084
-32767
-25979
-13275
-2358
12661
25183
32767
32339
32767
32425
32767
31573
22076
9155
-2776
-16484
-31237
-32768
-32660
-32768
-32768
-32713
-32645
-23273
-10434
1275
15228
27627
32767
32633
32767
32732
32766
32767
32061
27637
23024
18002
13357
11191
12167
10150
10897
12840
15969
20533
19768
11919
5135
-7344
-18638
-25478
-32768
-32243
-32768
-32441
-32768
-32475
-32768
-31254
-20977
-9748
3570
16318
29152
32767
32572
32767
32510
32767
27615
16062
3787
-8908
-25601
-32768
-32328
-32768
-32543
-32768
-32699
-28979
-17607
-4397
7419
20292
28851
32528
32767
32717
32767
32750
32767
32634
29269
24003
19507
16106
16814
15406
12383
13906
16899
19674
14423
6943
-179
-15298
-30453
-31627
-29493
-32768
-31757
-32767
-31768
-32768
-30163
-27749
-17156
7074
2885
19382
32767
32147
32767
32276
32767
29753
23749
6903
-5162
-14012
-26341
-32768
-32140
-32768
-32240
-32768
-30905
-22139
-10424
4972
12036
24641
32767
32624
32767
32767
32664
32767
29702
27760
24289
21002
13864
12178
14562
15118
13425
12389
19428
20318
18551
9126
1740
-10552
-17813
-27618
-32768
-31860
-32768
-32038
-32768
-31930
-32768
-28559
-20016
-8336
6891
19533
29967
32263
32767
32578
32767
32309
26612
14487
2761
-9899
-27191
-32768
-32583
-32768
-32724
-32737
-32768
-26566
-14901
-2311
12176
22142
29681
32650
32767
32729
32767
32705
32767
30867
24200
19243
16080
15507
14374
12563
12412
17702
18351
19510
17192
9223
2599
-11356
-20315
-30405
-32768
-32360
-32768
-32377
-32768
-32226
-32768
-28948
-19895
-4859
10145
22401
32656
32641
32767
32754
32712
32767
26375
11969
-930
-15864
-31100
-32768
-32768
-32679
-32768
-32503
-32768
-26726
-12447
-563
14114
26535
32490
32767
32767
32767
32754
32767
32586
28497
22848
18555
14425
12716
12332
11838
12003
16461
17549
18799
16801
11053
149
-12860
-18795
-30158
-32767
-32302
-32768
-32328
-32768
-32142
-32768
-26589
-15725
-4113
12035
25318
32767
32423
32767
32420
32767
30607
19696
6607
-5636
-21152
-32520
-32720
-32768
-32768
-32703
-32768
-30811
-18079
-4414
6618
18423
28659
32767
32562
32767
32629
32767
32074
27242
20940
17665
14769
13191
12621
13496
15753
18814
21601
21656
26018
19045
11158
1972
-16193
-24667
-32113
-32768
-32648
-32768
-32570
-32768
-32374
-32768
-25490
-12984
2198
16546
29139
32767
32124
32767
32130
32767
29132
18499
3562
-11604
-26070
-32768
-32602
-32768
-32768
-32600
-32768
-28438
-14281
-1519
12598
24099
31201
32767
32644
32767
32691
32767
31163
24350
19213
13916
10382
9035
9620
10904
12602
16939
19724
22699
24624
21698
11680
4179
-12640
-25160
-31077
-32768
-32188
-32768
-32203
-32768
-32018
-32768
-25308
-10603
2840
16672
27908
32767
32225
32767
32190
32767
27800
15128
-395
-14542
-26150
-32767
-32418
-32768
-32565
-32768
-32080
-24241
-9540
3948
15202
24112
31282
32767
32657
32767
32605
29218
24534
19534
12618
9706
9631
9981
10281
13822
19869
23309
26861
30014
31418
29286
17291
8034
-10637
-28173
-32036
-32768
-32391
-32768
-32394
-32768
-32257
-32768
-28285
-11922
4250
20011
30767
32767
32513
32767
32489
32767
30460
16768
463
-16703
-30127
-32768
-32679
-32765
-32768
-32586
-32768
-25608
-10490
4993
18903
28814
32767
32544
32767
32607
32767
29422
24458
18109
11108
6972
5048
7400
8376
10302
18705
23227
26113
32336
32576
31172
22668
12148
-6201
-27493
-32521
-32767
-32593
-32768
-32596
-32768
-32546
-32768
-30336
-12106
6001
20083
30854
32767
32702
32767
32686
32767
30143
16530
456
-18516
-31289
-32768
-32750
-32757
-32768
-32700
-32655
-23176
-9177
6170
21114
30810
32767
32618
32767
32767
31506
24976
18301
13743
8038
2835
1026
4704
7865
11703
18352
25969
31709
32767
32585
32767
30836
18335
1963
-21973
-32768
-32407
-32768
-32540
-32768
-32556
-32768
-32510
-32760
-18840
1344
20534
32340
32580
32767
32574
32767
32559
32724
21510
4616
-12580
-30087
-32768
-32723
-32734
-32767
-32574
-32768
-28956
-13116
2810
17917
30281
32767
32594
32767
32617
32767
28114
18462
11859
5977
1725
-1014
-2264
2981
7442
13851
20596
28908
32767
32713
32688
32767
27153
13057
-6586
-28296
-32768
-32768
-32660
-32768
-32603
-32768
-32458
-32768
-28770
-11188
8823
27690
32767
32682
32767
32767
32653
32767
29473
14292
-492
-17220
-31201
-32768
-32637
-32768
-32762
-32697
-32767
-24179
-8829
6359
19624
29764
32767
32603
32767
32767
31315
24094
16373
10122
4855
1499
-90
1212
3538
8329
15260
21080
28333
32249
32767
32689
32759
23285
7923
-7490
-24498
-32254
-32768
-32569
-32767
-32552
-32767
-32440
-32768
-29296
-13652
2623
18955
30393
32767
32563
32767
32589
32767
30998
20174
6575
-6391
-19395
-30513
-32768
-32461
-32768
-32424
-32768
-28857
-17631
-5859
7301
17183
24980
31656
32767
32705
32727
29695
24161
19012
14763
9797
6011
4696
4368
4298
5696
9440
13347
15070
18175
20694
20164
16663
8862
268
-9551
-17238
-26397
-32542
-32768
-32739
-32768
-32673
-32768
-31083
-23580
-14406
-5631
2605
11019
16560
21478
24967
25660
23336
20526
17405
11683
5691
61
-5337
-11529
-15932
-18498
-19669
-19258
-17681
-14288
-9562
-4345
768
4426
6927
8421
9419
10041
8062
7822
9740
10103
11400
12803
12069
12177
12865
11442
10442
7829
5770
4266
2362
1660
506
796
326
1214
1309
472
1791
2917
1882
-1370
-1668
-2338
-5019
-7581
-10090
-13754
-17244
-17281
-17755
-19297
-19262
-16542
-13354
-9148
-3622
734
4432
8582
12313
12943
12912
12113
9019
6392
4227
667
-3609
-7275
-9468
-10047
-10787
-10543
-10226
-8507
-5425
-1933
459
1886
5085
8501
11134
11520
12605
12678
12316
11641
10278
8002
6907
6595
4460
4286
3985
3556
3091
3576
4793
4930
5900
7198
7506
7607
5868
3872
-364
-3982
-6010
-8555
-11391
-15471
-16879
-18527
-18445
-18229
-17293
-16121
-13847
-8797
-4978
-1385
2039
5881
8092
9858
9975
8336
6026
4585
553
-3798
-5868
-7990
-9800
-10047
-8404
-6701
-3895
-1440
1260
2573
4772
5741
7421
8516
8735
8882
9586
10970
9977
10152
9574
9610
10164
8947
8791
9939
9459
10792
10260
10252
11907
10730
9631
4585
1397
-2917
-11670
-15772
-18853
-22267
-28251
-28398
-27598
-27592
-23553
-18973
-14250
-10319
-958
4467
8342
13543
17716
18863
18241
18885
15265
10731
7743
3062
-2992
-9441
-14817
-18344
-21233
-24574
-26982
-24231
-18656
-14021
-9185
-2186
4454
10966
16207
18795
19255
20030
21202
18747
16771
15791
14536
13160
11781
11040
9956
10445
11100
10439
11331
13485
14850
15651
18275
13975
5798
3671
-7545
-20470
-27680
-32576
-32745
-32767
-32768
-32673
-32768
-28775
-18345
-11142
228
13448
19961
26190
31209
32767
31352
29007
23404
12335
4387
-3428
-13482
-25275
-32596
-32717
-32768
-32707
-32768
-27392
-18557
-6771
6437
14992
23319
30166
32169
29966
28611
25746
19824
15313
11395
8701
6506
6789
6212
6957
9688
14140
17945
21046
25478
29352
32478
31564
27004
14149
-1574
-20485
-32371
-32756
-32767
-32768
-32710
-32768
-32586
-32768
-28131
-11433
6311
23711
32767
32571
32767
32670
32767
32746
25312
10512
-2437
-15754
-29502
-32768
-32375
-32768
-32503
-32768
-32209
-22172
-7001
7500
23762
31906
32767
32625
32767
31818
26080
18928
7103
-662
-5236
-7450
-7454
-3084
141
6425
16763
25512
30773
32767
32111
32767
32042
32767
29529
11982
-1671
-27494
-32767
-31961
-32768
-32261
-32768
-32448
-32768
-31923
-14598
6594
23787
32767
32270
32767
32667
32659
32767
27568
12312
-8506
-29999
-32768
-32626
-32767
-32569
-32768
-32452
-32767
-18645
642
16614
30652
32767
32704
32746
32767
30913
18809
6328
-4174
-13471
-19079
-21952
-18829
-10397
-922
7886
19585
31226
32767
32495
32767
32527
32767
32522
32767
30625
13315
-10512
-27983
-32768
-32154
-32768
-32435
-32768
-32636
-32768
-32025
-9719
14384
28831
32767
32272
32767
32576
32767
32142
17314
-755
-18635
-32361
-32768
-32697
-32768
-32461
-32767
-29962
-20245
-9528
8616
22031
30633
32767
32619
32526
28801
20634
7081
-4514
-12418
-17713
-22387
-21985
-17889
-8457
3661
13831
26163
32767
32581
32767
32753
32726
32767
32621
32767
27096
18649
6960
-16664
-31232
-32759
-32768
-32620
-32768
-32590
-32768
-32553
-26575
-6475
16832
28642
32767
32668
32767
32747
32240
23624
5371
-9531
-23642
-32328
-32768
-32768
-32707
-32768
-31229
-17372
-5294
-2938
8213
20557
23313
25526
26242
21055
15620
11365
1354
-8464
-12425
-14421
-15479
-13793
-8695
-1474
11854
21347
29304
32767
32522
32767
32585
32767
32542
32767
27008
20089
14443
10108
-1183
-18595
-30080
-32768
-32748
-32659
-32768
-32398
-32768
-29819
-17119
2079
18155
26364
32767
32164
32767
28015
20899
11335
-3788
-14861
-25957
-31708
-32768
-30554
-29210
-26055
-19297
-8859
-1309
230
8457
15840
16677
16204
15830
12245
8234
3842
-2792
-8022
-10298
-9291
-8267
-5756
-917
8044
18163
24915
30808
32767
32487
32767
32608
32014
25655
23366
21063
16850
13880
12993
6743
-9048
-19232
-30117
-32768
-32175
-32768
-32322
-32767
-31884
-23261
-7664
12745
21167
29209
32767
32767
28468
18578
12464
-2072
-12446
-21164
-28202
-32768
-30001
-24535
-25424
-20132
-9505
-1368
-44
6875
14891
13813
15713
15415
11133
5947
4553
-1350
-7055
-8392
-8096
-6451
-2956
2012
6857
16400
23952
30077
32767
32710
32765
32767
32029
25777
20221
20634
18427
13049
13675
15485
-3808
-17806
-24086
-32767
-32189
-32767
-32635
-32747
-32768
-23978
-11691
11369
24819
29144
32767
32767
29719
15234
7779
-6576
-19725
-25592
-31004
-32768
-30899
-19438
-14556
-12581
-1302
8170
7695
8495
15023
10384
6147
6887
1108
-4250
-4389
-5465
-9261
-7004
-4303
-1007
3641
8711
13218
19845
27372
29597
31865
32767
30031
26169
25397
21797
11813
14551
17308
15114
13404
19393
14614
-5472
-10294
-23922
-32768
-31897
-32767
-32246
-32768
-31624
-22789
-6264
19567
30451
32150
32704
32767
23483
8601
-2424
-20119
-30363
-31627
-31869
-31973
-23086
-9111
-454
3468
11289
16427
12438
5831
7443
2410
-7224
-8219
-9118
-10918
-9235
-5238
-3951
-296
3081
8199
10995
13455
16827
20959
24289
26374
27180
25436
22493
19953
18891
15473
14602
16789
18724
17280
24292
25316
22834
14281
-5443
-20037
-32174
-32768
-32374
-32768
-32101
-32768
-27371
-9438
15604
32614
32702
32683
32767
27576
8278
-7062
-23243
-32768
-32162
-32768
-28284
-18220
-3929
10485
20534
21621
22969
18036
5426
-7261
-13008
-18457
-24379
-20593
-13673
-8314
-808
8264
11331
12514
13711
12594
9657
9230
10063
12591
15090
18907
19118
18567
20256
20445
21010
20107
21644
22508
24608
26046
26875
27283
23239
18456
1358
-24050
-32607
-32768
-32497
-32767
-32307
-32768
-28090
-5589
12805
29649
32767
32274
32767
21125
3144
-18130
-30966
-32768
-32245
-32768
-26842
-7073
9481
23775
32518
31999
22977
11997
-282
-19686
-32053
-32768
-32494
-25653
-10480
3534
12734
19468
24042
22085
14598
6467
1317
-1505
-1148
3188
8887
13321
19505
21925
21582
21559
24074
25659
24339
23587
23510
24856
25150
24084
21199
18513
13742
2535
-20239
-32656
-32660
-32768
-32767
-32539
-32768
-25244
-1370
12202
26384
32767
32767
30153
10040
-9601
-27882
-32768
-32292
-32768
-28628
-14348
6639
24957
32767
32617
30782
15245
-4180
-20130
-31756
-32768
-32397
-32768
-21635
1831
19587
30781
32559
26041
18492
9250
-1167
-9359
-13900
-12583
-4709
7100
17312
22828
24004
22390
21458
23096
22341
17996
19578
22793
22204
20805
21123
23576
21001
21489
22754
15638
-2875
-25232
-32767
-32640
-32767
-32756
-32657
-32768
-17762
10225
22433
30432
32364
32767
27092
5459
-17470
-32768
-32377
-32768
-26090
-13815
-818
15173
28912
32541
32767
26065
7199
-17482
-32622
-32690
-32662
-32767
-25344
-6022
13675
31061
32767
32666
22183
5743
-7690
-16584
-17382
-16328
-11169
-2320
11186
21736
28299
28797
25242
20853
17769
19228
20742
18628
18553
18162
16835
15421
16846
19077
19773
23385
25054
19795
5100
-18416
-32446
-32753
-32718
-32768
-32453
-32768
-15610
17265
31687
32767
32316
32767
27987
5340
-22542
-32768
-32048
-32768
-29768
-11369
8203
23729
32767
32021
32767
25754
8003
-15959
-32768
-32421
-32768
-31192
-15901
5329
23569
32331
32767
29872
13839
-5695
-21844
-29753
-26721
-16503
-3118
10099
21689
28710
32707
31987
25971
18668
13189
10162
9244
8907
9154
9436
10314
9747
13012
20626
29485
32767
32183
32767
24892
12605
-9648
-29143
-32768
-32456
-32768
-32407
-32768
-26726
13137
32767
32328
32767
32628
25152
8949
-14587
-32768
-32547
-32722
-32768
-17617
18186
32485
32767
32536
32767
31241
18064
-3175
-26236
-32767
-32055
-32768
-29506
-10376
8663
25853
32767
32454
28389
17807
1748
-15349
-21490
-19021
-10379
991
11480
16129
16565
17380
15860
12267
9341
7546
8390
9205
13892
17452
19565
22330
23279
23778
25298
28244
26979
27116
23629
18478
10673
4317
-12189
-31001
-32767
-32768
-32727
-32768
-32768
-30347
647
30286
32767
32767
30092
21611
8484
-7800
-26258
-32768
-31944
-32768
-23278
4541
27775
32767
32514
32573
27009
16610
2964
-14023
-31329
-32768
-32768
-31361
-15798
5667
25814
32767
30125
23350
12676
-2145
-15011
-21241
-20415
-14543
-2626
9756
19724
24373
25535
23485
18318
13874
10997
9494
7893
7424
7215
6242
8147
14442
18418
25006
30332
31143
28647
26372
24198
17947
7671
1119
-16719
-32680
-32591
-32768
-32723
-32768
-32767
-31746
-9397
20269
32767
30005
22465
18249
8301
-4065
-17588
-31160
-32722
-32768
-19097
5124
25017
32767
32594
31315
23390
14727
955
-16970
-32349
-32586
-32768
-31460
-15337
5747
23781
31924
32352
27195
17406
3875
-8504
-16966
-19778
-15383
-5745
4312
12857
18763
21029
20292
18577
14966
11140
8809
7203
10620
13545
13792
12718
12794
15753
23508
26181
25815
24782
19918
14836
10749
6733
-922
-13951
-30508
-32768
-32768
-32651
-32768
-32365
-32768
-24846
2925
25029
32767
29155
22163
15727
5744
-4838
-19125
-31427
-32768
-29822
-11703
8714
24686
30909
27986
21590
13835
4311
-8289
-25802
-32768
-32088
-32768
-20296
2703
21650
29476
30192
27597
21849
12261
2060
-6778
-12337
-10595
-1760
7611
13515
15649
15159
14460
14685
14365
11829
10861
10838
9991
9714
8990
8974
9563
10494
10823
10347
10937
12056
12246
11462
11559
6694
319
-4677
-8809
-20301
-32502
-32497
-32768
-32394
-32768
-29076
-12803
1726
14877
23626
25641
24655
19065
5222
-11067
-23124
-29621
-28930
-22280
-12234
-3293
4649
13268
18517
16376
7966
-817
-8275
-13591
-14457
-12452
-7953
-1909
5897
12332
14921
14243
12983
10463
5479
4128
2199
458
161
3203
7948
10152
14639
17624
19208
21577
19957
15838
15813
15562
12588
10185
9772
10354
12220
15958
15341
14223
12679
974
-13160
-21246
-28095
-32768
-32560
-32768
-32551
-32768
