-1523
-1704
-2678
-1465
-614
-955
-1251
989
2336
4699
5168
3928
4268
5745
6635
5227
2678
3758
2139
4326
3008
1662
3963
2275
3381
1671
3521
3432
1152
840
1617
1576
55
-2799
-948
381
-672
1218
-1576
1480
1690
-1203
-4802
-6378
-880
2806
2619
-4688
-8554
-5707
-6679
-7789
-6095
-2012
1094
196
364
152
3650
3879
1907
4555
5336
4268
1743
973
2632
875
-1598
-3689
-352
5167
2217
-1567
-3215
822
2933
-299
-1390
-588
2438
856
-2518
-2174
711
2134
-993
-5551
-6010
-1012
-453
-655
-1310
1585
2670
3379
-210
-3131
-1526
-2857
921
1860
3820
1922
1781
1707
2053
1164
1141
-1149
210
2264
2625
2164
-1918
2313
500
-1508
-2583
-2320
3913
1268
-1571
-420
2145
3918
-2743
-817
-506
1137
89
-2506
-893
2569
2474
-2634
-3803
-5072
-208
-1593
244
-1161
-1409
1330
-1167
-383
-1034
-1827
1473
781
-455
1271
-2333
578
-154
1681
55
637
-1045
-1699
2040
1535
592
-1249
2472
2780
985
-1190
-3218
-2600
157
-4244
-5407
-3095
-63
-1603
-2398
-1992
-1711
-1898
-1045
-3386
-1538
4271
-1573
1429
1274
1343
4805
4369
3145
-1328
6571
4360
-773
1213
821
5033
3211
-162
-136
-1176
5260
-4373
-976
2538
-1942
2976
-7658
155
-656
3798
-4221
-7270
931
1288
361
-2778
-2213
-715
4213
-1728
-53
-2440
6364
3065
-1253
2832
-1721
4803
5586
-3682
-3636
-613
3658
1695
-4325
645
-1769
4185
-4904
-1784
125
-457
719
-7367
111
-2572
1724
-6653
-2996
993
2725
517
-5801
1159
2591
2385
488
-1499
3288
7493
-1853
-1216
-4403
4637
2754
-2437
18
-874
3863
4139
-6514
2418
-1061
866
283
-6540
3458
-1547
-1949
-5703
733
-6889
4081
-9873
-4187
-2902
-2344
-3403
-4917
2943
725
5104
-61
4938
3921
10049
3929
12981
8022
12844
3608
8771
10096
3886
5927
-928
768
5636
718
-3779
2924
-10540
5341
-11677
-3421
-4085
-16142
1420
-17593
-7232
-7811
-16445
-1352
-8361
-7045
-2907
-6937
4155
800
1664
4548
604
7703
3164
8373
7560
5961
10429
3848
10935
3777
3852
5610
2194
3875
2456
-2726
-3697
-1682
-5377
-5270
-5949
-7788
-4617
-4323
-6626
-6772
-8338
-5092
-3077
-1384
-3883
1552
-514
-568
6505
-85
10525
1147
3357
7156
3164
11938
-1680
7705
644
4245
-426
-3343
4198
-4687
3902
-7327
-2332
881
-2757
-3093
-5726
-4675
-2193
-2237
-4216
-2661
-1709
1971
-702
-1737
3488
6870
3838
8565
4564
4751
3068
6560
5121
885
4781
-3962
5901
-2899
-5791
606
-6987
4834
-8195
-2877
2590
-14197
11184
-9647
1043
-930
-11201
10317
-9555
5581
-10706
-1673
2588
-5726
10892
-8471
5556
2082
-51
10678
-5521
8825
5349
-1282
6476
-3157
5059
5300
-4454
3318
-4607
-1050
5186
-7790
936
-4544
-2356
405
-9222
699
-2728
-3046
3300
-4032
-2131
3117
993
3275
2314
807
473
21
4311
-481
-3544
2606
-2240
-748
1855
-2280
21
-518
-3241
1354
1181
-1049
-980
-3005
780
243
-3094
-1705
53
-2137
375
-2462
-1895
2246
-2282
-1794
-1967
-701
3250
279
-2830
42
1422
433
759
5
-1898
3328
1581
1592
3203
-1474
1266
2039
3345
1529
-800
2119
-20
1312
1158
-1384
-1038
-335
2110
-1855
-1152
82
-702
1574
1158
-3277
264
2140
-1303
-8
65
2082
772
-722
-734
614
2973
1851
-2754
-1711
887
116
1440
374
-5721
-743
3631
-70
-1389
550
-421
504
3085
-3650
341
2416
-2276
-3257
-2345
287
1644
-2870
-2457
1617
1828
4634
-2565
-5415
4621
2580
-883
1780
-7255
2764
7856
-2481
2243
-5171
1670
3101
-2416
2615
-3103
831
1054
-309
901
-156
1215
-1107
515
-267
-418
2680
-2249
-2994
532
1414
2184
-18
-3771
221
-64
2720
-885
-3101
654
-2321
7194
-1676
-2326
1322
-2026
5009
-2093
996
-1050
-2110
3643
-139
4280
-2048
-2127
-83
622
4749
-2195
-1635
-1713
-1255
2200
-937
-3555
-1022
-258
850
-474
-1385
574
145
-1015
-3717
1812
3810
-7
2479
-1606
-425
5460
-1390
-2855
-1499
-889
5280
-2439
-4169
190
141
6403
-2683
-5502
-838
1649
5560
-1799
-2930
-2821
474
5359
-752
-2575
-2975
1437
2689
-683
508
-1258
2978
1322
307
506
-1483
3238
-2994
-1589
948
-3057
1273
-1040
-115
2140
1187
894
-2396
-49
-590
-1657
3571
416
-324
926
-2397
347
-123
798
2424
791
1758
-2261
-4659
2106
4779
1971
-3516
-4978
-1338
3802
3645
-3707
-2927
-1830
1333
1961
-587
794
-3052
305
1108
-1965
3536
-596
1465
-549
-1041
5369
707
5062
-2771
-3446
1139
-25
1303
-3111
-1523
-651
-831
642
589
-1418
-1462
-2221
-1052
-954
419
1400
-1156
-467
-24
182
2318
1123
-594
-1351
333
1956
1056
446
-2347
-53
3093
3482
1625
-1166
-1869
850
947
-617
-1139
-2127
-929
-1335
-527
545
-8
1227
-215
-1048
849
183
1091
-464
-868
-563
-817
1255
-317
264
539
-585
951
782
805
670
-352
255
-1084
-688
0
-307
423
-1570
-1208
103
-447
484
-403
-377
204
-753
229
-306
220
443
-526
-170
1006
3138
2589
1181
-383
-855
641
1253
730
-1124
-1634
-298
855
624
-759
-1687
-396
-473
-630
481
-720
-129
-935
-870
313
-252
370
91
915
1202
-156
-328
-839
-739
-640
-1540
-2053
-2568
-2307
-1969
-1495
-1202
-1236
-1019
-698
-1135
-815
-991
-832
-11
-64
537
-502
181
559
864
1609
548
349
884
2438
3964
4199
4981
6427
7200
8109
9092
9797
10106
8940
6981
5353
6662
9652
9987
7868
914
-8575
-16872
-18986
-20092
-20524
-21845
-22988
-18278
-12331
-3997
1130
4612
6549
7412
8154
7484
5842
2440
-1586
-5687
-8625
-9178
-8615
-7146
-9068
-8847
-5135
-1152
5277
7079
7624
6540
7012
8368
7308
7007
4276
2564
1699
1623
2488
4719
7147
9929
13788
18492
23847
26087
27417
26554
27182
25299
21817
-6343
-32768
-32354
-32768
-32612
-32768
-32707
-32689
-24026
-2649
18452
25968
31026
28394
23972
20266
11744
6879
-3957
-14546
-23157
-28122
-23505
-16316
-8602
-2398
88
6715
13909
22292
24857
19759
12151
3698
169
-2103
-4757
-11382
-16866
-15597
-10958
-4098
1047
4125
7638
9514
10579
12441
13342
11874
7946
3690
367
314
2093
1320
-2185
632
3876
3314
5020
3658
4094
3990
3347
2000
-708
-435
-2536
-3924
-4616
-7417
-12109
-16640
-16923
-14543
-11336
-8981
-7127
-6081
-2795
1835
4948
5961
5268
3208
725
-441
-2094
-3383
-6490
-9046
-10228
-9388
-5355
-1894
1039
3143
4749
7270
9293
10631
9652
7449
5869
4695
5281
6619
6349
7070
9594
13406
15785
19846
23464
25426
22620
24721
27485
27548
14974
-23633
-32768
-31916
-32768
-32333
-32768
-32610
-31487
-16467
14078
29454
31130
32767
24819
23564
15078
9289
1189
-15222
-24159
-31985
-27682
-17478
-9411
-1338
886
8516
16539
22382
28018
21825
14098
4712
-1799
-5904
-9278
-11916
-16808
-18195
-15763
-7632
-1706
3473
8801
11371
12258
12040
13473
11769
8040
4893
1433
-503
-913
730
922
558
4583
4833
6238
8849
9615
10968
11187
9840
6014
3560
3356
1535
841
-9167
-27543
-28429
-25920
-21189
-16783
-18706
-13186
-8986
1448
9519
10564
12525
8578
7410
4544
408
-1885
-7661
-9849
-12474
-12605
-9015
-5568
-952
319
2153
2365
918
4792
7365
5191
2986
92
817
1414
3543
1955
-973
1238
3280
5508
8958
10954
14211
17472
17764
18621
19497
20079
18521
18177
16366
16468
15905
15402
-12649
-32768
-31958
-32768
-32643
-32627
-32768
-28958
-15541
8021
27102
23076
27870
23017
23121
19453
6090
90
-14512
-16429
-21193
-24198
-20361
-16693
-6482
274
6611
10105
13007
18981
19723
16387
7070
551
-5454
-7808
-7800
-13355
-14279
-12226
-5447
1019
4127
7373
9188
12499
12588
12794
10837
8482
6783
2950
1094
-538
548
838
1901
5612
7174
7213
5836
8373
11246
11920
11216
7503
7697
8733
2427
-22816
-30872
-24514
-24985
-21320
-28442
-24154
-15659
-3816
9358
5544
8653
9065
12637
15076
7500
2871
-7277
-7806
-8015
-9913
-10189
-13346
-9790
-5785
1464
4913
1106
641
3073
5795
7947
5384
335
-2957
211
3927
1818
-161
-1619
-35
5546
9463
9736
8233
9773
14324
16865
16890
12249
10140
12137
13178
10230
10394
10078
9851
8950
9999
-302
-28377
-32768
-32565
-31996
-26830
-32768
-30919
-21256
-4140
17781
13382
12971
12264
15452
24039
14331
7607
-8529
-12738
-10266
-11702
-12103
-18011
-15470
-10449
-493
7552
7000
7582
8792
11897
12835
10608
2597
-4930
-3600
-1131
-1475
-4762
-6336
-6075
-1393
6170
7393
6170
4682
8564
13658
14115
10931
4856
4761
6133
8825
6326
2002
2904
3948
4368
2099
1385
1681
5728
6491
5496
7428
6459
4548
-9339
-19825
-19298
-19270
-18091
-25092
-27363
-21792
-13294
-3185
-2362
-1549
1552
7297
12577
11686
8222
3035
1115
1192
-714
-4986
-8685
-10323
-8233
-4873
-2797
-2550
-3415
-742
1068
3830
5948
4958
3514
3902
5801
4953
4251
3473
1772
2952
4070
4470
5147
5879
8454
9852
10898
11563
10506
11615
11933
10484
10576
7935
5929
6642
7972
8981
5808
4110
-2874
-23954
-29241
-23963
-25238
-25919
-32768
-28804
-19969
-8984
2987
-1085
3759
7277
14240
17851
9936
7352
-314
870
219
-4902
-8875
-13165
-9866
-8448
-5959
-3391
-2507
557
4869
7742
7496
7545
7765
6335
6146
5412
1245
-1213
-457
-670
-1663
-862
917
2645
5200
8050
8446
8796
9604
8367
8981
9127
6625
4876
4931
6068
4096
724
-640
759
3500
3063
1045
1004
2602
5459
4277
-720
-10247
-16729
-13059
-13046
-16210
-22279
-23465
-17038
-10810
-5951
-7305
-6164
-1102
4653
8014
5741
4017
2927
4898
5442
2492
-521
-2866
-1764
-1810
-1838
-4121
-6380
-4822
-2307
-946
-668
1936
3474
6123
8520
8284
7569
6968
6600
4915
3677
2629
2097
3077
4395
4979
5441
6602
7997
9009
8145
6382
5505
6713
8073
6558
3718
1798
2706
4292
3177
268
-432
-1017
-570
-7410
-19078
-16968
-15477
-15934
-18633
-23020
-18497
-14262
-7773
-7714
-8717
-3698
343
5838
5056
4196
3404
4603
6970
4574
2384
-80
168
254
52
-1028
-3256
-4705
-3387
437
1034
914
1596
2426
5106
7430
6638
4580
4164
5032
4440
3971
2264
1756
2751
4259
4994
4088
4792
5253
6118
5944
5808
5937
4228
5170
2606
1753
2509
-1962
1741
-2094
-3827
-2658
-3837
-391
-2288
-977
-3041
-3356
-1605
-4742
-6718
-8744
-9719
-9426
-9603
-9318
-10080
-8519
-5740
-4642
-3524
-2413
-859
1167
2794
2445
2253
1712
2779
2321
1263
-483
-2467
-3641
-2460
-1005
-1998
-659
139
2307
3989
5901
5570
5302
5784
5676
4366
4909
2642
3705
1343
2988
2241
2107
6200
205
5192
1327
6730
6716
1198
3297
-644
2964
3397
-2319
-839
-1740
-63
2405
-2605
-531
-192
-20
1370
-3088
-2615
-1761
-3120
-1211
-6325
-4462
-5581
-4857
-5790
-8848
-6050
-7667
-4043
-4922
-4800
-3593
-2826
-537
-771
35
-750
-394
-107
-382
281
-547
146
117
1207
1034
2156
2881
2636
4295
2408
5412
4495
4474
4717
3209
4417
3242
3320
1499
2824
1119
2219
2728
1473
3493
1284
4299
434
3607
-638
-717
2583
-3102
2246
-3833
141
-1070
408
-135
-1551
-828
-1803
877
-2747
645
-4664
-1697
-2147
-3387
-720
-5211
-1715
-3213
-2544
-2170
-4992
-2133
-4384
-2218
-3140
-3638
-2153
-2329
-850
-1293
-807
-883
907
-50
547
-86
-229
858
-130
559
510
928
1884
656
3005
2330
4154
2227
3714
3053
2458
2668
118
3465
1208
2783
252
2122
404
4744
-248
2711
696
1709
5294
-938
3859
-2188
3069
672
368
-827
-575
546
-388
416
-2060
-740
-917
-2847
-216
-4179
-858
-3389
-3183
-955
-5323
-499
-4329
-1259
-1959
-2971
-2787
-2083
-1667
-13
-1233
-880
46
818
589
-19
-212
-574
725
-844
143
-1941
101
-1573
-733
-186
-1839
1838
-1501
2013
27
2081
1511
586
2906
1078
3398
889
1056
1701
2052
3215
2131
23
4616
1002
4373
269
1174
2517
1900
3428
1477
1180
2052
673
-156
1167
-2519
1887
-2159
-545
-1976
-3312
-512
-4438
-2013
-2095
-4444
-39
-3361
-1331
-2089
-1915
-2421
-2336
-1579
-3113
-1183
-3228
-579
-2213
-523
-1506
-2061
716
-1302
1097
-1759
-724
173
-457
1320
-1924
1188
-626
1010
-137
277
1439
635
3116
1845
2177
1598
1705
3827
1249
3252
1235
1371
5170
544
4723
933
581
5761
1256
3803
3509
122
5913
228
364
397
-1122
3401
-2336
1206
-924
-2804
1674
-3858
-1583
-3107
-4277
-2668
-4705
-2834
-4397
-4461
-5411
-4099
-4122
-4172
-3098
-4307
-1773
-2156
-1836
-908
-1817
323
-455
-107
715
-1721
1965
-668
1261
1174
375
3812
773
4303
1616
3369
3586
4348
3867
3904
3237
4283
4982
2234
3042
785
3619
2981
3958
1712
3204
2446
4354
3504
2240
2275
2647
2449
2192
2489
-1243
1144
-2009
114
-3125
-3272
-4983
-6755
-7229
-9489
-9838
-9733
-9646
-8733
-8453
-7308
-5296
-3514
-2319
-1696
100
441
2722
826
3251
1309
2145
454
462
311
401
-1382
588
-970
548
1361
-779
2388
785
3310
1551
4185
3744
4612
3207
4265
3884
6464
4544
4554
3847
4415
7192
5863
4653
4587
5826
6156
6850
1964
5058
2998
5263
4034
1137
950
-5079
-8391
-7958
-12086
-12419
-16871
-17333
-14610
-14094
-10590
-12666
-7546
-4137
392
1620
2214
3584
5054
5504
4377
2558
2969
3184
1708
-125
-3225
-420
-1961
-532
-2149
-127
1396
2937
2935
1455
4305
3953
4684
1861
4343
1714
5192
2196
1965
3942
3823
5091
3734
5643
5018
8062
5928
7382
5622
6998
6707
5581
6230
3635
3222
-500
-5646
-8262
-9868
-10588
-13525
-16615
-17470
-16297
-11981
-12021
-11719
-9695
-4414
-785
1311
1841
3328
5551
6279
5245
2295
2810
2549
3182
-940
-941
-3110
-1160
-1256
-3876
-1389
-836
2419
1272
2502
2001
3516
4874
4330
3446
2061
2778
5818
2201
3784
2538
5378
9598
5482
8328
6936
11607
8677
8439
9046
6240
10384
6648
4674
-3486
-9539
-7156
-10837
-13167
-19741
-22695
-19440
-16373
-13875
-16839
-14049
-8522
-2009
792
1453
3135
6347
10540
9262
5880
3068
3265
2456
1581
-1582
-4697
-2612
-1504
-2523
-1997
-2388
901
2599
4406
3371
1385
4420
4617
3764
4201
1241
1985
4398
3613
4066
2456
4705
5969
7721
7683
5988
6755
8806
9036
7836
6796
5161
5532
4303
-2145
-7700
-9764
-8672
-10766
-16065
-19117
-18789
-14445
-12986
-13389
-13416
-8336
-2796
107
1073
1901
4331
7052
7788
4955
2434
2651
2276
1543
-1306
-3644
-3830
-1931
-706
-1992
-1921
230
3832
2893
3463
1348
4767
5565
4648
3196
944
4032
4097
3578
2511
3238
6358
8762
9386
7956
7937
11460
11514
12643
10116
8030
8416
4866
-2991
-7890
-9720
-11860
-15099
-20118
-21948
-21755
-17441
-15936
-16641
-12821
