-3012
1001
8621
7177
-7099
-2206
-2274
-493
-5470
-12162
-3705
-2833
5376
-2387
-5602
-775
11
14603
-1710
6795
4991
-1301
6333
-11784
-721
-14788
-3864
11344
-8981
2698
-50
2257
10921
1020
7929
-840
210
5702
-11673
1878
-1135
-4080
-1643
156
-1611
-4987
4365
1162
4134
-1789
3969
4157
-2403
1522
-7022
-6289
-3200
-2993
942
-2297
1627
8129
1444
2503
-703
-2032
3698
-2349
-256
-4713
-1888
870
-3768
3301
-2625
5126
7370
2710
1881
-2878
133
-3004
-1417
-7809
-5844
1312
-3372
880
3106
1428
292
4812
4186
-1872
734
1644
-1194
-458
655
-5928
-92
1649
-8015
-674
-2245
926
-1066
945
4994
-3987
6887
369
-875
2604
-2337
1995
2613
4759
1188
-3752
468
-3615
51
-836
-5152
-752
-3762
604
-1388
2159
4406
4824
3786
2472
-286
-3541
-3
-173
-5810
-3550
2359
-3790
-1884
-1609
1690
1599
6837
4860
-1392
1119
432
-977
-4230
-484
-4186
154
1314
-1535
2168
5819
1731
588
5989
1018
-2978
-2677
-4684
-1630
1490
-4880
-2341
1983
-1167
-2064
1700
887
-2152
4874
6000
-1075
5670
109
-651
-1741
-398
-1223
-95
1878
-5787
1085
-3554
386
-3857
1971
3038
995
4711
-2927
-1807
815
-775
-280
2053
2735
169
-2037
-2815
-4470
-673
-16
-3341
-3876
1048
-1979
1728
-2146
-2592
3068
10586
8533
2504
1384
-2359
-2626
-3446
-5121
-8226
-36
-3472
2034
4145
1415
1805
3190
6582
2120
1134
-1731
-939
-2663
-2281
-5085
-3738
2149
-335
-359
1572
2937
1634
2277
1165
-1285
3227
87
-3715
-4710
-409
1303
2601
5035
-1552
1586
3334
1244
-1150
-422
-1435
-4239
-2584
-1748
-8423
-2132
172
-212
8073
4528
4933
-536
3001
-4492
-5856
1470
-5600
-3012
-2340
-3106
-3772
2404
3209
2806
6042
5111
-1738
-2303
-529
-4100
-1821
1068
-751
-806
4255
1410
679
142
173
-268
3783
2306
-1021
240
-3283
-1573
565
1355
431
3659
1915
-10
-223
-981
-1656
-2644
-271
-2501
422
-352
-4560
-1984
489
4330
2419
2743
404
656
685
-1728
89
-841
3105
1373
1573
1834
-1449
-1354
-1567
-2152
-443
1254
1379
-516
10
247
737
2014
1292
14
-4565
-1198
-839
-1082
628
-578
-1339
-697
438
-2661
-1277
-64
-879
1137
827
-1119
-708
1133
263
63
2728
2014
3405
3273
-662
-2082
-829
1510
-234
-874
-780
-1243
2721
2235
517
2443
3900
2351
-1035
-985
-2435
-3264
-1155
-1357
-3397
-1132
1495
-460
606
3215
-251
645
3254
-250
-533
-233
-2645
-3568
-1426
-2257
-2043
1777
1458
458
1216
-557
-2225
-961
-87
-1105
-2723
-2178
-1594
390
3053
2412
1146
1459
938
-1435
-1974
-1260
-2525
-1475
28
-910
1163
2711
831
1110
1522
428
1073
2341
1003
-90
-622
-2584
-1508
460
1308
1330
2202
2316
4791
6874
5843
3176
3526
5681
6080
7001
6400
4875
6703
11163
10999
11137
9100
5433
78
-7030
-15029
-22839
-27110
-28274
-28449
-29586
-27981
-23690
-15182
-5739
159
3627
6348
8178
8955
6133
3458
3668
2734
3210
2212
570
-658
710
2412
1713
1645
1904
3607
4725
7813
8185
6729
7550
8467
9624
8940
8283
8796
9966
11275
10095
9997
10718
14172
15235
15532
17748
26931
31026
29811
21498
-14652
-32768
-24711
-21436
-31590
-32767
-32729
-32645
-32768
-15000
-11000
-15448
1498
10926
20414
31487
31990
16767
15974
21105
13287
7418
4710
-7418
-16004
-10434
-8930
-13241
-10112
-6128
-7187
-1685
5229
2788
-439
529
-701
-1461
-866
-1420
-4445
-4454
-3714
-3091
-971
983
1067
1510
2245
795
3869
7060
5645
4416
5914
6459
6753
8234
7305
7964
9383
10649
9612
8085
8429
7898
9019
11545
13244
14281
16375
19454
21522
8470
-8597
-5976
-616
-7835
-15895
-26674
-32768
-32768
-28802
-22636
-25479
-21281
-14427
-8915
3062
11759
9772
6996
8331
8925
7079
7093
3722
-776
-458
1012
1284
1270
4052
2951
607
1090
205
-2189
-2867
-2241
-3349
-3775
-2518
-3932
-4553
-2743
-2435
-2571
-1402
-947
-1375
-966
-1244
-2610
-405
1496
1146
2187
2369
4481
6245
5963
6296
7384
7834
7422
6897
6254
6002
5788
5306
5337
4712
5942
8302
9895
11349
11320
11537
12437
12230
3850
-1802
432
-714
-5892
-11123
-16802
-22708
-23393
-19382
-17526
-19071
-15682
-10723
-10168
-9292
-6356
-4734
-3584
-528
744
1680
5416
6954
4521
4085
5371
4136
4970
7227
5965
4020
5103
5014
3634
2542
949
-635
-1491
-967
-3174
-4404
-4164
-4884
-5438
-5182
-5269
-5760
-3943
-2583
-3045
-2510
-1203
-960
492
1964
2581
4304
6032
6930
7800
9018
8924
8055
8471
8758
8556
7573
5955
3791
2935
4320
5301
6608
7284
7666
7080
7482
7147
2033
-969
-451
-2540
-6863
-11475
-16047
-19162
-19063
-15009
-13740
-14385
-13202
-10907
-8529
-5769
-3351
-3001
-1969
-713
-423
1209
3705
4974
5841
4987
5785
5829
6011
6590
4930
4485
3894
2923
1405
514
-514
-814
-555
-923
-2403
-3396
-2898
-4060
-5317
-4489
-4089
-4435
-4013
-3897
-3577
-2027
-821
672
2528
4470
6244
6883
7355
6474
5520
5190
5725
6390
6508
6785
6601
6156
5512
5129
4267
4854
6250
6734
6898
6837
7667
7697
4499
-2477
-6011
-3459
-2906
-7500
-11968
-15999
-19449
-17360
-11874
-11227
-13843
-12276
-10820
-8632
-3219
-595
-2498
-2624
396
987
1909
4481
4485
4629
6510
6952
5749
5686
5749
5056
4586
4510
3997
2627
1544
753
-250
-805
89
-18
-273
-1308
-3804
-4913
-3904
-3808
-6014
-4745
-1527
-1830
-4448
-4335
-3630
-3550
-314
1494
203
754
3998
3827
3569
5920
5657
6386
9283
8463
5855
6189
5932
4255
5139
5289
3321
4139
6018
7886
9389
11177
12129
9659
5221
-2762
-10413
-9013
-6292
-10399
-15800
-20543
-24036
-22461
-14227
-8795
-9246
-7676
-4377
-1531
3773
7339
5342
2332
2902
5146
5460
5838
4400
1322
874
2899
3885
3303
3016
1380
-658
-118
738
-90
-236
-344
-2238
-2639
-3072
-4659
-8403
-11050
-7342
-2292
-2738
-5156
-4881
-3854
-515
3217
3047
959
3614
7560
8107
8455
8561
5849
5099
8344
7396
4626
4899
5365
5751
8903
12317
12106
13431
16719
18321
19545
18832
12090
-511
-16525
-23111
-21339
-23202
-29472
-32768
-32504
-32625
-20213
-4656
-712
-414
2958
8200
15315
21960
20374
12370
6656
5771
4372
3736
1643
-4979
-10568
-10482
-7311
-5486
-4348
-4489
-4636
-1639
3090
5977
4398
2122
1177
2197
4369
5953
2830
-2924
-8073
-11134
-8968
-8102
-12462
-16718
-13009
-3525
2705
2469
2021
4503
9327
15361
14138
8147
5271
5165
7432
7962
6931
4691
6377
10960
12225
11842
13511
14920
18153
24259
27369
27454
28447
23890
7263
-9139
-27757
-32767
-32280
-32768
-32428
-32768
-32403
-32768
-18721
5122
21359
25044
28829
32767
32581
32767
28071
14491
-2439
-11559
-15424
-21309
-26308
-27766
-28581
-24405
-11991
-1234
4288
10589
16897
20580
24649
27192
21989
12520
4744
-2052
-7912
-12580
-15564
-23925
-32184
-27461
-16166
-11700
-13682
-9876
282
11826
20678
20846
13200
10516
14104
13671
7301
2102
-1049
-992
4732
9285
8725
11113
17193
21296
24493
27244
27460
28845
32621
32639
32767
30215
10342
-21488
-32768
-32127
-32768
-32360
-32767
-32312
-32768
-28969
-2693
22425
32434
32767
32552
32767
32403
32767
15115
-7052
-23189
-32767
-32388
-32768
-32432
-32768
-29638
-11441
5794
22704
32767
32394
32767
32342
32767
25564
10972
-2494
-18178
-29829
-32768
-32747
-32709
-32768
-30840
-17742
-553
8546
11178
15148
20656
25855
24615
13424
3307
2307
2079
-3853
-8519
-10230
-8565
760
10902
13460
14079
21459
28273
31937
32767
32767
32315
32350
32767
32518
29346
22257
2205
-26920
-32768
-32362
-32768
-32478
-32768
-32325
-32768
-19898
8939
30144
32767
32430
32767
32469
32767
21736
694
-21886
-32767
-32571
-32767
-32587
-32767
-30381
-17204
1517
17548
30003
32767
32691
32728
32767
26782
13630
-663
-12779
-24919
-32767
-32679
-32766
-32768
-30106
-17886
-3309
7513
14872
15554
14801
19713
22647
18750
12218
6093
-69
-3172
-2528
-3497
-4830
-1333
4221
8833
14688
21073
24264
25326
26360
26883
26980
28208
27468
24857
22300
21176
14141
1520
-13935
-31243
-32768
-32676
-32768
-32768
-32702
-32768
-29700
-19736
-242
25969
32767
32363
32767
28611
16996
10549
8393
951
-12531
-22610
-27688
-30763
-25680
-16182
-10539
-8430
-3802
3447
9901
16291
21206
20716
16510
11240
7244
3355
-97
-2635
-6269
-10625
-13427
-11721
-7861
-4165
-2211
-1063
929
1564
3294
3816
2244
-12
-1471
-1796
-2152
-664
1394
2699
3270
4568
7099
9584
11193
11603
11967
12567
12053
11917
11605
10992
10860
11680
12942
13921
14937
15394
15061
12360
7706
3006
-2263
-7841
-14153
-21145
-26823
-31707
-32768
-32768
-32189
-29798
-28014
-23764
-19495
-15991
-10871
-5268
-274
3551
6445
9977
12589
14140
16130
17824
18049
17299
16842
14989
11616
9571
8362
6346
3683
1168
-1531
-4427
-5860
-6461
-6832
-7295
-6521
-6013
-6979
-8250
-8929
-9536
-10395
-10341
-9948
-8826
-7077
-3595
248
3379
6461
9018
11052
12447
13616
13574
12970
11847
10289
9488
8481
8019
7247
6107
5362
5169
6137
7724
9533
10105
9767
9750
9587
7964
3245
-1329
-4443
-7307
-10623
-15520
-18934
-22754
-26882
-28028
-25524
-21824
-19441
-16625
-13188
-10547
-7207
-3772
-1093
1539
3894
6765
7757
8021
9312
11076
12395
13000
13281
12522
10596
9111
7317
5342
4204
2835
1636
656
-481
-1353
-1913
-2940
-4469
-5357
-5962
-7634
-8510
-9118
-9033
-8296
-6843
-5155
-3580
-2044
-1443
-936
-76
1665
3239
3809
3809
3902
3974
4608
5400
6205
6752
7777
8600
9407
9817
10057
9922
8276
7029
5740
3883
2298
2175
2145
1763
1600
2520
3580
4318
4334
2873
668
-1116
-2181
-3950
-7247
-10674
-13444
-16478
-18490
-18934
-18785
-18679
-17015
-14400
-12081
-9246
-5578
-1863
1474
4950
7962
9871
11304
12000
12054
11594
11137
10869
9516
8188
7127
5565
3319
1472
251
-855
-2096
-3176
-3929
-4652
-4862
-4733
-5116
-5590
-5339
-5355
-5569
-5917
-6214
-6537
-6677
-6143
-5643
-4326
-2157
400
2690
4551
6784
8716
10045
11091
11058
10061
8648
6791
5006
3100
1610
997
47
-642
-825
-380
1166
2330
3707
5131
6483
7494
7958
7714
6796
5807
4117
1941
-1000
-4055
-6267
-8592
-10705
-11531
-12349
-13285
-13054
-12078
-11017
-9450
-7914
-6712
-5682
-4285
-2590
-957
605
2093
3359
4413
5017
5291
5857
6048
5943
5623
5462
5309
5408
5121
3996
2904
1697
821
-303
-1674
-3158
-4715
-5321
-5870
-6066
-5395
-4973
-4246
-2598
-396
1598
3003
4024
3987
2876
1850
468
-1557
-3027
-4690
-6856
-6958
-5489
-4004
-2476
-798
1022
2221
3425
4573
4879
5015
5507
5539
4750
4441
4304
3664
3028
2751
2385
1789
1871
1541
1417
1740
1723
1834
2451
3134
3725
3782
3586
2980
1662
920
125
-435
-1437
-2602
-3463
-3738
-3957
-4055
-4104
-4690
-5021
-4933
-4834
-5044
-4825
-4640
-4529
-4265
-4066
-4579
-4372
-3791
-3497
-3148
-2539
-1181
70
1581
2877
3959
5068
6028
6529
6413
5691
4778
3887
2663
1673
1182
724
719
1153
901
301
296
385
247
121
141
-353
-650
-41
200
643
1034
1385
1756
1829
1592
914
4
-248
85
91
12
347
737
646
662
270
-403
-746
-757
-1415
-2467
-2401
-2204
-2388
-2091
-2079
-2725
-2973
-2659
-3248
-4535
-4882
-5138
-5020
-4601
-4139
-3245
-2217
-997
15
853
1859
2994
3663
3895
3802
3724
3215
2643
1997
940
-64
-357
-185
-30
123
122
799
1327
1780
2400
2856
3491
3712
3562
3803
3540
3009
2801
2404
1825
1002
499
38
-66
18
-239
-681
-1326
-1530
-1535
-1432
-1478
-1438
-1418
-1050
-915
-1579
-2049
-2782
-3418
-4252
-5315
-5415
-4911
-4372
-3535
-2557
-1542
-511
671
1803
2642
3001
2712
2100
1193
251
-379
-1239
-1776
-1826
-1516
-1018
-764
-9
608
1636
2280
2712
2672
2619
2652
2811
2835
1996
1518
1075
731
157
63
-70
187
-1234
-1859
-5231
-5268
-1331
-939
3150
6233
4365
2690
726
-6698
-4695
11053
19101
12890
8801
10086
7963
5360
4925
3306
90
-3089
-7776
-13115
-15687
-14770
-12124
-9221
-6501
-4823
-4137
-3905
-3158
-1342
-917
-514
47
-69
-1453
-1941
-464
893
1718
2828
3968
4181
3635
2549
406
-2059
-7651
-13228
-7830
1268
4481
4136
4714
6799
8752
9719
8939
6853
5730
4460
1824
1123
2411
4057
5584
6994
6842
5759
4751
4704
4798
4881
5698
5909
4943
1942
-2514
-6759
-9497
-14986
-23105
-30260
-32768
-32475
-29792
-22431
-12696
-2834
4512
9548
11008
8490
5381
2376
-884
-3843
-4707
-3861
-2064
1782
6256
9251
9964
9878
8432
5682
3256
2215
2381
2991
4090
4856
6031
6430
6499
5879
5969
7180
8312
8760
9171
9780
10909
13709
17050
18371
17095
15387
14133
18478
26131
22946
9247
-11043
-32666
-32199
-32768
-31870
-32768
-21943
25029
32767
32314
32767
32767
26827
10185
5879
4877
-4503
-28442
-32767
-32768
-32075
-32768
-16822
25078
32767
32767
32435
32767
19818
-412
-7682
-12849
-15313
-16270
-21946
-31413
-32768
-31135
-19748
-5408
7115
16126
19337
13352
3704
135
3258
7546
10116
9400
2770
-4878
-6548
-2253
4758
13943
21887
24632
22716
19937
18907
19526
22332
25938
27491
27451
30011
32767
32711
32753
27010
6239
-29821
-32768
-32768
-32516
-32768
-28033
23927
32767
31972
32767
32767
26062
-2877
-10040
-8277
-14970
-32768
-31763
-32768
-31303
-32767
-18566
28654
32767
32767
32200
32767
15422
-14323
-24444
-26891
-23544
-19129
-22638
-32153
-32768
-31832
-16662
11244
31858
32767
32503
32707
15555
-8311
-25178
-31963
-32768
-32515
-32768
-30570
-13263
7691
28757
32767
32187
32767
17971
-2656
-17212
-17110
-6741
6477
16639
23169
22147
17166
12533
11028
11188
14890
20530
28444
32527
32767
32417
32767
28943
7781
-25171
-32768
-31709
-32768
-31547
-32767
14384
32767
30856
32767
32093
30017
1271
-11034
-9248
-14272
-32426
-31957
-32768
-31434
-32768
-17718
28609
32767
32767
32304
32767
11567
-16497
-25027
-26449
-21686
-16658
-17578
-25993
-31760
-25365
-9904
10293
29632
32767
30782
13905
-7066
-23922
-28978
-18439
-1461
10167
13575
10599
1717
-6870
-8667
-2035
7230
15800
19293
17826
11486
7702
7487
9910
12060
13368
10347
6285
4050
7417
13935
25590
32767
32313
32767
32167
32767
17483
-23942
-32768
-31485
-32768
-31081
-32768
13356
32767
31104
32767
32767
24327
-11099
-18026
-13005
-10739
-27897
-32428
-32767
-31550
-32768
-15359
28347
32767
32615
32767
30296
3290
-18680
-24854
-22375
-14113
-10559
-16118
-26330
-30702
-27182
-12414
8232
27451
32767
24515
7722
-9371
-19349
-15274
-1118
12272
16886
13771
4117
-7776
-13694
-9338
1324
13750
22269
23936
18366
11812
7516
6761
7920
9301
9142
7567
6304
5180
6153
10042
15786
21049
26034
28627
28896
26625
23566
16732
770
-30008
-32514
-32767
-31722
-32767
-23183
26358
32767
31829
32767
27066
-6002
-30080
-26864
-18541
-16459
-21003
-23371
-30390
-26173
-7514
18261
32541
32489
32767
22585
-665
-12795
-15636
-13945
-9740
-3616
-3957
-9757
-13157
-12850
-10445
