0.08 0.00 0.00 0.01
0.13 0.00 0.00 0.01
0.07 0.00 0.00 0.01
0.12 0.00 0.01 0.01
0.15 0.00 0.01 0.01
0.10 0.00 0.01 0.01
0.12 0.00 0.01 0.01
0.17 0.00 0.02 0.01
0.14 0.01 0.02 0.01
0.19 0.01 0.02 0.01
0.28 0.01 0.03 0.01
0.35 0.02 0.03 0.01
0.26 0.02 0.04 0.01
0.22 0.02 0.04 0.01
0.13 0.02 0.04 0.01
0.16 0.02 0.04 0.01
0.09 0.02 0.04 0.01
-0.01 0.02 0.05 0.04
-0.19 0.02 0.05 0.04
-0.23 0.03 0.05 0.04
-0.31 0.03 0.06 0.04
-0.31 0.03 0.06 0.04
-0.37 0.04 0.07 0.04
-0.39 0.04 0.07 0.04
-0.37 0.05 0.08 0.04
-0.31 0.05 0.09 0.04
-0.26 0.06 0.09 0.04
-0.21 0.06 0.09 0.04
-0.17 0.06 0.10 0.04
-0.11 0.06 0.10 0.04
-0.03 0.06 0.10 0.04
0.03 0.06 0.10 0.07
0.04 0.06 0.10 0.07
0.04 0.06 0.10 0.07
0.03 0.06 0.10 0.07
0.03 0.06 0.10 0.07
0.04 0.06 0.10 0.07
0.02 0.06 0.10 0.07
0.01 0.06 0.10 0.07
0.05 0.06 0.10 0.07
0.04 0.06 0.10 0.07
0.05 0.06 0.10 0.07
0.08 0.06 0.11 0.07
0.07 0.06 0.11 0.07
0.10 0.06 0.11 0.07
0.13 0.06 0.11 0.07
0.19 0.06 0.11 0.07
0.23 0.07 0.12 0.07
0.24 0.07 0.12 0.07
0.30 0.07 0.13 0.07
0.40 0.08 0.13 0.07
0.45 0.09 0.14 0.07
0.39 0.09 0.15 0.07
0.32 0.10 0.15 0.07
0.14 0.10 0.15 0.07
0.07 0.10 0.15 0.07
-0.08 0.10 0.16 0.10
-0.08 0.10 0.16 0.10
-0.22 0.10 0.16 0.10
-0.37 0.11 0.17 0.10
-0.46 0.11 0.17 0.10
-0.48 0.12 0.18 0.10
-0.52 0.13 0.19 0.10
-0.44 0.14 0.20 0.10
-0.38 0.15 0.20 0.10
-0.33 0.15 0.21 0.10
-0.27 0.16 0.21 0.10
-0.16 0.16 0.22 0.10
-0.10 0.16 0.22 0.10
-0.02 0.16 0.22 0.10
0.04 0.16 0.22 0.13
0.05 0.16 0.22 0.13
0.05 0.16 0.22 0.13
0.04 0.16 0.22 0.13
0.07 0.16 0.22 0.13
0.09 0.16 0.22 0.13
0.05 0.16 0.22 0.13
0.05 0.16 0.22 0.13
0.04 0.16 0.23 0.13
0.04 0.16 0.23 0.13
0.10 0.16 0.23 0.13
0.12 0.16 0.23 0.13
0.11 0.16 0.23 0.13
0.12 0.16 0.23 0.13
0.12 0.16 0.24 0.13
0.18 0.16 0.24 0.13
0.21 0.16 0.24 0.13
0.32 0.17 0.25 0.13
0.36 0.17 0.25 0.13
0.47 0.18 0.26 0.13
0.39 0.19 0.27 0.13
0.32 0.19 0.27 0.13
0.24 0.19 0.28 0.13
0.12 0.20 0.28 0.13
0.04 0.20 0.28 0.13
-0.10 0.20 0.28 0.16
-0.24 0.20 0.28 0.16
-0.37 0.20 0.29 0.16
-0.46 0.21 0.30 0.16
-0.51 0.22 0.31 0.16
-0.52 0.23 0.31 0.16
-0.50 0.24 0.32 0.16
-0.39 0.25 0.33 0.16
-0.34 0.25 0.33 0.16
-0.25 0.26 0.34 0.16
-0.19 0.26 0.34 0.16
-0.07 0.26 0.34 0.16
-0.03 0.26 0.34 0.16
0.04 0.26 0.34 0.19
0.11 0.26 0.35 0.19
0.05 0.26 0.35 0.19
0.04 0.26 0.35 0.19
-0.02 0.26 0.35 0.22
0.03 0.26 0.35 0.25
0.03 0.26 0.35 0.25
0.07 0.26 0.35 0.25
0.07 0.26 0.35 0.25
0.09 0.26 0.35 0.25
0.06 0.26 0.35 0.25
0.10 0.26 0.35 0.25
0.12 0.26 0.36 0.25
0.15 0.26 0.36 0.25
0.16 0.26 0.36 0.25
0.21 0.27 0.36 0.25
0.24 0.27 0.37 0.25
0.35 0.27 0.37 0.25
0.39 0.28 0.38 0.25
0.49 0.29 0.39 0.25
0.48 0.30 0.40 0.25
0.37 0.30 0.40 0.25
0.27 0.31 0.41 0.25
0.02 0.31 0.41 0.25
-0.06 0.31 0.41 0.28
-0.19 0.31 0.41 0.28
-0.28 0.31 0.42 0.28
-0.41 0.32 0.42 0.28
-0.45 0.33 0.43 0.28
-0.55 0.34 0.44 0.28
-0.58 0.35 0.45 0.28
-0.49 0.36 0.46 0.28
-0.41 0.37 0.46 0.28
-0.29 0.37 0.47 0.28
-0.18 0.37 0.47 0.28
-0.10 0.37 0.47 0.28
-0.03 0.37 0.47 0.28
-0.00 0.37 0.47 0.28
0.03 0.37 0.47 0.31
0.11 0.37 0.47 0.31
0.08 0.37 0.48 0.31
0.08 0.38 0.48 0.31
0.03 0.38 0.48 0.31
0.04 0.38 0.48 0.31
-0.00 0.38 0.48 0.34
0.05 0.38 0.48 0.37
0.10 0.38 0.48 0.37
0.11 0.38 0.48 0.37
0.13 0.38 0.48 0.37
0.14 0.38 0.49 0.37
0.15 0.38 0.49 0.37
0.12 0.38 0.49 0.37
0.15 0.38 0.49 0.37
0.15 0.38 0.50 0.37
0.18 0.38 0.50 0.37
0.26 0.38 0.50 0.37
0.35 0.39 0.51 0.37
0.42 0.40 0.52 0.37
0.42 0.40 0.52 0.37
0.33 0.41 0.53 0.37
0.21 0.41 0.53 0.37
0.05 0.41 0.53 0.37
-0.05 0.41 0.53 0.40
-0.18 0.41 0.54 0.40
-0.28 0.42 0.54 0.40
-0.31 0.42 0.55 0.40
-0.38 0.42 0.55 0.40
-0.43 0.43 0.56 0.40
-0.43 0.44 0.57 0.40
-0.42 0.45 0.57 0.40
-0.39 0.45 0.58 0.40
-0.28 0.46 0.58 0.40
-0.19 0.46 0.59 0.40
-0.09 0.46 0.59 0.40
-0.01 0.46 0.59 0.40
-0.00 0.46 0.59 0.40
0.01 0.46 0.59 0.43
0.00 0.46 0.59 0.43
0.05 0.46 0.59 0.43
0.06 0.46 0.59 0.43
0.06 0.46 0.59 0.43
0.06 0.46 0.59 0.43
0.04 0.46 0.59 0.43
0.06 0.46 0.59 0.43
0.07 0.46 0.59 0.43
0.12 0.46 0.60 0.43
0.15 0.46 0.60 0.43
0.16 0.46 0.60 0.43
0.14 0.46 0.60 0.43
0.12 0.46 0.61 0.43
0.11 0.46 0.61 0.43
0.10 0.46 0.61 0.43
0.09 0.46 0.61 0.43
0.13 0.46 0.61 0.43
0.17 0.47 0.61 0.43
0.25 0.47 0.62 0.43
0.30 0.47 0.62 0.43
0.29 0.48 0.63 0.43
0.25 0.48 0.63 0.43
0.14 0.48 0.64 0.43
0.04 0.48 0.64 0.43
-0.08 0.48 0.64 0.46
-0.19 0.48 0.64 0.46
-0.22 0.48 0.64 0.46
-0.26 0.48 0.65 0.46
-0.26 0.49 0.65 0.46
-0.27 0.49 0.66 0.46
-0.30 0.49 0.66 0.46
-0.29 0.50 0.67 0.46
-0.26 0.50 0.67 0.46
-0.23 0.50 0.67 0.46
-0.19 0.50 0.68 0.46
-0.17 0.51 0.68 0.46
-0.11 0.51 0.68 0.46
-0.05 0.51 0.68 0.46
-0.00 0.51 0.68 0.46
0.05 0.51 0.68 0.49
0.06 0.51 0.68 0.49
0.07 0.51 0.69 0.49
0.09 0.51 0.69 0.49
0.09 0.51 0.69 0.49
0.11 0.51 0.69 0.49
0.10 0.51 0.69 0.49
0.10 0.51 0.69 0.49
0.08 0.51 0.69 0.49
0.07 0.51 0.70 0.49
0.08 0.51 0.70 0.49
0.09 0.51 0.70 0.49
0.09 0.51 0.70 0.49
0.07 0.51 0.70 0.49
0.07 0.51 0.70 0.49
0.06 0.51 0.70 0.49
0.07 0.51 0.70 0.49
0.10 0.51 0.70 0.47
0.13 0.51 0.70 0.47
0.17 0.51 0.71 0.47
0.23 0.51 0.71 0.47
0.22 0.51 0.71 0.47
0.18 0.52 0.71 0.47
0.11 0.52 0.71 0.47
0.07 0.51 0.71 0.47
-0.04 0.51 0.71 0.50
-0.12 0.51 0.71 0.50
-0.15 0.51 0.70 0.50
-0.21 0.51 0.70 0.50
-0.20 0.51 0.70 0.50
-0.20 0.51 0.70 0.50
-0.19 0.51 0.70 0.50
-0.18 0.51 0.70 0.50
-0.22 0.51 0.70 0.50
-0.21 0.51 0.71 0.47
-0.22 0.51 0.71 0.47
-0.20 0.51 0.71 0.47
-0.14 0.51 0.70 0.47
-0.10 0.50 0.70 0.47
-0.05 0.50 0.70 0.47
0.01 0.49 0.69 0.50
0.07 0.49 0.68 0.50
0.11 0.48 0.68 0.50
0.12 0.48 0.68 0.50
0.13 0.48 0.68 0.50
0.12 0.48 0.68 0.50
0.08 0.48 0.68 0.50
0.05 0.48 0.68 0.50
0.06 0.48 0.68 0.47
0.05 0.48 0.68 0.47
0.05 0.48 0.68 0.47
0.05 0.48 0.68 0.47
0.05 0.48 0.68 0.47
0.04 0.48 0.68 0.47
0.03 0.48 0.68 0.47
0.03 0.48 0.68 0.47
0.04 0.48 0.68 0.47
0.06 0.48 0.68 0.47
0.10 0.48 0.68 0.47
0.19 0.48 0.68 0.47
0.32 0.49 0.69 0.47
0.37 0.49 0.69 0.47
0.34 0.49 0.69 0.47
0.28 0.50 0.69 0.47
0.15 0.49 0.69 0.47
0.03 0.49 0.69 0.47
-0.11 0.49 0.69 0.50
-0.20 0.48 0.68 0.50
-0.28 0.48 0.68 0.50
-0.30 0.48 0.68 0.50
-0.26 0.48 0.68 0.50
-0.27 0.48 0.68 0.50
-0.25 0.48 0.68 0.50
-0.26 0.48 0.69 0.47
-0.28 0.49 0.69 0.47
-0.29 0.49 0.69 0.47
-0.31 0.49 0.69 0.47
-0.25 0.48 0.69 0.47
-0.21 0.47 0.68 0.47
-0.12 0.46 0.68 0.47
0.00 0.45 0.67 0.50
0.07 0.45 0.66 0.50
0.13 0.44 0.66 0.50
0.16 0.44 0.66 0.50
0.17 0.44 0.66 0.50
0.17 0.44 0.66 0.50
0.15 0.44 0.66 0.50
0.13 0.45 0.66 0.47
0.13 0.45 0.67 0.47
0.12 0.45 0.67 0.47
0.13 0.45 0.67 0.47
0.11 0.45 0.67 0.47
0.08 0.45 0.67 0.47
0.04 0.45 0.67 0.47
0.00 0.45 0.67 0.47
-0.00 0.45 0.67 0.50
-0.02 0.45 0.67 0.50
0.03 0.45 0.67 0.53
0.11 0.45 0.67 0.53
0.24 0.45 0.67 0.53
0.33 0.45 0.67 0.53
0.31 0.46 0.67 0.53
0.29 0.46 0.68 0.53
0.19 0.46 0.68 0.53
0.08 0.45 0.67 0.53
-0.10 0.45 0.67 0.56
-0.18 0.44 0.66 0.56
-0.25 0.44 0.66 0.56
-0.27 0.44 0.66 0.56
-0.23 0.44 0.66 0.56
-0.23 0.44 0.66 0.56
-0.19 0.44 0.66 0.56
-0.20 0.44 0.66 0.53
-0.23 0.44 0.66 0.53
-0.25 0.44 0.66 0.53
-0.30 0.43 0.66 0.53
-0.27 0.42 0.66 0.53
-0.23 0.42 0.65 0.53
-0.16 0.41 0.65 0.53
-0.06 0.40 0.64 0.53
0.03 0.40 0.64 0.56
0.10 0.39 0.63 0.56
0.14 0.39 0.63 0.56
0.15 0.39 0.63 0.56
0.13 0.39 0.64 0.56
0.11 0.39 0.64 0.53
0.11 0.39 0.64 0.53
0.12 0.39 0.64 0.53
0.15 0.40 0.64 0.53
0.16 0.40 0.64 0.50
0.16 0.40 0.64 0.47
0.12 0.40 0.65 0.47
0.09 0.40 0.65 0.47
0.04 0.40 0.65 0.47
0.01 0.40 0.64 0.47
0.03 0.40 0.64 0.47
0.07 0.40 0.64 0.47
0.20 0.40 0.64 0.47
0.31 0.40 0.65 0.47
0.31 0.40 0.65 0.47
0.33 0.41 0.65 0.47
0.24 0.41 0.65 0.47
0.11 0.40 0.65 0.47
-0.06 0.40 0.64 0.50
-0.18 0.39 0.64 0.50
-0.26 0.38 0.63 0.50
-0.35 0.38 0.63 0.50
-0.30 0.38 0.63 0.50
-0.27 0.38 0.64 0.50
-0.23 0.39 0.64 0.47
-0.20 0.39 0.64 0.47
-0.21 0.39 0.64 0.47
-0.23 0.38 0.64 0.47
-0.27 0.38 0.63 0.47
-0.26 0.37 0.63 0.47
-0.25 0.35 0.62 0.47
-0.19 0.35 0.62 0.47
-0.09 0.34 0.61 0.47
0.00 0.34 0.61 0.50
0.09 0.34 0.61 0.50
0.16 0.34 0.61 0.50
0.18 0.34 0.61 0.50
0.16 0.34 0.61 0.50
0.13 0.34 0.61 0.47
0.10 0.34 0.61 0.47
0.11 0.34 0.61 0.47
0.12 0.34 0.62 0.47
0.15 0.34 0.62 0.47
0.16 0.34 0.62 0.47
0.13 0.34 0.62 0.44
0.12 0.34 0.62 0.41
0.08 0.34 0.62 0.41
0.05 0.34 0.62 0.41
0.06 0.34 0.62 0.41
0.11 0.34 0.62 0.41
0.26 0.34 0.62 0.41
0.33 0.35 0.62 0.41
0.34 0.35 0.63 0.41
0.32 0.35 0.63 0.41
0.22 0.35 0.63 0.41
0.06 0.35 0.63 0.41
-0.11 0.35 0.62 0.44
-0.22 0.34 0.62 0.44
-0.35 0.34 0.62 0.44
-0.36 0.34 0.62 0.44
-0.33 0.34 0.62 0.44
-0.27 0.35 0.63 0.44
-0.22 0.35 0.63 0.41
-0.21 0.35 0.63 0.41
-0.19 0.35 0.63 0.41
-0.25 0.35 0.63 0.41
-0.28 0.34 0.63 0.41
-0.29 0.34 0.62 0.41
-0.28 0.33 0.62 0.41
-0.20 0.33 0.62 0.41
-0.09 0.32 0.61 0.41
0.03 0.32 0.61 0.44
0.12 0.32 0.61 0.44
0.19 0.32 0.61 0.44
0.19 0.32 0.61 0.44
0.19 0.32 0.61 0.44
0.15 0.32 0.62 0.41
0.15 0.33 0.62 0.41
0.14 0.33 0.62 0.41
0.14 0.33 0.62 0.41
0.16 0.33 0.62 0.41
0.15 0.33 0.63 0.41
0.14 0.33 0.63 0.41
0.11 0.33 0.63 0.41
0.08 0.33 0.63 0.41
0.10 0.33 0.63 0.41
0.15 0.33 0.63 0.41
0.27 0.33 0.63 0.41
0.31 0.33 0.63 0.41
0.31 0.34 0.64 0.41
0.29 0.34 0.64 0.41
0.20 0.34 0.64 0.41
0.05 0.34 0.64 0.41
-0.10 0.34 0.64 0.44
-0.23 0.34 0.64 0.44
-0.37 0.35 0.64 0.44
-0.38 0.35 0.64 0.44
-0.34 0.35 0.64 0.44
-0.28 0.35 0.64 0.44
-0.22 0.35 0.65 0.44
-0.18 0.35 0.65 0.44
-0.17 0.35 0.65 0.41
-0.22 0.35 0.65 0.41
-0.25 0.35 0.65 0.41
-0.26 0.35 0.65 0.41
-0.27 0.35 0.65 0.41
-0.21 0.35 0.65 0.41
-0.12 0.35 0.65 0.41
-0.02 0.35 0.64 0.41
0.08 0.34 0.64 0.44
0.14 0.34 0.64 0.44
0.16 0.34 0.64 0.44
0.19 0.34 0.64 0.44
0.17 0.34 0.64 0.44
0.18 0.34 0.64 0.44
0.18 0.35 0.64 0.44
0.18 0.35 0.65 0.41
0.19 0.35 0.65 0.41
0.17 0.35 0.65 0.41
0.14 0.35 0.65 0.41
0.11 0.35 0.65 0.41
0.09 0.35 0.65 0.41
0.11 0.35 0.65 0.41
0.23 0.35 0.65 0.41
0.33 0.36 0.66 0.41
0.33 0.36 0.66 0.41
0.33 0.36 0.66 0.41
0.26 0.37 0.67 0.41
0.13 0.37 0.67 0.41
-0.06 0.37 0.67 0.44
-0.19 0.37 0.67 0.44
-0.31 0.37 0.67 0.44
-0.41 0.38 0.68 0.44
-0.37 0.38 0.68 0.44
-0.33 0.39 0.69 0.44
-0.25 0.39 0.69 0.44
-0.20 0.39 0.69 0.44
-0.17 0.39 0.69 0.44
-0.18 0.39 0.69 0.44
-0.23 0.39 0.69 0.44
-0.24 0.39 0.69 0.44
-0.24 0.39 0.69 0.41
-0.22 0.39 0.70 0.41
-0.16 0.39 0.70 0.41
-0.05 0.39 0.69 0.41
0.02 0.39 0.69 0.44
0.11 0.39 0.69 0.44
0.15 0.39 0.69 0.44
0.15 0.39 0.69 0.44
0.14 0.39 0.69 0.44
0.12 0.39 0.69 0.44
0.15 0.39 0.68 0.44
0.15 0.38 0.68 0.44
0.17 0.38 0.68 0.44
0.19 0.39 0.69 0.44
0.15 0.39 0.69 0.44
0.14 0.39 0.69 0.41
0.12 0.39 0.69 0.41
0.12 0.39 0.69 0.41
0.17 0.39 0.69 0.41
0.29 0.39 0.69 0.41
0.36 0.40 0.70 0.41
0.35 0.40 0.70 0.41
0.30 0.40 0.71 0.41
0.22 0.41 0.71 0.41
0.08 0.41 0.71 0.41
-0.09 0.41 0.71 0.44
-0.21 0.41 0.71 0.44
-0.37 0.41 0.72 0.44
-0.41 0.42 0.72 0.44
-0.36 0.43 0.73 0.44
-0.31 0.43 0.73 0.44
-0.23 0.43 0.74 0.44
-0.21 0.43 0.74 0.44
-0.19 0.43 0.74 0.44
-0.23 0.43 0.74 0.44
-0.25 0.43 0.74 0.44
-0.25 0.43 0.74 0.44
-0.23 0.43 0.74 0.44
-0.21 0.43 0.74 0.44
-0.10 0.43 0.73 0.44
-0.02 0.43 0.73 0.44
0.06 0.43 0.73 0.44
0.12 0.42 0.73 0.44
0.13 0.42 0.73 0.44
0.15 0.42 0.73 0.44
0.14 0.42 0.73 0.44
0.14 0.42 0.72 0.44
0.15 0.41 0.72 0.44
0.16 0.41 0.72 0.44
0.18 0.41 0.72 0.44
0.19 0.41 0.72 0.44
0.16 0.40 0.71 0.44
0.13 0.40 0.71 0.44
0.09 0.40 0.71 0.44
0.10 0.40 0.71 0.44
0.18 0.40 0.71 0.41
0.29 0.41 0.72 0.41
0.35 0.41 0.72 0.41
0.32 0.41 0.72 0.41
0.29 0.42 0.72 0.41
0.22 0.42 0.73 0.41
0.06 0.42 0.72 0.41
-0.07 0.42 0.72 0.44
-0.19 0.42 0.72 0.44
-0.35 0.42 0.73 0.44
-0.37 0.43 0.73 0.44
-0.37 0.43 0.74 0.44
-0.32 0.43 0.74 0.44
-0.28 0.44 0.74 0.44
-0.26 0.44 0.75 0.44
-0.24 0.44 0.75 0.41
-0.26 0.44 0.75 0.41
-0.26 0.45 0.76 0.38
-0.22 0.45 0.76 0.38
-0.20 0.45 0.76 0.38
-0.15 0.44 0.76 0.38
-0.05 0.44 0.75 0.38
0.01 0.44 0.75 0.41
0.08 0.44 0.75 0.41
0.12 0.44 0.75 0.41
0.14 0.44 0.75 0.38
0.16 0.44 0.75 0.38
0.14 0.44 0.75 0.38
0.15 0.43 0.74 0.38
0.17 0.43 0.74 0.38
0.17 0.43 0.74 0.38
0.19 0.43 0.74 0.38
0.17 0.43 0.74 0.38
0.10 0.43 0.74 0.38
0.07 0.43 0.74 0.38
0.04 0.42 0.73 0.38
0.04 0.42 0.73 0.38
0.08 0.42 0.73 0.38
0.14 0.42 0.73 0.38
0.20 0.42 0.73 0.38
0.16 0.42 0.73 0.35
0.18 0.42 0.73 0.35
0.18 0.42 0.73 0.35
0.11 0.42 0.73 0.35
0.07 0.42 0.73 0.35
0.03 0.42 0.73 0.35
-0.06 0.42 0.73 0.38
-0.08 0.42 0.73 0.38
-0.11 0.42 0.73 0.38
-0.16 0.42 0.73 0.38
-0.18 0.42 0.73 0.38
-0.25 0.42 0.73 0.38
-0.27 0.42 0.73 0.38
-0.30 0.43 0.74 0.38
-0.33 0.43 0.74 0.38
-0.28 0.44 0.75 0.38
-0.26 0.44 0.75 0.38
-0.22 0.44 0.75 0.38
-0.13 0.44 0.75 0.38
-0.10 0.43 0.74 0.38
-0.03 0.43 0.74 0.38
0.03 0.42 0.73 0.41
0.04 0.42 0.73 0.41
0.07 0.42 0.73 0.38
0.07 0.42 0.73 0.38
0.09 0.42 0.73 0.38
0.13 0.42 0.73 0.38
0.13 0.41 0.72 0.38
0.16 0.41 0.72 0.38
0.17 0.41 0.72 0.38
0.13 0.41 0.72 0.38
0.13 0.41 0.72 0.38
0.11 0.41 0.72 0.38
0.09 0.40 0.71 0.38
0.11 0.40 0.71 0.38
0.14 0.40 0.71 0.38
0.20 0.40 0.71 0.38
0.20 0.40 0.71 0.38
0.19 0.40 0.71 0.35
0.25 0.41 0.72 0.35
0.20 0.41 0.72 0.35
0.15 0.41 0.72 0.35
0.16 0.41 0.72 0.35
0.08 0.41 0.72 0.35
0.02 0.41 0.71 0.35
-0.02 0.40 0.71 0.38
-0.11 0.40 0.71 0.38
-0.16 0.40 0.71 0.38
-0.23 0.41 0.71 0.38
-0.31 0.41 0.72 0.38
-0.35 0.41 0.72 0.38
-0.40 0.42 0.73 0.38
-0.40 0.43 0.73 0.38
-0.36 0.43 0.74 0.38
-0.34 0.44 0.74 0.38
-0.27 0.44 0.74 0.38
-0.21 0.43 0.74 0.38
-0.17 0.43 0.74 0.38
-0.08 0.43 0.73 0.38
-0.02 0.42 0.73 0.38
0.02 0.42 0.73 0.41
0.08 0.42 0.73 0.38
0.12 0.42 0.73 0.38
0.18 0.42 0.72 0.38
0.23 0.41 0.72 0.38
0.25 0.41 0.72 0.38
0.27 0.41 0.72 0.38
0.25 0.41 0.72 0.38
0.21 0.41 0.72 0.38
0.18 0.41 0.72 0.38
0.15 0.41 0.72 0.38
0.12 0.41 0.72 0.38
0.13 0.41 0.71 0.38
0.14 0.40 0.71 0.38
0.18 0.40 0.71 0.38
0.16 0.40 0.71 0.38
0.13 0.41 0.71 0.35
0.17 0.41 0.71 0.35
0.11 0.40 0.71 0.35
0.07 0.40 0.71 0.35
0.08 0.40 0.71 0.35
0.01 0.40 0.71 0.35
-0.04 0.40 0.70 0.38
-0.06 0.40 0.70 0.38
-0.14 0.40 0.70 0.38
-0.19 0.40 0.70 0.38
-0.23 0.40 0.70 0.38
-0.30 0.40 0.71 0.38
-0.33 0.41 0.71 0.38
-0.36 0.41 0.72 0.38
-0.34 0.42 0.72 0.38
-0.31 0.42 0.72 0.38
-0.28 0.42 0.72 0.38
-0.23 0.42 0.72 0.38
-0.17 0.42 0.72 0.38
-0.13 0.41 0.72 0.38
-0.06 0.41 0.71 0.38
-0.00 0.41 0.71 0.38
0.04 0.41 0.71 0.38
0.11 0.41 0.71 0.38
0.14 0.40 0.71 0.38
0.18 0.40 0.70 0.38
0.23 0.40 0.70 0.38
0.23 0.40 0.70 0.38
0.24 0.40 0.70 0.38
0.21 0.40 0.70 0.38
0.17 0.40 0.70 0.38
0.14 0.40 0.70 0.38
0.12 0.39 0.70 0.38
0.09 0.39 0.70 0.38
0.10 0.39 0.69 0.38
0.10 0.39 0.69 0.38
0.13 0.39 0.69 0.38
0.17 0.39 0.69 0.38
0.12 0.39 0.69 0.35
0.13 0.39 0.69 0.35
0.12 0.39 0.69 0.35
0.08 0.39 0.69 0.35
0.09 0.39 0.69 0.35
0.06 0.39 0.69 0.35
-0.01 0.39 0.69 0.38
-0.03 0.38 0.68 0.38
-0.08 0.38 0.68 0.38
-0.14 0.38 0.68 0.38
-0.18 0.38 0.68 0.38
-0.25 0.38 0.68 0.38
-0.28 0.39 0.69 0.38
-0.30 0.39 0.69 0.38
-0.32 0.39 0.69 0.38
-0.28 0.39 0.69 0.38
-0.26 0.39 0.69 0.38
-0.24 0.39 0.69 0.38
-0.19 0.39 0.69 0.38
-0.15 0.39 0.69 0.38
-0.11 0.39 0.69 0.35
-0.03 0.39 0.69 0.35
0.01 0.38 0.68 0.38
0.07 0.38 0.68 0.38
0.12 0.37 0.67 0.38
0.15 0.37 0.67 0.38
0.20 0.37 0.67 0.38
0.21 0.37 0.67 0.38
0.21 0.37 0.67 0.38
0.21 0.37 0.67 0.38
0.18 0.37 0.67 0.38
0.15 0.37 0.67 0.38
0.14 0.36 0.66 0.38
0.10 0.36 0.66 0.38
0.09 0.36 0.66 0.38
0.08 0.36 0.66 0.38
0.06 0.36 0.66 0.35
0.08 0.36 0.66 0.35
0.11 0.36 0.66 0.35
0.09 0.36 0.66 0.35
0.07 0.36 0.66 0.35
0.09 0.36 0.66 0.35
0.07 0.36 0.66 0.35
0.05 0.36 0.66 0.35
0.05 0.36 0.65 0.35
0.02 0.36 0.65 0.35
-0.03 0.35 0.65 0.38
-0.07 0.35 0.65 0.38
-0.11 0.35 0.65 0.38
-0.16 0.35 0.65 0.38
-0.19 0.35 0.65 0.38
-0.22 0.35 0.65 0.38
-0.24 0.35 0.65 0.38
-0.25 0.35 0.64 0.38
-0.23 0.35 0.64 0.38
-0.21 0.35 0.64 0.38
-0.20 0.35 0.64 0.38
-0.18 0.35 0.65 0.35
-0.14 0.35 0.65 0.35
-0.11 0.34 0.64 0.35
-0.06 0.34 0.63 0.35
-0.01 0.33 0.63 0.35
0.04 0.33 0.62 0.38
0.09 0.32 0.62 0.38
0.13 0.32 0.62 0.38
0.16 0.32 0.62 0.38
0.17 0.32 0.62 0.38
0.17 0.32 0.62 0.38
0.17 0.32 0.62 0.38
0.16 0.32 0.62 0.38
0.13 0.32 0.61 0.38
0.12 0.32 0.61 0.38
0.09 0.32 0.62 0.38
0.07 0.32 0.62 0.35
0.05 0.32 0.62 0.35
0.03 0.32 0.61 0.35
0.03 0.32 0.61 0.35
0.03 0.31 0.61 0.35
0.04 0.31 0.61 0.35
0.05 0.31 0.61 0.35
0.07 0.31 0.61 0.35
0.05 0.31 0.60 0.35
0.05 0.31 0.60 0.35
0.07 0.31 0.60 0.35
0.04 0.31 0.60 0.35
0.03 0.31 0.60 0.35
0.03 0.31 0.60 0.35
-0.01 0.31 0.59 0.38
-0.04 0.30 0.59 0.38
-0.07 0.30 0.58 0.38
-0.11 0.29 0.58 0.38
-0.13 0.29 0.58 0.38
-0.16 0.29 0.58 0.38
-0.18 0.29 0.58 0.38
-0.18 0.29 0.58 0.35
-0.18 0.29 0.58 0.35
-0.17 0.29 0.58 0.35
-0.15 0.28 0.57 0.35
-0.14 0.28 0.57 0.35
-0.10 0.28 0.57 0.35
-0.07 0.27 0.56 0.35
-0.04 0.27 0.56 0.35
0.00 0.27 0.56 0.38
0.03 0.27 0.55 0.38
0.06 0.26 0.55 0.38
0.09 0.26 0.55 0.38
0.11 0.26 0.55 0.38
0.12 0.26 0.55 0.38
0.13 0.26 0.55 0.38
0.13 0.26 0.55 0.35
0.13 0.26 0.55 0.35
0.11 0.26 0.55 0.35
0.09 0.26 0.55 0.35
0.08 0.26 0.55 0.35
0.05 0.26 0.55 0.35
0.04 0.26 0.54 0.35
0.02 0.26 0.54 0.35
0.00 0.26 0.54 0.35
-0.01 0.26 0.54 0.38
-0.02 0.25 0.53 0.38
-0.02 0.25 0.53 0.38
-0.00 0.25 0.53 0.38
0.00 0.25 0.53 0.41
0.02 0.25 0.53 0.41
0.04 0.25 0.53 0.41
0.03 0.25 0.53 0.41
0.05 0.25 0.52 0.41
0.06 0.25 0.52 0.41
0.05 0.25 0.52 0.41
0.05 0.25 0.52 0.41
0.04 0.25 0.52 0.41
0.00 0.25 0.52 0.41
-0.01 0.25 0.52 0.44
-0.04 0.25 0.52 0.41
-0.06 0.25 0.52 0.41
-0.07 0.25 0.52 0.41
-0.10 0.25 0.51 0.41
-0.10 0.24 0.51 0.41
-0.11 0.24 0.51 0.41
-0.12 0.24 0.51 0.41
-0.12 0.24 0.51 0.41
-0.11 0.23 0.50 0.41
-0.12 0.23 0.50 0.41
-0.09 0.23 0.50 0.41
-0.08 0.23 0.49 0.41
-0.07 0.23 0.49 0.41
-0.03 0.23 0.49 0.41
-0.01 0.23 0.49 0.41
0.02 0.23 0.49 0.41
0.05 0.23 0.49 0.41
0.07 0.23 0.49 0.41
0.09 0.23 0.49 0.41
0.10 0.23 0.49 0.41
0.10 0.23 0.49 0.41
0.10 0.23 0.49 0.41
0.09 0.22 0.49 0.41
0.07 0.22 0.49 0.41
0.06 0.22 0.49 0.41
0.04 0.22 0.49 0.41
0.02 0.22 0.48 0.41
-0.00 0.22 0.48 0.44
-0.03 0.22 0.48 0.44
-0.04 0.22 0.48 0.44
-0.05 0.22 0.48 0.44
-0.05 0.22 0.47 0.44
-0.04 0.22 0.47 0.44
-0.03 0.21 0.47 0.44
-0.01 0.21 0.47 0.44
0.02 0.21 0.46 0.47
0.04 0.21 0.46 0.47
0.07 0.21 0.46 0.47
0.08 0.21 0.46 0.47
0.11 0.21 0.46 0.44
0.12 0.21 0.46 0.44
0.10 0.21 0.46 0.44
0.11 0.21 0.46 0.44
0.09 0.21 0.46 0.44
0.05 0.20 0.45 0.44
0.02 0.19 0.45 0.44
-0.01 0.19 0.44 0.47
-0.05 0.18 0.44 0.47
-0.08 0.18 0.43 0.47
-0.11 0.18 0.43 0.47
-0.13 0.17 0.43 0.47
-0.15 0.17 0.43 0.47
-0.16 0.18 0.43 0.47
-0.16 0.18 0.43 0.47
-0.15 0.18 0.43 0.44
-0.14 0.18 0.43 0.44
-0.12 0.18 0.43 0.44
-0.09 0.18 0.43 0.44
-0.06 0.17 0.43 0.44
-0.03 0.17 0.43 0.44
0.00 0.17 0.42 0.47
0.03 0.17 0.42 0.47
0.06 0.17 0.42 0.47
0.07 0.16 0.41 0.47
0.10 0.16 0.41 0.47
0.10 0.16 0.41 0.47
-0.11 0.16 0.41 0.50
0.09 0.16 0.41 0.53
0.11 0.16 0.41 0.53
0.05 0.16 0.41 0.53
0.06 0.16 0.41 0.53
0.03 0.16 0.41 0.53
0.03 0.16 0.40 0.53
0.01 0.16 0.40 0.53
-0.02 0.16 0.40 0.56
-0.01 0.16 0.40 0.56
-0.08 0.16 0.40 0.53
-0.08 0.16 0.40 0.53
-0.04 0.16 0.40 0.53
-0.00 0.16 0.40 0.53
0.02 0.15 0.40 0.56
0.05 0.15 0.39 0.56
0.12 0.15 0.39 0.56
0.18 0.14 0.38 0.56
0.17 0.14 0.38 0.56
0.20 0.14 0.38 0.56
0.19 0.14 0.38 0.56
0.17 0.13 0.38 0.56
0.15 0.13 0.38 0.56
0.13 0.13 0.38 0.56
0.09 0.13 0.38 0.56
0.01 0.13 0.38 0.56
-0.06 0.13 0.38 0.56
-0.10 0.13 0.38 0.56
-0.14 0.13 0.38 0.56
-0.18 0.13 0.38 0.56
-0.22 0.13 0.38 0.56
-0.25 0.13 0.38 0.56
-0.27 0.14 0.38 0.56
-0.27 0.14 0.38 0.56
-0.26 0.14 0.38 0.56
-0.22 0.14 0.38 0.56
-0.17 0.14 0.38 0.56
-0.12 0.14 0.38 0.56
-0.08 0.14 0.38 0.56
-0.03 0.14 0.38 0.56
0.03 0.14 0.38 0.59
0.06 0.14 0.38 0.59
0.07 0.14 0.38 0.59
0.08 0.14 0.38 0.59
0.10 0.14 0.38 0.59
0.16 0.14 0.38 0.59
0.18 0.14 0.38 0.59
0.20 0.14 0.38 0.59
0.18 0.14 0.38 0.56
0.15 0.14 0.39 0.56
0.13 0.14 0.39 0.56
0.10 0.14 0.39 0.56
0.12 0.14 0.39 0.56
0.20 0.14 0.38 0.56
0.29 0.14 0.38 0.56
0.45 0.15 0.39 0.56
0.29 0.14 0.39 0.56
0.21 0.14 0.39 0.56
0.02 0.14 0.38 0.56
-0.13 0.14 0.38 0.59
-0.08 0.14 0.38 0.59
-0.13 0.14 0.38 0.59
-0.16 0.14 0.38 0.59
-0.21 0.14 0.38 0.59
-0.41 0.15 0.39 0.56
-0.43 0.15 0.39 0.56
-0.30 0.16 0.40 0.56
-0.22 0.16 0.40 0.56
-0.04 0.16 0.40 0.56
-0.08 0.15 0.39 0.56
-0.16 0.15 0.39 0.56
-0.15 0.15 0.39 0.56
-0.12 0.15 0.39 0.56
-0.07 0.15 0.39 0.56
0.02 0.15 0.39 0.59
-0.08 0.15 0.39 0.62
-0.08 0.15 0.39 0.62
-0.14 0.15 0.39 0.62
-0.07 0.15 0.39 0.62
0.04 0.15 0.39 0.65
0.15 0.15 0.39 0.65
0.17 0.15 0.39 0.65
0.21 0.15 0.39 0.65
0.16 0.15 0.39 0.65
0.18 0.16 0.39 0.65
0.14 0.16 0.40 0.65
0.02 0.16 0.40 0.65
-0.05 0.16 0.40 0.68
-0.18 0.16 0.40 0.65
-0.18 0.16 0.40 0.65
-0.16 0.16 0.40 0.65
-0.12 0.16 0.40 0.65
-0.05 0.16 0.40 0.65
-0.00 0.16 0.39 0.65
0.06 0.15 0.39 0.68
0.26 0.15 0.39 0.68
0.37 0.16 0.39 0.68
0.74 0.18 0.40 0.68
1.00 0.22 0.42 0.68
0.60 0.23 0.42 0.68
0.39 0.24 0.43 0.68
-0.04 0.23 0.43 0.71
-0.24 0.24 0.43 0.71
-0.15 0.24 0.43 0.71
-0.28 0.24 0.43 0.68
-0.43 0.25 0.44 0.68
-0.51 0.26 0.45 0.68
-0.71 0.28 0.46 0.68
-0.44 0.28 0.46 0.68
-0.18 0.28 0.46 0.68
-0.04 0.28 0.46 0.68
0.12 0.28 0.46 0.71
-0.05 0.28 0.46 0.74
-0.21 0.28 0.46 0.74
-0.18 0.28 0.46 0.74
-0.19 0.29 0.46 0.74
-0.12 0.29 0.46 0.74
-0.11 0.29 0.46 0.74
-0.27 0.29 0.47 0.74
-0.20 0.29 0.47 0.74
-0.11 0.29 0.47 0.74
0.14 0.29 0.47 0.76
0.39 0.30 0.48 0.76
0.46 0.31 0.48 0.76
0.40 0.31 0.49 0.76
0.34 0.32 0.49 0.76
0.20 0.32 0.50 0.76
0.17 0.32 0.50 0.76
-0.01 0.32 0.50 0.79
-0.06 0.32 0.50 0.76
-0.24 0.32 0.50 0.76
-0.39 0.33 0.51 0.76
-0.42 0.34 0.51 0.76
-0.23 0.34 0.52 0.76
-0.12 0.34 0.51 0.76
0.01 0.33 0.51 0.79
0.06 0.33 0.51 0.79
0.25 0.34 0.51 0.79
0.63 0.35 0.52 0.79
0.93 0.38 0.53 0.79
0.96 0.42 0.54 0.79
0.63 0.44 0.55 0.79
0.22 0.44 0.56 0.79
-0.19 0.44 0.56 0.82
-0.26 0.44 0.56 0.79
-0.26 0.44 0.57 0.79
-0.25 0.45 0.57 0.79
-0.38 0.45 0.57 0.79
-0.51 0.46 0.58 0.79
-0.52 0.47 0.59 0.79
-0.25 0.48 0.59 0.79
0.02 0.47 0.59 0.82
0.12 0.47 0.59 0.82
0.10 0.47 0.59 0.82
-0.13 0.47 0.59 0.85
-0.25 0.48 0.59 0.85
-0.31 0.48 0.59 0.85
-0.29 0.48 0.60 0.85
-0.28 0.49 0.60 0.85
-0.30 0.49 0.61 0.85
-0.31 0.49 0.61 0.82
-0.13 0.50 0.61 0.82
0.08 0.50 0.61 0.85
0.39 0.50 0.62 0.85
0.51 0.51 0.63 0.82
0.52 0.52 0.64 0.82
0.38 0.53 0.64 0.82
0.27 0.53 0.65 0.82
0.16 0.53 0.65 0.82
0.07 0.53 0.65 0.82
-0.05 0.53 0.65 0.85
-0.22 0.53 0.65 0.85
-0.35 0.54 0.66 0.85
-0.38 0.54 0.66 0.85
-0.30 0.55 0.67 0.82
-0.15 0.55 0.67 0.82
-0.01 0.55 0.67 0.82
0.04 0.55 0.67 0.85
0.15 0.55 0.67 0.85
0.29 0.55 0.67 0.85
0.62 0.57 0.68 0.85
0.85 0.60 0.69 0.85
0.81 0.62 0.70 0.85
0.43 0.63 0.71 0.85
0.02 0.63 0.71 0.85
-0.33 0.63 0.71 0.88
-0.35 0.64 0.71 0.88
-0.24 0.64 0.72 0.88
-0.18 0.64 0.72 0.88
-0.23 0.64 0.72 0.88
-0.33 0.65 0.73 0.85
-0.30 0.65 0.73 0.85
-0.10 0.65 0.73 0.85
0.11 0.65 0.73 0.88
0.11 0.65 0.73 0.88
0.01 0.65 0.73 0.88
-0.27 0.65 0.73 0.91
-0.38 0.66 0.74 0.91
-0.41 0.67 0.74 0.91
-0.36 0.67 0.75 0.91
-0.30 0.67 0.75 0.91
-0.26 0.68 0.76 0.91
-0.21 0.68 0.76 0.88
0.02 0.68 0.76 0.91
0.22 0.68 0.76 0.91
0.48 0.69 0.77 0.91
0.55 0.70 0.78 0.91
0.48 0.71 0.79 0.91
0.29 0.71 0.79 0.91
0.13 0.72 0.79 0.91
-0.00 0.72 0.79 0.91
-0.08 0.72 0.79 0.91
-0.16 0.72 0.79 0.91
-0.28 0.72 0.80 0.91
-0.33 0.72 0.80 0.91
-0.28 0.73 0.80 0.91
-0.14 0.73 0.80 0.91
0.01 0.73 0.80 0.94
0.10 0.73 0.80 0.94
0.10 0.73 0.80 0.94
0.13 0.73 0.81 0.94
0.19 0.73 0.81 0.91
0.38 0.73 0.81 0.91
0.72 0.75 0.82 0.91
0.81 0.78 0.84 0.91
0.46 0.79 0.84 0.91
0.04 0.79 0.84 0.91
-0.26 0.79 0.84 0.94
-0.37 0.79 0.84 0.94
-0.15 0.79 0.84 0.94
-0.13 0.79 0.84 0.94
-0.13 0.79 0.84 0.94
-0.21 0.80 0.85 0.94
-0.28 0.80 0.85 0.94
-0.11 0.80 0.85 0.94
0.05 0.80 0.85 0.94
0.05 0.80 0.85 0.94
-0.03 0.80 0.85 0.97
-0.29 0.80 0.85 0.97
-0.47 0.81 0.86 0.97
-0.45 0.82 0.87 0.97
-0.36 0.82 0.87 0.94
-0.23 0.83 0.87 0.91
-0.13 0.83 0.87 0.91
-0.12 0.83 0.87 0.91
0.04 0.83 0.87 0.94
0.21 0.83 0.88 0.94
0.40 0.83 0.88 0.94
0.53 0.85 0.89 0.94
0.44 0.85 0.90 0.91
0.30 0.86 0.90 0.91
0.12 0.86 0.90 0.91
-0.03 0.86 0.90 0.94
-0.12 0.86 0.90 0.94
-0.20 0.86 0.91 0.94
-0.23 0.86 0.91 0.91
-0.26 0.86 0.91 0.91
-0.22 0.86 0.92 0.91
-0.11 0.86 0.91 0.91
0.01 0.86 0.91 0.94
0.08 0.86 0.91 0.94
0.09 0.86 0.91 0.94
0.07 0.86 0.91 0.94
0.09 0.86 0.91 0.94
0.19 0.86 0.91 0.94
0.35 0.86 0.91 0.94
0.62 0.88 0.92 0.94
0.78 0.90 0.93 0.91
0.39 0.91 0.94 0.91
0.08 0.91 0.94 0.91
-0.21 0.91 0.94 0.94
-0.26 0.91 0.94 0.94
-0.06 0.91 0.93 0.94
-0.09 0.91 0.93 0.94
-0.13 0.90 0.93 0.94
-0.26 0.90 0.93 0.94
-0.33 0.91 0.93 0.94
-0.20 0.91 0.93 0.94
-0.04 0.91 0.93 0.94
-0.05 0.91 0.93 0.94
-0.09 0.91 0.93 0.94
-0.33 0.91 0.94 0.91
-0.42 0.92 0.94 0.91
-0.37 0.92 0.95 0.91
-0.26 0.92 0.95 0.91
-0.15 0.93 0.95 0.91
-0.08 0.92 0.95 0.91
-0.08 0.92 0.95 0.91
0.08 0.92 0.95 0.94
0.23 0.92 0.95 0.94
0.40 0.93 0.95 0.94
0.47 0.94 0.96 0.94
0.37 0.94 0.96 0.94
0.21 0.94 0.96 0.94
0.07 0.94 0.96 0.94
-0.03 0.94 0.96 0.97
-0.08 0.93 0.95 0.97
-0.14 0.93 0.95 0.97
-0.21 0.93 0.95 0.97
-0.25 0.93 0.95 0.97
-0.24 0.93 0.95 0.94
-0.13 0.93 0.95 0.94
-0.03 0.93 0.95 0.94
0.02 0.93 0.95 0.97
0.04 0.93 0.95 0.97
0.04 0.92 0.94 0.97
0.10 0.92 0.94 0.97
0.20 0.91 0.93 0.97
0.32 0.92 0.94 0.97
0.45 0.92 0.94 0.97
0.71 0.94 0.95 0.97
0.56 0.96 0.96 0.97
0.24 0.96 0.96 0.97
0.04 0.96 0.96 0.97
-0.25 0.96 0.96 1.00
-0.09 0.96 0.96 0.97
-0.13 0.96 0.96 0.94
-0.19 0.96 0.97 0.94
-0.29 0.96 0.97 0.94
-0.39 0.97 0.97 0.94
-0.33 0.97 0.98 0.91
-0.08 0.97 0.98 0.91
-0.06 0.97 0.98 0.91
-0.07 0.97 0.97 0.91
-0.21 0.97 0.97 0.91
-0.35 0.97 0.98 0.91
-0.35 0.98 0.98 0.91
-0.27 0.98 0.98 0.91
-0.19 0.98 0.99 0.88
-0.10 0.98 0.98 0.88
-0.08 0.98 0.98 0.88
0.03 0.98 0.98 0.91
0.20 0.98 0.98 0.91
0.34 0.99 0.99 0.91
0.44 0.99 0.99 0.91
0.40 1.00 1.00 0.88
0.27 1.00 1.00 0.88
0.11 0.99 1.00 0.88
0.05 0.97 0.98 0.88
-0.02 0.93 0.97 0.91
-0.11 0.92 0.96 0.91
-0.24 0.91 0.96 0.91
-0.33 0.92 0.96 0.88
-0.30 0.92 0.96 0.88
-0.19 0.92 0.96 0.88
-0.05 0.92 0.96 0.88
0.02 0.91 0.95 0.91
0.01 0.90 0.95 0.91
0.04 0.88 0.94 0.91
0.07 0.87 0.93 0.91
0.17 0.87 0.93 0.91
0.28 0.87 0.93 0.91
0.39 0.88 0.94 0.88
0.56 0.89 0.95 0.85
0.73 0.91 0.95 0.85
0.44 0.92 0.96 0.85
0.20 0.92 0.96 0.85
-0.08 0.92 0.96 0.88
-0.21 0.92 0.96 0.88
-0.13 0.92 0.96 0.88
-0.17 0.92 0.96 0.88
-0.25 0.92 0.96 0.88
-0.30 0.92 0.96 0.85
-0.38 0.92 0.96 0.85
-0.25 0.92 0.96 0.85
-0.10 0.91 0.95 0.85
-0.11 0.91 0.95 0.85
-0.10 0.90 0.95 0.85
-0.28 0.91 0.95 0.85
-0.33 0.91 0.95 0.82
-0.30 0.91 0.96 0.82
-0.21 0.91 0.96 0.82
-0.14 0.91 0.95 0.82
-0.07 0.90 0.95 0.82
-0.05 0.90 0.95 0.82
0.11 0.90 0.95 0.85
0.24 0.90 0.95 0.82
0.38 0.91 0.95 0.82
0.43 0.91 0.96 0.82
0.36 0.90 0.95 0.82
0.25 0.87 0.94 0.82
0.11 0.83 0.93 0.82
0.01 0.82 0.92 0.82
-0.06 0.81 0.92 0.85
-0.23 0.82 0.92 0.82
-0.28 0.82 0.92 0.82
-0.33 0.82 0.92 0.82
-0.26 0.82 0.92 0.82
-0.13 0.81 0.91 0.82
-0.06 0.80 0.91 0.82
-0.01 0.79 0.90 0.82
0.04 0.79 0.89 0.85
0.05 0.79 0.90 0.82
0.17 0.79 0.90 0.82
0.22 0.79 0.90 0.82
0.27 0.79 0.90 0.79
0.35 0.80 0.90 0.79
0.53 0.80 0.91 0.79
0.70 0.82 0.91 0.79
0.44 0.82 0.91 0.79
0.18 0.82 0.91 0.79
-0.06 0.82 0.91 0.82
-0.20 0.82 0.91 0.82
-0.11 0.82 0.91 0.79
-0.18 0.81 0.91 0.79
-0.25 0.81 0.90 0.79
-0.33 0.80 0.90 0.79
-0.42 0.80 0.90 0.79
-0.30 0.80 0.90 0.79
-0.14 0.80 0.90 0.79
-0.15 0.80 0.90 0.79
-0.14 0.80 0.90 0.76
-0.28 0.80 0.90 0.76
-0.32 0.80 0.90 0.76
-0.25 0.80 0.90 0.76
-0.15 0.80 0.90 0.76
-0.08 0.80 0.90 0.76
-0.01 0.80 0.90 0.76
-0.01 0.80 0.90 0.74
0.11 0.80 0.90 0.76
0.25 0.80 0.90 0.76
0.36 0.79 0.89 0.76
0.40 0.76 0.89 0.76
0.34 0.74 0.88 0.76
0.19 0.73 0.87 0.76
0.10 0.74 0.87 0.76
-0.00 0.73 0.87 0.76
-0.07 0.73 0.86 0.76
-0.18 0.72 0.86 0.76
-0.29 0.73 0.87 0.76
-0.31 0.73 0.87 0.76
-0.27 0.73 0.87 0.76
-0.17 0.72 0.86 0.76
-0.07 0.72 0.86 0.76
-0.02 0.72 0.86 0.74
0.00 0.72 0.86 0.76
0.07 0.72 0.86 0.76
0.14 0.72 0.86 0.74
0.23 0.72 0.86 0.74
0.29 0.71 0.85 0.74
0.37 0.71 0.86 0.74
0.58 0.72 0.86 0.74
0.68 0.74 0.87 0.74
0.43 0.75 0.87 0.74
0.18 0.75 0.87 0.71
-0.05 0.75 0.87 0.74
-0.08 0.74 0.86 0.74
-0.09 0.72 0.86 0.74
-0.18 0.72 0.85 0.74
-0.29 0.72 0.85 0.74
-0.37 0.72 0.85 0.74
-0.44 0.73 0.86 0.71
-0.30 0.73 0.87 0.71
-0.22 0.73 0.87 0.71
-0.17 0.73 0.86 0.71
-0.17 0.73 0.86 0.71
-0.26 0.73 0.86 0.71
-0.27 0.73 0.86 0.71
-0.19 0.73 0.87 0.68
-0.10 0.73 0.87 0.68
-0.05 0.73 0.87 0.68
-0.03 0.73 0.86 0.68
0.00 0.73 0.86 0.71
0.12 0.72 0.86 0.71
0.22 0.70 0.85 0.71
0.35 0.68 0.84 0.71
0.37 0.68 0.84 0.71
0.33 0.68 0.84 0.71
0.22 0.68 0.84 0.68
0.12 0.68 0.84 0.68
0.03 0.68 0.84 0.68
-0.05 0.68 0.84 0.71
-0.18 0.68 0.84 0.71
-0.27 0.68 0.84 0.71
-0.32 0.68 0.84 0.71
-0.28 0.68 0.84 0.71
-0.20 0.68 0.84 0.68
-0.11 0.68 0.85 0.68
-0.07 0.68 0.85 0.65
-0.01 0.68 0.84 0.65
0.04 0.67 0.83 0.68
0.14 0.66 0.83 0.68
0.25 0.66 0.83 0.68
0.31 0.66 0.83 0.68
0.39 0.67 0.83 0.68
0.56 0.68 0.84 0.68
0.61 0.70 0.85 0.65
0.46 0.70 0.85 0.65
0.26 0.70 0.85 0.65
0.00 0.69 0.84 0.65
-0.04 0.68 0.84 0.68
-0.09 0.68 0.83 0.68
-0.17 0.68 0.83 0.68
-0.28 0.68 0.84 0.65
-0.41 0.69 0.84 0.65
-0.45 0.69 0.85 0.65
-0.36 0.70 0.85 0.65
-0.28 0.70 0.85 0.65
-0.23 0.70 0.85 0.65
-0.22 0.70 0.85 0.65
-0.25 0.70 0.85 0.62
-0.24 0.70 0.86 0.62
-0.18 0.70 0.86 0.62
-0.09 0.70 0.86 0.62
-0.04 0.70 0.86 0.62
-0.02 0.70 0.86 0.62
0.02 0.70 0.85 0.65
0.11 0.68 0.84 0.65
0.21 0.66 0.83 0.65
0.31 0.66 0.83 0.65
0.34 0.66 0.84 0.65
0.32 0.67 0.84 0.62
0.26 0.67 0.84 0.62
0.19 0.67 0.84 0.62
0.10 0.67 0.84 0.62
-0.00 0.67 0.84 0.65
-0.13 0.66 0.84 0.65
-0.24 0.66 0.83 0.65
-0.29 0.66 0.84 0.65
-0.29 0.67 0.84 0.65
-0.25 0.67 0.84 0.65
-0.21 0.67 0.84 0.65
-0.16 0.67 0.84 0.65
-0.08 0.66 0.84 0.65
-0.00 0.65 0.83 0.65
0.11 0.65 0.83 0.68
0.20 0.65 0.83 0.68
0.28 0.66 0.83 0.68
0.35 0.66 0.84 0.68
0.49 0.67 0.84 0.65
0.62 0.68 0.85 0.65
0.53 0.69 0.85 0.65
0.34 0.68 0.85 0.65
0.16 0.68 0.85 0.65
0.06 0.68 0.84 0.65
0.03 0.68 0.84 0.65
-0.11 0.68 0.84 0.65
-0.23 0.68 0.85 0.65
-0.36 0.69 0.85 0.65
-0.44 0.69 0.85 0.65
-0.43 0.70 0.86 0.65
-0.37 0.70 0.86 0.65
-0.34 0.70 0.86 0.65
-0.28 0.71 0.87 0.65
-0.30 0.71 0.87 0.62
-0.28 0.71 0.88 0.62
-0.23 0.72 0.88 0.62
-0.12 0.72 0.88 0.62
-0.04 0.71 0.88 0.62
0.02 0.71 0.87 0.65
0.05 0.70 0.86 0.65
0.11 0.68 0.85 0.65
0.17 0.67 0.85 0.65
0.24 0.67 0.85 0.65
0.29 0.67 0.85 0.65
0.30 0.67 0.85 0.62
0.25 0.68 0.86 0.62
0.21 0.68 0.86 0.62
0.14 0.68 0.86 0.62
0.10 0.67 0.85 0.62
0.02 0.67 0.85 0.62
-0.06 0.66 0.84 0.65
-0.14 0.66 0.84 0.65
-0.19 0.67 0.85 0.65
-0.22 0.67 0.85 0.65
-0.21 0.67 0.85 0.65
-0.19 0.66 0.85 0.65
-0.15 0.66 0.84 0.65
-0.10 0.66 0.84 0.65
-0.04 0.66 0.84 0.65
0.05 0.66 0.84 0.68
0.13 0.66 0.84 0.68
0.20 0.66 0.84 0.65
0.29 0.66 0.84 0.65
0.39 0.66 0.84 0.65
0.39 0.66 0.84 0.65
0.32 0.66 0.84 0.65
0.27 0.66 0.84 0.65
0.22 0.66 0.84 0.65
0.19 0.66 0.84 0.65
0.10 0.66 0.85 0.62
0.01 0.66 0.84 0.62
-0.12 0.66 0.84 0.65
-0.21 0.66 0.84 0.65
-0.26 0.66 0.84 0.65
-0.28 0.66 0.84 0.65
-0.29 0.66 0.85 0.65
-0.30 0.66 0.85 0.62
-0.33 0.67 0.85 0.62
-0.34 0.67 0.86 0.62
-0.31 0.68 0.86 0.62
-0.23 0.68 0.86 0.62
-0.18 0.68 0.86 0.62
-0.13 0.67 0.86 0.62
-0.07 0.66 0.85 0.62
-0.02 0.64 0.84 0.62
0.04 0.63 0.83 0.65
0.10 0.63 0.83 0.65
0.15 0.63 0.83 0.62
0.19 0.63 0.83 0.62
0.19 0.63 0.83 0.62
0.18 0.63 0.83 0.62
0.17 0.63 0.83 0.62
0.15 0.62 0.83 0.62
0.13 0.62 0.82 0.62
0.09 0.62 0.82 0.62
0.05 0.62 0.82 0.62
0.01 0.62 0.82 0.62
-0.02 0.62 0.82 0.65
-0.04 0.61 0.81 0.65
-0.05 0.61 0.81 0.65
-0.06 0.60 0.81 0.65
-0.07 0.60 0.80 0.65
-0.06 0.60 0.80 0.65
-0.05 0.60 0.80 0.65
-0.01 0.60 0.80 0.65
0.04 0.60 0.80 0.65
0.09 0.60 0.80 0.65
0.17 0.59 0.79 0.65
0.18 0.59 0.79 0.65
0.17 0.58 0.79 0.65
0.23 0.58 0.79 0.65
0.25 0.59 0.79 0.65
0.21 0.59 0.79 0.65
0.20 0.59 0.79 0.62
0.10 0.59 0.79 0.62
0.01 0.58 0.79 0.62
-0.03 0.58 0.78 0.65
-0.09 0.58 0.78 0.65
-0.12 0.58 0.78 0.65
-0.18 0.58 0.78 0.65
-0.26 0.58 0.79 0.65
-0.28 0.58 0.79 0.62
-0.32 0.59 0.79 0.62
-0.31 0.59 0.80 0.62
-0.28 0.59 0.80 0.62
-0.28 0.59 0.80 0.62
-0.25 0.59 0.80 0.62
-0.20 0.58 0.79 0.62
-0.17 0.56 0.78 0.62
-0.08 0.55 0.78 0.62
-0.00 0.55 0.77 0.62
0.06 0.55 0.77 0.62
0.12 0.55 0.77 0.62
0.15 0.55 0.77 0.62
0.18 0.55 0.77 0.62
0.21 0.55 0.77 0.62
0.20 0.55 0.77 0.62
0.21 0.54 0.77 0.62
0.19 0.54 0.77 0.62
0.13 0.54 0.77 0.62
0.11 0.54 0.76 0.62
0.08 0.54 0.76 0.62
0.05 0.54 0.76 0.62
0.02 0.53 0.75 0.62
-0.02 0.53 0.75 0.65
-0.05 0.53 0.75 0.65
-0.05 0.53 0.75 0.65
-0.05 0.53 0.75 0.65
-0.01 0.53 0.75 0.65
0.01 0.53 0.75 0.65
0.06 0.53 0.74 0.65
0.12 0.52 0.74 0.65
0.10 0.52 0.74 0.65
0.13 0.51 0.73 0.65
0.19 0.51 0.73 0.65
0.17 0.51 0.73 0.65
0.14 0.51 0.74 0.62
0.12 0.51 0.74 0.62
0.04 0.51 0.73 0.62
-0.04 0.51 0.73 0.65
-0.06 0.51 0.73 0.65
-0.10 0.50 0.72 0.65
-0.15 0.50 0.72 0.65
-0.21 0.50 0.73 0.65
-0.25 0.51 0.73 0.65
-0.27 0.51 0.73 0.62
-0.29 0.51 0.74 0.62
-0.24 0.51 0.74 0.62
-0.22 0.51 0.74 0.62
-0.22 0.51 0.74 0.62
-0.18 0.51 0.73 0.62
-0.13 0.50 0.73 0.62
-0.09 0.48 0.72 0.62
-0.01 0.47 0.71 0.62
0.04 0.47 0.71 0.65
0.09 0.47 0.71 0.62
0.12 0.47 0.71 0.62
0.14 0.47 0.71 0.62
0.17 0.47 0.71 0.62
0.17 0.47 0.71 0.62
0.16 0.46 0.71 0.62
0.17 0.46 0.70 0.62
0.13 0.45 0.70 0.62
0.10 0.45 0.70 0.62
0.09 0.45 0.70 0.62
0.04 0.45 0.69 0.62
0.03 0.45 0.69 0.62
0.01 0.44 0.69 0.62
-0.02 0.44 0.68 0.65
-0.04 0.44 0.68 0.65
-0.05 0.44 0.68 0.65
-0.03 0.44 0.68 0.65
-0.01 0.44 0.68 0.62
0.00 0.44 0.68 0.65
0.06 0.44 0.68 0.65
0.12 0.44 0.67 0.65
0.11 0.43 0.67 0.65
0.14 0.43 0.67 0.65
0.20 0.43 0.67 0.65
0.18 0.43 0.67 0.65
0.15 0.43 0.67 0.65
0.12 0.43 0.67 0.62
0.04 0.43 0.67 0.62
-0.01 0.43 0.66 0.65
-0.06 0.42 0.66 0.65
-0.11 0.42 0.66 0.65
-0.15 0.42 0.66 0.65
-0.20 0.42 0.66 0.65
-0.25 0.42 0.66 0.65
-0.27 0.42 0.66 0.65
-0.29 0.43 0.67 0.62
-0.25 0.43 0.67 0.62
-0.23 0.43 0.67 0.62
-0.22 0.43 0.67 0.62
-0.18 0.42 0.66 0.62
-0.13 0.41 0.66 0.62
-0.09 0.40 0.65 0.62
-0.01 0.39 0.64 0.62
0.04 0.38 0.64 0.65
0.08 0.38 0.64 0.65
0.11 0.38 0.64 0.62
0.13 0.39 0.64 0.62
0.17 0.39 0.64 0.62
0.17 0.38 0.64 0.62
0.16 0.38 0.64 0.62
0.17 0.37 0.63 0.62
0.14 0.37 0.63 0.62
0.11 0.36 0.62 0.62
0.08 0.36 0.62 0.62
0.06 0.36 0.62 0.62
0.04 0.36 0.62 0.62
0.01 0.35 0.61 0.62
-0.02 0.35 0.61 0.65
-0.04 0.35 0.61 0.65
-0.05 0.35 0.61 0.65
-0.04 0.35 0.61 0.65
-0.02 0.35 0.61 0.62
-0.00 0.35 0.61 0.62
0.03 0.35 0.61 0.65
0.10 0.35 0.60 0.65
0.11 0.34 0.60 0.65
0.11 0.34 0.59 0.65
0.17 0.34 0.59 0.65
0.17 0.34 0.59 0.65
0.14 0.34 0.59 0.65
0.13 0.34 0.60 0.62
0.07 0.34 0.59 0.62
-0.00 0.34 0.59 0.65
-0.05 0.33 0.59 0.65
-0.09 0.33 0.58 0.65
-0.13 0.33 0.58 0.65
-0.18 0.33 0.58 0.65
-0.22 0.33 0.58 0.65
-0.24 0.33 0.58 0.65
-0.26 0.33 0.59 0.65
-0.25 0.34 0.59 0.62
-0.23 0.34 0.59 0.62
-0.22 0.33 0.59 0.62
-0.19 0.33 0.59 0.62
-0.15 0.32 0.58 0.62
-0.11 0.31 0.57 0.62
-0.04 0.30 0.57 0.62
0.02 0.29 0.56 0.65
0.06 0.29 0.56 0.65
0.10 0.29 0.56 0.65
0.12 0.29 0.56 0.65
0.14 0.29 0.56 0.62
0.16 0.29 0.56 0.62
0.16 0.29 0.56 0.62
0.17 0.28 0.55 0.62
0.15 0.27 0.55 0.62
0.11 0.27 0.54 0.62
0.09 0.26 0.54 0.62
0.06 0.26 0.54 0.62
0.04 0.26 0.53 0.62
0.02 0.25 0.53 0.62
-0.01 0.25 0.52 0.65
-0.03 0.25 0.52 0.65
-0.03 0.25 0.52 0.65
-0.04 0.25 0.52 0.62
-0.02 0.25 0.52 0.62
-0.00 0.25 0.52 0.62
0.03 0.25 0.52 0.65
0.09 0.25 0.52 0.65
0.14 0.24 0.51 0.65
0.12 0.24 0.51 0.65
0.15 0.24 0.51 0.65
0.18 0.24 0.51 0.65
0.17 0.24 0.51 0.65
0.15 0.24 0.51 0.65
0.10 0.24 0.51 0.65
0.01 0.24 0.51 0.62
-0.03 0.24 0.51 0.65
-0.07 0.24 0.51 0.65
-0.11 0.24 0.51 0.65
-0.15 0.24 0.50 0.65
-0.20 0.24 0.50 0.65
-0.23 0.24 0.51 0.65
-0.27 0.24 0.51 0.65
-0.28 0.24 0.51 0.65
-0.23 0.25 0.52 0.62
-0.22 0.25 0.52 0.62
-0.20 0.25 0.52 0.62
-0.15 0.24 0.51 0.62
-0.13 0.24 0.51 0.62
-0.07 0.23 0.51 0.62
-0.00 0.23 0.50 0.62
0.05 0.23 0.50 0.65
0.09 0.22 0.49 0.65
0.11 0.22 0.49 0.65
0.13 0.22 0.49 0.65
0.16 0.22 0.50 0.65
0.16 0.22 0.50 0.62
0.17 0.22 0.50 0.62
0.15 0.22 0.49 0.62
0.12 0.22 0.49 0.62
0.10 0.22 0.49 0.62
0.06 0.21 0.48 0.62
0.03 0.21 0.48 0.62
0.02 0.20 0.47 0.62
-0.01 0.20 0.47 0.65
-0.03 0.20 0.47 0.65
-0.04 0.20 0.46 0.65
-0.05 0.20 0.46 0.65
-0.03 0.20 0.46 0.65
-0.02 0.20 0.46 0.65
0.02 0.20 0.46 0.65
0.06 0.20 0.46 0.65
0.11 0.20 0.46 0.65
0.13 0.19 0.46 0.65
0.12 0.19 0.46 0.65
0.17 0.19 0.46 0.65
0.18 0.19 0.46 0.65
0.14 0.19 0.46 0.65
0.14 0.19 0.46 0.65
0.08 0.19 0.46 0.65
-0.00 0.19 0.46 0.68
-0.05 0.19 0.46 0.68
-0.09 0.19 0.46 0.65
-0.12 0.19 0.46 0.65
-0.17 0.20 0.46 0.65
-0.23 0.20 0.47 0.65
-0.25 0.20 0.47 0.65
-0.27 0.20 0.47 0.65
-0.27 0.21 0.48 0.65
-0.24 0.21 0.48 0.65
-0.23 0.21 0.48 0.62
-0.19 0.21 0.48 0.62
-0.15 0.21 0.48 0.62
-0.12 0.21 0.48 0.62
-0.04 0.21 0.48 0.62
0.02 0.21 0.48 0.65
0.06 0.20 0.47 0.65
0.11 0.20 0.47 0.65
0.13 0.20 0.47 0.65
0.16 0.20 0.47 0.65
0.18 0.20 0.47 0.65
0.18 0.20 0.48 0.62
0.17 0.21 0.48 0.62
0.14 0.21 0.48 0.62
0.12 0.21 0.48 0.62
0.09 0.20 0.47 0.62
0.05 0.20 0.47 0.62
0.03 0.20 0.47 0.62
-0.01 0.19 0.46 0.65
-0.04 0.19 0.46 0.65
-0.04 0.19 0.45 0.65
-0.05 0.18 0.45 0.65
-0.04 0.18 0.45 0.65
-0.03 0.18 0.45 0.65
-0.01 0.18 0.44 0.65
0.02 0.18 0.44 0.68
0.07 0.18 0.45 0.65
0.13 0.18 0.45 0.65
0.13 0.18 0.44 0.65
0.13 0.18 0.44 0.65
0.18 0.18 0.44 0.65
0.17 0.18 0.44 0.65
0.14 0.18 0.44 0.65
0.14 0.18 0.44 0.65
0.07 0.18 0.44 0.65
0.01 0.18 0.44 0.65
-0.04 0.18 0.44 0.68
-0.10 0.18 0.44 0.68
-0.13 0.18 0.44 0.68
-0.18 0.18 0.44 0.65
-0.23 0.18 0.45 0.65
-0.25 0.18 0.45 0.65
-0.28 0.19 0.45 0.65
-0.26 0.19 0.46 0.65
-0.25 0.19 0.46 0.62
-0.24 0.19 0.46 0.62
-0.19 0.19 0.46 0.62
-0.14 0.19 0.47 0.62
-0.10 0.19 0.47 0.62
-0.03 0.19 0.46 0.62
0.02 0.19 0.46 0.65
0.07 0.19 0.46 0.65
0.11 0.19 0.46 0.65
0.13 0.19 0.46 0.65
0.16 0.19 0.46 0.62
0.18 0.19 0.46 0.62
0.17 0.19 0.47 0.62
0.16 0.19 0.47 0.62
0.13 0.19 0.46 0.62
0.10 0.19 0.46 0.62
0.08 0.19 0.46 0.62
0.05 0.19 0.45 0.62
0.03 0.18 0.45 0.62
-0.01 0.18 0.45 0.65
-0.03 0.18 0.44 0.65
-0.03 0.18 0.44 0.65
-0.04 0.18 0.44 0.65
-0.03 0.18 0.44 0.65
-0.00 0.18 0.44 0.65
0.02 0.18 0.44 0.65
0.06 0.18 0.44 0.65
0.12 0.18 0.44 0.65
0.13 0.18 0.44 0.65
0.12 0.18 0.44 0.65
0.16 0.18 0.44 0.65
0.19 0.18 0.44 0.65
0.14 0.18 0.44 0.65
0.15 0.18 0.44 0.65
0.12 0.18 0.44 0.65
0.00 0.18 0.44 0.65
-0.07 0.18 0.44 0.68
-0.16 0.18 0.44 0.68
-0.20 0.18 0.44 0.68
-0.25 0.18 0.45 0.65
-0.24 0.18 0.45 0.65
-0.25 0.19 0.45 0.65
-0.25 0.19 0.46 0.65
-0.28 0.19 0.46 0.65
-0.25 0.19 0.46 0.62
-0.24 0.20 0.47 0.62
-0.19 0.20 0.47 0.62
-0.13 0.20 0.47 0.62
-0.05 0.20 0.47 0.62
0.02 0.19 0.46 0.65
0.07 0.19 0.46 0.65
0.10 0.19 0.46 0.65
0.15 0.19 0.46 0.65
0.19 0.19 0.46 0.65
0.22 0.20 0.47 0.62
0.26 0.20 0.47 0.62
0.25 0.20 0.47 0.62
0.16 0.20 0.47 0.62
0.10 0.20 0.47 0.62
0.01 0.20 0.47 0.62
-0.00 0.19 0.46 0.65
-0.04 0.19 0.46 0.65
-0.07 0.19 0.46 0.65
-0.10 0.19 0.46 0.65
-0.16 0.19 0.45 0.65
-0.16 0.19 0.45 0.65
-0.13 0.19 0.45 0.65
-0.07 0.19 0.45 0.65
0.04 0.19 0.45 0.68
0.14 0.19 0.46 0.65
0.25 0.19 0.46 0.65
0.45 0.20 0.46 0.65
0.44 0.20 0.47 0.65
0.36 0.21 0.47 0.65
0.22 0.21 0.47 0.65
0.06 0.21 0.47 0.65
0.06 0.21 0.47 0.65
-0.06 0.21 0.47 0.68
-0.02 0.21 0.47 0.68
-0.09 0.21 0.47 0.68
-0.22 0.21 0.47 0.68
-0.28 0.21 0.47 0.68
-0.31 0.21 0.48 0.68
-0.33 0.22 0.48 0.65
-0.24 0.22 0.49 0.65
-0.25 0.22 0.49 0.65
-0.22 0.23 0.49 0.65
-0.25 0.23 0.50 0.65
-0.28 0.23 0.50 0.65
-0.24 0.23 0.50 0.62
-0.23 0.23 0.51 0.62
-0.11 0.23 0.51 0.62
0.02 0.23 0.50 0.65
0.11 0.23 0.50 0.65
0.20 0.23 0.50 0.65
0.26 0.24 0.51 0.65
0.28 0.24 0.51 0.65
0.31 0.24 0.51 0.65
0.30 0.25 0.52 0.62
0.30 0.25 0.52 0.62
0.23 0.25 0.52 0.62
0.12 0.25 0.52 0.62
-0.02 0.25 0.52 0.65
-0.15 0.25 0.52 0.65
-0.25 0.25 0.52 0.65
-0.27 0.25 0.52 0.65
-0.26 0.25 0.52 0.65
-0.22 0.25 0.52 0.65
-0.18 0.25 0.52 0.65
-0.14 0.25 0.52 0.65
-0.06 0.25 0.52 0.65
0.00 0.25 0.51 0.68
0.11 0.25 0.52 0.68
0.20 0.25 0.52 0.65
0.29 0.25 0.52 0.65
0.36 0.26 0.53 0.65
0.52 0.27 0.53 0.65
0.60 0.28 0.54 0.65
0.45 0.29 0.55 0.65
0.30 0.29 0.55 0.65
0.03 0.29 0.55 0.65
-0.04 0.29 0.54 0.68
-0.17 0.29 0.54 0.68
-0.13 0.29 0.55 0.68
-0.11 0.29 0.55 0.68
-0.21 0.29 0.55 0.68
-0.25 0.29 0.55 0.68
-0.35 0.30 0.56 0.65
-0.39 0.31 0.56 0.65
-0.39 0.31 0.57 0.65
-0.35 0.32 0.57 0.65
-0.32 0.32 0.58 0.65
-0.27 0.32 0.58 0.65
-0.27 0.33 0.59 0.62
-0.23 0.33 0.59 0.62
-0.18 0.33 0.59 0.62
-0.09 0.33 0.59 0.62
0.08 0.33 0.59 0.65
0.21 0.33 0.59 0.65
0.35 0.33 0.59 0.65
0.42 0.34 0.60 0.65
0.41 0.34 0.60 0.65
0.34 0.35 0.61 0.65
0.25 0.35 0.61 0.62
0.18 0.35 0.61 0.62
0.11 0.35 0.61 0.62
0.00 0.35 0.61 0.62
-0.08 0.35 0.61 0.65
-0.22 0.35 0.61 0.65
-0.31 0.35 0.61 0.65
-0.31 0.35 0.61 0.65
-0.31 0.35 0.61 0.65
-0.20 0.35 0.61 0.65
-0.12 0.35 0.61 0.65
-0.04 0.35 0.61 0.65
0.02 0.35 0.61 0.68
0.05 0.35 0.61 0.68
0.12 0.35 0.61 0.68
0.19 0.35 0.61 0.65
0.28 0.36 0.61 0.65
0.42 0.36 0.62 0.65
0.62 0.38 0.63 0.65
0.60 0.39 0.63 0.65
0.49 0.40 0.64 0.65
0.26 0.40 0.64 0.65
-0.00 0.40 0.64 0.68
-0.09 0.40 0.64 0.68
-0.23 0.40 0.64 0.68
-0.15 0.40 0.64 0.68
-0.17 0.40 0.64 0.68
-0.21 0.41 0.65 0.68
-0.27 0.41 0.65 0.65
-0.40 0.41 0.66 0.65
-0.43 0.42 0.66 0.65
-0.47 0.43 0.67 0.65
-0.41 0.44 0.67 0.65
-0.32 0.44 0.68 0.65
-0.25 0.44 0.68 0.62
-0.18 0.45 0.68 0.62
-0.14 0.45 0.69 0.62
-0.11 0.45 0.69 0.62
-0.02 0.44 0.68 0.62
0.11 0.44 0.68 0.65
0.24 0.44 0.68 0.65
0.38 0.45 0.69 0.65
0.44 0.46 0.69 0.65
0.43 0.46 0.70 0.65
0.33 0.47 0.70 0.62
0.22 0.47 0.71 0.62
0.13 0.47 0.71 0.62
0.02 0.47 0.71 0.62
-0.05 0.47 0.70 0.65
-0.13 0.47 0.70 0.65
-0.22 0.47 0.70 0.65
-0.27 0.47 0.70 0.65
-0.31 0.47 0.70 0.65
-0.29 0.47 0.70 0.65
-0.22 0.47 0.70 0.65
-0.14 0.47 0.70 0.65
-0.02 0.47 0.70 0.65
0.05 0.47 0.70 0.68
0.11 0.47 0.70 0.68
0.17 0.47 0.70 0.65
0.22 0.47 0.70 0.65
0.31 0.47 0.71 0.65
0.46 0.48 0.71 0.65
0.63 0.50 0.72 0.65
0.59 0.51 0.73 0.65
0.51 0.52 0.73 0.65
0.23 0.52 0.73 0.65
-0.02 0.52 0.73 0.68
-0.17 0.52 0.73 0.68
-0.34 0.52 0.74 0.68
-0.23 0.53 0.74 0.68
-0.24 0.53 0.74 0.68
-0.21 0.53 0.75 0.65
-0.21 0.53 0.75 0.65
-0.35 0.54 0.75 0.65
-0.39 0.54 0.76 0.65
-0.48 0.55 0.77 0.65
-0.44 0.56 0.77 0.65
-0.37 0.56 0.78 0.65
-0.27 0.57 0.78 0.62
-0.11 0.57 0.78 0.62
-0.05 0.57 0.78 0.62
0.01 0.57 0.78 0.65
0.05 0.57 0.78 0.65
0.11 0.57 0.78 0.65
0.21 0.57 0.78 0.65
0.32 0.57 0.78 0.65
0.40 0.57 0.79 0.65
0.41 0.58 0.79 0.65
0.36 0.59 0.80 0.65
0.24 0.59 0.80 0.62
0.12 0.59 0.80 0.62
-0.04 0.59 0.80 0.65
-0.14 0.59 0.80 0.65
-0.21 0.59 0.80 0.65
-0.25 0.59 0.80 0.65
-0.23 0.59 0.80 0.65
-0.24 0.59 0.80 0.65
-0.19 0.58 0.80 0.65
-0.17 0.58 0.79 0.65
-0.12 0.58 0.79 0.65
-0.04 0.58 0.79 0.65
0.02 0.58 0.79 0.68
0.13 0.58 0.79 0.68
0.20 0.58 0.79 0.65
0.29 0.59 0.80 0.65
0.38 0.59 0.80 0.65
0.51 0.60 0.81 0.65
0.59 0.62 0.82 0.65
0.52 0.62 0.82 0.65
0.41 0.63 0.83 0.65
0.15 0.63 0.83 0.65
-0.02 0.63 0.82 0.68
-0.22 0.63 0.83 0.68
-0.29 0.63 0.83 0.68
-0.25 0.64 0.83 0.68
-0.30 0.64 0.84 0.68
-0.20 0.64 0.84 0.65
-0.25 0.64 0.84 0.65
-0.31 0.65 0.85 0.65
-0.38 0.65 0.85 0.65
-0.46 0.66 0.86 0.65
-0.41 0.67 0.87 0.65
-0.37 0.68 0.87 0.62
-0.22 0.68 0.88 0.62
-0.09 0.68 0.87 0.62
-0.00 0.68 0.87 0.62
0.09 0.68 0.87 0.65
0.12 0.68 0.87 0.65
0.16 0.67 0.87 0.65
0.22 0.68 0.87 0.65
0.29 0.68 0.87 0.65
0.34 0.68 0.88 0.65
0.35 0.69 0.88 0.65
0.31 0.69 0.89 0.62
0.23 0.69 0.89 0.62
0.09 0.69 0.89 0.62
-0.05 0.69 0.88 0.65
-0.16 0.69 0.88 0.65
-0.25 0.69 0.88 0.65
-0.26 0.69 0.88 0.65
-0.25 0.69 0.88 0.65
-0.20 0.69 0.88 0.65
-0.16 0.68 0.88 0.65
-0.12 0.68 0.88 0.65
-0.08 0.68 0.88 0.65
-0.04 0.68 0.88 0.65
0.03 0.68 0.88 0.65
0.11 0.68 0.88 0.65
0.21 0.68 0.88 0.65
0.32 0.69 0.88 0.65
0.49 0.70 0.89 0.65
0.61 0.71 0.89 0.65
0.59 0.72 0.90 0.65
0.51 0.73 0.90 0.65
0.27 0.73 0.91 0.65
0.07 0.73 0.91 0.65
-0.14 0.73 0.91 0.68
-0.30 0.73 0.91 0.65
-0.28 0.74 0.92 0.65
-0.32 0.74 0.92 0.65
-0.26 0.74 0.92 0.65
-0.23 0.74 0.92 0.65
-0.29 0.75 0.93 0.65
-0.32 0.75 0.93 0.65
-0.43 0.76 0.93 0.65
-0.43 0.77 0.94 0.62
-0.42 0.77 0.95 0.62
-0.33 0.77 0.95 0.62
-0.16 0.77 0.94 0.62
-0.06 0.76 0.94 0.62
0.06 0.75 0.93 0.65
0.12 0.75 0.93 0.65
0.14 0.75 0.93 0.65
0.20 0.76 0.93 0.65
0.23 0.76 0.94 0.62
0.30 0.76 0.94 0.62
0.34 0.76 0.94 0.62
0.34 0.77 0.95 0.62
0.32 0.77 0.95 0.62
0.21 0.77 0.95 0.62
0.07 0.76 0.94 0.62
-0.07 0.76 0.94 0.65
-0.21 0.76 0.94 0.65
-0.28 0.76 0.94 0.65
-0.29 0.76 0.94 0.65
-0.25 0.76 0.94 0.65
-0.18 0.76 0.94 0.65
-0.13 0.76 0.94 0.65
-0.09 0.76 0.94 0.65
-0.05 0.76 0.94 0.62
-0.03 0.76 0.94 0.62
0.04 0.76 0.93 0.65
0.15 0.75 0.93 0.65
0.27 0.75 0.93 0.65
0.45 0.76 0.93 0.65
0.59 0.77 0.94 0.65
0.60 0.78 0.94 0.65
0.54 0.79 0.95 0.65
0.35 0.79 0.95 0.65
0.16 0.79 0.95 0.62
-0.04 0.79 0.95 0.65
-0.22 0.79 0.95 0.65
-0.25 0.79 0.95 0.65
-0.27 0.79 0.95 0.65
-0.24 0.79 0.95 0.65
-0.22 0.79 0.95 0.65
-0.28 0.80 0.95 0.65
-0.32 0.80 0.96 0.65
-0.43 0.81 0.97 0.62
-0.46 0.82 0.97 0.62
-0.44 0.82 0.98 0.62
-0.38 0.82 0.98 0.62
-0.22 0.82 0.97 0.62
-0.12 0.81 0.97 0.62
-0.01 0.80 0.96 0.62
0.06 0.79 0.95 0.65
0.10 0.78 0.95 0.65
0.15 0.79 0.95 0.65
0.18 0.79 0.95 0.62
0.25 0.79 0.95 0.62
0.31 0.79 0.96 0.62
0.34 0.80 0.96 0.62
0.33 0.80 0.96 0.62
0.26 0.80 0.96 0.62
0.14 0.79 0.96 0.62
-0.00 0.79 0.95 0.65
-0.11 0.78 0.95 0.65
-0.20 0.78 0.95 0.65
-0.22 0.78 0.95 0.65
-0.21 0.78 0.94 0.65
-0.16 0.77 0.94 0.65
-0.12 0.77 0.94 0.65
-0.11 0.77 0.94 0.65
-0.07 0.77 0.94 0.65
-0.05 0.77 0.94 0.62
0.01 0.77 0.94 0.65
0.12 0.77 0.93 0.65
0.23 0.76 0.93 0.65
0.42 0.76 0.93 0.65
0.53 0.77 0.93 0.65
0.56 0.78 0.94 0.65
0.51 0.79 0.94 0.65
0.31 0.79 0.95 0.65
0.14 0.79 0.95 0.65
-0.06 0.79 0.95 0.65
-0.17 0.79 0.95 0.65
-0.20 0.79 0.94 0.65
-0.24 0.79 0.94 0.65
-0.21 0.78 0.94 0.65
-0.24 0.79 0.94 0.65
-0.28 0.79 0.95 0.65
-0.34 0.79 0.95 0.65
-0.43 0.80 0.96 0.62
-0.42 0.81 0.96 0.62
-0.40 0.81 0.97 0.62
-0.33 0.82 0.97 0.62
-0.20 0.81 0.97 0.62
-0.11 0.81 0.96 0.62
-0.03 0.79 0.95 0.62
0.01 0.78 0.94 0.65
0.05 0.77 0.94 0.65
0.10 0.77 0.93 0.65
0.18 0.77 0.94 0.62
0.27 0.77 0.94 0.62
0.34 0.77 0.94 0.62
0.38 0.78 0.95 0.62
0.34 0.78 0.95 0.62
0.26 0.78 0.95 0.62
0.12 0.78 0.95 0.62
-0.00 0.77 0.94 0.65
-0.09 0.77 0.93 0.65
-0.18 0.76 0.93 0.65
-0.17 0.75 0.93 0.65
-0.18 0.75 0.92 0.65
-0.15 0.75 0.92 0.65
-0.14 0.75 0.92 0.65
-0.14 0.75 0.92 0.65
-0.10 0.75 0.92 0.65
-0.09 0.75 0.92 0.65
0.01 0.75 0.92 0.65
0.14 0.75 0.92 0.65
0.28 0.74 0.92 0.65
0.45 0.74 0.92 0.65
0.51 0.75 0.92 0.65
0.52 0.75 0.92 0.65
0.43 0.76 0.93 0.65
0.28 0.76 0.93 0.65
0.14 0.76 0.93 0.65
-0.04 0.76 0.93 0.65
-0.11 0.76 0.93 0.65
-0.16 0.76 0.93 0.65
-0.22 0.76 0.93 0.65
-0.23 0.76 0.93 0.65
-0.29 0.76 0.93 0.65
-0.35 0.76 0.93 0.65
-0.40 0.77 0.93 0.65
-0.42 0.77 0.94 0.65
-0.40 0.78 0.95 0.62
-0.34 0.78 0.95 0.62
-0.26 0.79 0.95 0.62
-0.20 0.79 0.95 0.62
-0.15 0.78 0.95 0.62
-0.09 0.77 0.94 0.62
-0.04 0.76 0.93 0.62
0.01 0.74 0.92 0.65
0.12 0.73 0.92 0.65
0.23 0.73 0.92 0.65
0.32 0.74 0.92 0.62
0.37 0.74 0.92 0.62
0.35 0.74 0.92 0.62
0.31 0.75 0.93 0.62
0.19 0.74 0.93 0.62
0.11 0.74 0.92 0.62
0.05 0.74 0.92 0.62
-0.03 0.74 0.92 0.65
-0.04 0.73 0.91 0.65
-0.12 0.72 0.90 0.65
-0.16 0.71 0.90 0.65
-0.19 0.71 0.90 0.65
-0.22 0.71 0.90 0.65
-0.18 0.71 0.90 0.65
-0.14 0.71 0.90 0.65
-0.04 0.71 0.90 0.62
0.06 0.71 0.90 0.65
0.17 0.71 0.90 0.65
0.32 0.71 0.90 0.65
0.40 0.72 0.90 0.65
0.43 0.72 0.90 0.65
0.41 0.72 0.90 0.65
0.37 0.72 0.90 0.65
0.27 0.72 0.90 0.65
0.15 0.72 0.91 0.65
0.05 0.72 0.91 0.62
-0.07 0.72 0.90 0.65
-0.13 0.72 0.90 0.65
-0.22 0.72 0.90 0.65
-0.28 0.72 0.90 0.65
-0.32 0.72 0.90 0.65
-0.36 0.72 0.91 0.65
-0.37 0.73 0.91 0.65
-0.37 0.73 0.91 0.65
-0.35 0.74 0.92 0.65
-0.32 0.74 0.92 0.62
-0.29 0.74 0.93 0.62
-0.24 0.74 0.93 0.62
-0.19 0.74 0.93 0.62
-0.12 0.74 0.92 0.62
-0.05 0.73 0.91 0.62
0.04 0.71 0.91 0.65
0.14 0.70 0.90 0.65
0.21 0.70 0.90 0.65
0.29 0.70 0.90 0.65
0.29 0.70 0.90 0.62
0.30 0.71 0.90 0.62
0.29 0.71 0.90 0.62
0.23 0.71 0.90 0.62
0.18 0.70 0.90 0.62
0.11 0.70 0.90 0.62
0.05 0.70 0.90 0.62
-0.04 0.70 0.89 0.65
-0.11 0.69 0.89 0.65
-0.15 0.68 0.88 0.65
-0.18 0.68 0.88 0.65
-0.17 0.67 0.88 0.65
-0.15 0.67 0.88 0.65
-0.08 0.67 0.88 0.65
0.00 0.67 0.88 0.68
0.12 0.67 0.88 0.65
0.25 0.67 0.88 0.65
0.33 0.68 0.88 0.65
0.38 0.68 0.88 0.65
0.38 0.68 0.88 0.65
0.33 0.68 0.88 0.65
0.22 0.68 0.88 0.65
0.15 0.68 0.88 0.65
0.08 0.68 0.88 0.65
-0.03 0.68 0.88 0.68
-0.09 0.68 0.88 0.65
-0.20 0.68 0.88 0.65
-0.27 0.68 0.88 0.65
-0.33 0.68 0.88 0.65
-0.35 0.68 0.88 0.65
-0.32 0.68 0.88 0.65
-0.33 0.69 0.89 0.65
-0.30 0.69 0.89 0.65
-0.30 0.69 0.89 0.65
-0.28 0.70 0.90 0.65
-0.24 0.70 0.90 0.62
-0.18 0.70 0.90 0.62
-0.13 0.70 0.90 0.62
-0.05 0.69 0.90 0.62
0.06 0.69 0.89 0.65
0.11 0.67 0.88 0.65
0.17 0.66 0.87 0.65
0.20 0.65 0.87 0.65
0.24 0.65 0.87 0.65
0.26 0.65 0.87 0.65
0.25 0.65 0.87 0.62
0.25 0.65 0.87 0.62
0.19 0.65 0.87 0.62
0.13 0.65 0.87 0.62
0.06 0.64 0.86 0.62
-0.02 0.64 0.86 0.65
-0.06 0.64 0.86 0.65
-0.11 0.63 0.85 0.65
-0.13 0.63 0.85 0.65
-0.14 0.62 0.84 0.65
-0.12 0.61 0.84 0.65
-0.09 0.61 0.83 0.65
-0.01 0.61 0.83 0.65
0.11 0.61 0.83 0.68
0.22 0.61 0.84 0.65
0.29 0.61 0.84 0.65
0.31 0.62 0.84 0.65
0.30 0.62 0.84 0.65
0.26 0.62 0.84 0.65
0.23 0.62 0.84 0.65
0.20 0.62 0.84 0.65
0.13 0.61 0.84 0.65
0.02 0.61 0.83 0.65
-0.09 0.61 0.83 0.68
-0.20 0.61 0.83 0.68
-0.26 0.61 0.83 0.65
-0.31 0.61 0.84 0.65
-0.33 0.61 0.84 0.65
-0.36 0.61 0.84 0.65
-0.35 0.62 0.84 0.65
-0.34 0.62 0.84 0.65
-0.32 0.62 0.85 0.65
-0.29 0.63 0.85 0.65
-0.23 0.63 0.85 0.65
-0.16 0.63 0.85 0.65
-0.10 0.63 0.85 0.62
-0.02 0.63 0.85 0.62
0.04 0.63 0.85 0.65
0.12 0.62 0.84 0.65
0.17 0.61 0.84 0.65
0.20 0.59 0.83 0.65
0.23 0.58 0.83 0.65
0.24 0.58 0.82 0.65
0.22 0.58 0.82 0.65
0.21 0.58 0.83 0.62
0.17 0.58 0.83 0.62
0.13 0.58 0.82 0.62
0.09 0.58 0.82 0.62
0.04 0.58 0.82 0.62
-0.01 0.57 0.81 0.65
-0.05 0.57 0.81 0.65
-0.08 0.57 0.81 0.65
-0.09 0.56 0.80 0.65
-0.08 0.55 0.80 0.65
-0.04 0.54 0.79 0.65
0.01 0.54 0.78 0.68
0.09 0.54 0.78 0.68
0.14 0.54 0.78 0.68
0.19 0.54 0.78 0.68
0.21 0.54 0.79 0.65
