1642
2664
1445
2522
3079
2000
2383
3503
2911
3947
5772
7152
5322
4496
2761
3293
1917
-166
-3859
-4631
-6261
-6322
-7568
-8082
-7634
-6278
-5261
-4384
-3493
-2185
-647
552
750
769
614
628
745
420
271
966
896
1030
1687
1429
2022
2697
3970
4755
4863
6238
8117
9317
7916
6658
2846
1359
-1561
-1624
-4553
-7496
-9345
-9929
-10631
-9009
-7841
-6714
-5513
-3319
-2111
-340
730
1076
1003
823
1442
1847
938
936
848
831
2006
2491
2249
2529
2532
3657
4299
6484
7402
9620
8013
6557
4974
2541
835
-2010
-4843
-7628
-9496
-10556
-10650
-10317
-7991
-6907
-5142
-3884
-1533
-629
911
2238
1082
762
-503
664
545
1432
1384
1770
1261
2059
2391
2993
3377
4341
4981
7248
8003
10122
9771
7690
5615
511
-1242
-3955
-5785
-8436
-9170
-11236
-11944
-10109
-8332
-5930
-3707
-2011
-645
-46
571
2278
1665
1616
663
910
-36
985
2003
2264
2615
2841
3167
2368
3078
3041
3591
5338
7275
8634
8605
6847
4319
1001
-967
-3714
-5667
-6297
-7706
-8764
-8766
-8675
-7931
-5700
-3894
-1810
-251
-28
112
15
994
1166
1183
1199
860
1157
1451
2546
3059
3376
2856
2517
2173
1962
1827
2661
3485
5167
6220
6023
5030
2972
725
-1636
-3892
-4554
-5286
-5357
-5627
-6070
-5896
-5379
-4806
-3924
-3560
-2278
-975
-34
1054
1220
1351
1853
1881
2240
1978
1955
1630
1530
1586
1774
1851
1462
1515
1248
1336
2088
2655
3530
4674
4580
3711
2334
1392
-813
-2547
-3016
-4314
-4200
-4003
-3877
-3709
-4417
-4360
-4606
-4196
-2917
-1949
-929
285
1436
2224
2395
2564
2488
1568
1109
1167
1016
967
1073
1117
726
547
715
893
1225
2061
3942
6489
7611
6918
5833
3134
688
-2232
-4062
-5801
-6234
-5305
-5616
-5165
-5276
-5772
-6007
-6445
-5122
-4268
-2438
70
1517
2605
3294
3398
3554
3122
2711
2728
2517
2688
2217
1728
875
0
-38
-345
615
2192
4834
6719
6458
5946
3986
1634
-1973
-3648
-5075
-5623
-4636
-4633
-3817
-4163
-4724
-5184
-6153
-5474
-4694
-3337
-1302
547
2096
2970
3120
2681
2295
2283
2504
2978
3266
3351
2360
1744
922
263
640
1481
4136
6332
6439
6728
4980
2347
-1141
-3634
-5399
-7133
-6194
-5551
-4639
-4003
-4380
-4673
-5539
-5260
-5065
-3948
-1848
92
1786
3314
3613
3313
2634
1998
2170
2495
3024
3294
2676
2536
1629
1027
1248
2250
5343
6868
7013
6659
4474
1258
-2202
-4429
-7204
-7406
-6805
-5627
-4537
-4286
-3920
-5071
-5694
-5854
-5700
-4142
-1800
516
2482
3897
3983
3839
3158
3049
2952
2910
3374
3033
2865
2176
1549
2043
3099
5544
6408
6305
5958
4079
1015
-2141
-4795
-7520
-7723
-6899
-5717
-4429
-3707
-3544
-4481
-5054
-5378
-5594
-4254
-2424
-436
1557
2956
3257
3846
3478
3616
3651
3720
3885
3503
2927
2345
1855
2194
4664
6729
6744
6752
5261
2762
-1277
-3928
-6275
-8437
-7607
-6708
-5080
-4146
-3563
-3669
-4812
-4837
-4991
-4539
-3180
-1075
438
2346
3028
3110
2842
2416
3035
3078
3524
3875
3090
2930
2510
2386
3515
6020
7449
7097
6132
4606
1565
-1877
-4334
-7688
-8392
-7414
-6301
-4675
-4262
-3939
-4632
-5097
-5159
-4782
-4300
-2131
-425
1275
2550
2666
3058
2889
2827
3108
3214
3743
3923
3303
2704
1894
2003
3590
5981
7166
6661
6045
4424
1155
-1461
-3935
-7090
-7564
-7571
-6603
-5676
-5267
-4848
-5251
-5348
-4610
-4017
-3100
-1025
178
1599
2522
2965
3238
2869
3065
3405
3543
3956
3432
2041
1492
847
807
1725
2959
4080
3195
3606
3688
2166
1428
684
-1308
-1613
-2328
-3338
-3768
-5028
-5494
-6203
-6801
-5843
-5370
-4482
-2676
-1981
-673
611
772
1335
1537
1848
2758
2746
3384
3445
2659
2599
2229
1765
2304
2870
4188
4070
3801
5102
4071
3135
3308
1635
348
-354
-2211
-3297
-4617
-6321
-7080
-8157
-8171
-7466
-7068
-5589
-4294
-3417
-1657
-417
354
1573
2456
3595
4692
5153
5569
5101
4326
3757
2977
2465
2615
2794
3723
3338
2744
3444
2305
1409
1574
228
-822
-1312
-2831
-3836
-4797
-6132
-6714
-7288
-7037
-6299
-5843
-4648
-3412
-2680
-1207
-5
881
2275
2921
3728
4685
4802
4822
4376
3392
2845
2379
1938
2060
2088
2763
3388
2497
2679
2483
1587
1752
1257
-157
-559
-1604
-2798
-3718
-5155
-5826
-6192
-6473
-5787
-5412
-4968
-3809
-3171
-2281
-676
170
1378
2473
3150
4047
4353
4299
4225
3603
3140
2819
2134
1892
1680
1261
1725
2162
1846
1398
1808
1349
1076
1108
384
-713
-1355
-2293
-3183
-3838
-4611
-4855
-5027
-4780
-4300
-4091
-3625
-2845
-2214
-1181
-121
829
1886
2578
3200
3492
3499
3427
3183
2704
2364
1874
1460
1119
706
571
581
752
1108
1350
982
1096
1412
885
549
589
-182
-906
-1398
-2259
-2725
-3234
-3601
-3625
-3652
-3398
-3092
-2851
-2138
-1508
-910
30
639
1174
1798
2155
2466
2571
2582
2687
2247
1903
1705
1028
762
499
12
-161
-362
-454
-88
23
353
869
689
950
1280
987
1058
892
100
-213
-791
-1231
-1470
-1957
-2108
-2243
-2554
-2380
-2354
-2374
-1858
-1665
-1336
-648
-203
328
948
1345
1805
2002
1954
2127
1894
1535
1172
779
350
-77
-605
-819
-1006
-1043
-831
-583
-168
427
868
1464
1710
2232
2542
2062
2353
1864
1086
412
-264
-944
-1708
-2293
-2672
-3102
-3308
-3331
-3089
-2919
-2497
-1905
-1277
-677
5
612
1219
1401
1976
2011
-2228
1855
2334
942
1252
560
562
194
-335
-154
-1576
-1674
-801
-43
393
1126
2388
3607
3401
4055
3954
3498
2988
2577
1796
222
-1176
-2000
-2829
-3668
-4523
-5181
-5526
-5605
-5421
-4577
-3494
-2393
-1564
-551
619
1160
1407
1633
1989
3206
3611
4065
3644
3096
2599
2039
2368
4100
6011
9325
5962
4379
443
-2696
-1660
-2700
-3188
-4407
-8441
-8747
-6157
-4555
-840
-1563
-3218
-3057
-2516
-1377
437
-1551
-1680
-2891
-1520
814
3009
3565
4410
3196
3776
2873
367
-1006
-3722
-3599
-3198
-2489
-1066
-73
1301
5232
7683
15280
20512
12260
7898
-911
-4979
-3062
-5780
-8810
-10408
-14622
-9041
-3694
-822
2444
-1077
-4397
-3693
-3869
-2559
-2182
-5627
-4123
-2340
2828
7943
9387
8162
6981
4123
3510
-117
-1177
-4992
-7954
-8673
-4657
-2462
156
1155
5198
12935
19166
19738
12868
4446
-3841
-5362
-5316
-5072
-7778
-10418
-10621
-5223
422
2518
1978
-2699
-5052
-6362
-5856
-5740
-6056
-6362
-2725
1636
7908
10448
10614
7827
5481
3268
1339
-978
-4542
-7235
-7742
-6134
-2983
-234
830
3149
5911
12700
17478
16672
8913
416
-6837
-7244
-4867
-3702
-4685
-6680
-6139
-2063
2244
2312
107
-5616
-7692
-8419
-7361
-6212
-5250
-4350
418
4551
9826
11203
9759
5995
2752
-72
-1659
-3237
-5748
-6728
-5763
-2871
165
2114
2054
2715
3961
7717
14834
16645
9528
741
-5303
-7596
-3009
-2591
-2682
-4372
-5726
-2312
951
1011
-647
-6002
-9710
-9298
-7352
-4801
-2757
-2456
735
4361
8154
10847
9004
6094
2468
-709
-2533
-4054
-4734
-5304
-4611
-2342
226
1702
1879
1480
1744
3937
7096
12659
15910
7921
1713
-4285
-5415
-1161
-1925
-2711
-5268
-6835
-4090
-824
-1123
-1893
-6745
-8652
-7523
-5301
-3052
-1557
-1671
1632
4723
8245
9727
7620
4346
1362
-657
-1575
-2828
-4350
-5091
-4843
-2637
-518
390
722
727
2110
4163
6573
9323
14524
11417
4929
727
-5137
-1924
-2739
-3958
-5934
-7930
-6766
-1636
-1323
-1341
-4394
-7270
-7225
-5469
-3956
-2025
-1709
634
4030
6889
9120
8258
5466
2345
974
-489
-2181
-4872
-6771
-6066
-3864
-1082
377
215
757
1452
3505
5815
7907
11561
14926
8990
4068
-1681
-4259
-2753
-3516
-5053
-6217
-7841
-5215
-1997
-2324
-2083
-5781
-6685
-6173
-4401
-2884
-1335
-967
2230
5008
7833
8887
7422
5061
2253
201
-1305
-4785
-5708
-6837
-5428
-2675
-1218
-274
802
1042
3528
4480
5511
7135
10825
14403
9037
3751
-1282
-4035
-2339
-3681
-5208
-6679
-8597
-6127
-2945
-3077
-2863
-5759
-6549
-5108
-3041
-1646
-291
-253
2296
5048
7360
8236
7015
3892
1956
-47
-1473
-3610
-5908
-6414
-5537
-3426
-1395
-485
98
1386
2827
4797
5902
7532
11922
13878
8725
3764
-1093
-1622
-1821
-3690
-5906
-7639
-8947
-6134
-4446
-3487
-3452
-5421
-5576
-3979
-2079
-1046
-522
13
2375
4499
7245
7684
6700
4470
2459
717
-1056
-3769
-5583
-6534
-5700
-4017
-2247
-1521
-239
866
2871
5077
6383
7943
11441
12596
9442
5303
46
-813
-1784
-3487
-5817
-8497
-9250
-7312
-5818
-4651
-4487
-5181
-4953
-3626
-1946
-806
-376
475
2190
4223
6388
7012
6555
5336
3906
2153
-43
-2655
-4876
-6015
-5891
-5042
-4273
-3309
-1665
-16
2256
4166
5732
7172
9989
12799
10890
7010
3323
1186
534
-2223
-4682
-7450
-9055
-8746
-7566
-7026
-5712
-6195
-5821
-4684
-2456
-818
392
955
2317
3489
4964
5962
6053
5218
4404
2858
2058
312
-1237
-2851
-3964
-4425
-4323
-3995
-3076
-2073
-752
956
2684
4171
5953
8056
7951
6666
5497
4609
3960
2140
168
-2455
-4382
-5305
-5694
-6037
-6142
-6742
-6882
-6308
-4738
-3718
-2609
-1471
-336
719
2034
3154
3796
3852
3704
3495
3153
2592
1903
1029
279
-345
-755
-1003
-1267
-1495
-1272
-931
-152
856
1774
3404
3742
3549
4820
5081
4283
4145
2107
291
-706
-1763
-2550
-3708
-5263
-5733
-6576
-6384
-5645
-5740
-5064
-4053
-3527
-1662
-30
1174
2466
3030
3759
4234
4189
4364
3829
2735
2308
1593
1001
370
-366
-1059
-1124
-954
-280
224
1176
2412
2029
2573
3875
3543
2906
2448
861
-754
-1268
-2013
-3087
-4229
-5208
-5488
-5850
-5019
-4584
-4483
-3701
-2751
-1751
-213
805
1889
2430
2854
3542
3499
3320
3524
2676
2112
1788
916
697
231
-476
-764
-925
-667
-132
89
1286
2544
2307
2944
4006
3647
3071
2507
874
-153
-1328
-2188
-3043
-4145
-5036
-5528
-5944
-5068
-4743
-4579
-3601
-2761
-1824
-219
823
1715
2246
2609
3407
3567
3377
3425
2928
2222
1723
1161
822
279
-399
-798
-928
-767
-494
-72
706
1964
2342
2301
3394
3498
2889
2745
1508
-5
-987
-1833
-2565
-3634
-4590
-4901
-5425
-5223
-4716
-4578
-3822
-2979
-2254
-737
356
1200
2014
2369
2954
3249
3189
3427
3065
2241
1802
1251
747
309
-288
-577
-691
-783
-409
-46
677
1918
2866
2359
3066
3599
3403
3123
1992
209
-657
-1531
-2209
-3132
-4097
-4701
-5498
-5791
-4769
-4527
-4072
-3131
-2593
-1481
-26
1002
1946
2304
2647
3199
3273
3531
3104
2452
2116
1329
707
451
-238
-554
-821
-1031
-657
-326
313
1259
2297
2674
2401
3437
3611
2907
2959
1662
-8
-956
-1869
-2482
-3451
-4658
-5095
-5579
-5591
-4957
-4697
-3842
-3044
-2390
-793
461
1245
2180
2589
3190
3651
3650
3515
2854
2430
1868
1058
671
-129
-816
-882
-1092
-899
-556
-301
474
1358
2610
2670
2607
3628
3451
2917
2959
1519
115
-868
-2076
-2746
-3722
-4655
-5141
-5784
-5428
-5030
-4854
-3850
-2959
-2015
-596
463
1362
2172
2651
3291
3623
3394
3236
2738
2025
1635
1121
535
-133
-536
-679
-798
-672
-63
400
1242
2531
2616
2539
3371
3833
2933
2990
2513
32
-1352
-3297
-4140
-5082
-4982
-5147
-5111
-5658
-5092
-4879
-3850
-2611
-948
389
1419
2035
3094
3804
4596
5397
5042
3322
2103
211
-90
-903
-1509
-2114
-3328
-3199
-2682
-1385
833
2790
5180
9191
8994
7299
4495
1200
1315
-1258
-340
-1837
-4411
-5703
-6278
-6704
-4983
-5028
-4455
-5116
-5655
-4944
-4692
-2289
391
2208
4187
5317
5754
6411
6212
6136
4702
2522
-325
-3024
-5185
-5523
-5429
-4445
-3597
-2779
-1232
48
2273
4147
5853
7439
10712
12325
9297
6249
634
-752
-3385
-2611
-2159
-4301
-5164
-7162
-7983
-7959
-7082
-6464
-5608
-5545
-4671
-3594
-1753
1631
4332
7259
8668
8374
6958
5106
3638
2326
8
-1728
-4417
-6267
-6387
-6377
-4153
-2533
-784
478
987
2369
3830
5749
8687
12802
12266
10053
5393
-63
-1762
-4703
-3156
-3427
-4293
-5446
-8258
-8902
-9684
-8312
-6463
-5027
-3622
-2797
-2339
-442
2161
4898
7884
8963
8811
6823
4450
2614
450
-1047
-2590
-4473
-5449
-6288
-5855
-4551
-2895
-438
978
2218
3427
4556
6263
9392
12934
12156
10369
4738
-447
-3401
-7025
-4618
-4822
-4207
-4369
-7111
-8082
-9921
-8997
-7533
-5486
-2332
-1015
106
1092
2265
4239
6658
8162
8412
7300
4894
2409
-828
-2809
-4305
-5171
-4759
-5010
-3832
-3506
-2403
-808
403
2702
4185
5917
7735
10380
12109
10619
8378
3008
-471
-4417
-6005
-5211
-6116
-4144
-5135
-6388
-7708
-9536
-8374
-7684
-4543
-1815
-70
1848
2394
3381
4484
5936
6935
7124
6345
4745
1815
-1090
-3258
-5112
-5264
-5050
-4144
-3216
-2388
-1541
-749
647
2210
4291
6628
9949
12490
12145
10438
5574
1534
-2803
-6154
-5645
-6524
-5341
-4818
-6001
-6622
-8842
-8809
-8625
-6860
-3269
-1272
1193
2481
2965
4012
4665
6169
6892
6968
6549
4270
1508
-1430
-4244
-5790
-5851
-5031
-3691
-2641
-1774
-1110
-518
923
2990
5510
9170
12003
12403
11079
7277
3337
-832
-4513
-5077
-5583
-4894
-4480
-5781
-6464
-8742
-9404
-9012
-7772
-4561
-2522
-201
1207
1952
3057
3717
5160
6436
7045
6786
5264
2819
-67
-2226
-4115
-4601
-4362
-3380
-2437
-2164
-1399
-1127
155
2446
4679
8687
10956
11585
10406
6410
2899
-1170
-3437
-4025
-4845
-4280
-4857
-5754
-7062
-8815
-8676
-8242
-6690
-4028
-2266
-644
244
1108
2067
3703
5552
6930
7726
6915
5373
2556
-28
-1890
-3637
-3463
-3673
-3066
-2878
-2923
-2116
-1768
283
2936
5763
9181
10491
10564
8794
5822
2800
-842
-2201
-3193
-4439
-4658
-5969
-7189
-8242
-8714
-8209
-6948
-5234
-4042
-3119
-1771
-765
206
2501
4820
6497
7495
7169
6331
3966
2295
995
-579
-922
-2455
-3193
-3811
-4525
-3697
-2974
-875
1267
3410
6539
8164
8855
8398
7557
5584
3054
1039
-1521
-2740
-4447
-5659
-6559
-7440
-7501
-7603
-7249
-6538
-5880
-4905
-3997
-2483
-983
859
2919
4376
5912
6049
6138
5857
4707
3738
2157
925
-828
-2197
-3045
-3736
-3455
-3000
-1679
57
2434
5077
6868
7856
7699
6851
4489
3132
1592
-589
-1926
-4159
-5507
-6814
-7150
-6569
-6722
-6228
-6161
-5769
-4960
-3717
-2611
-1011
1180
2250
3505
4186
4929
5279
5086
5139
3941
2725
1256
-316
-1206
-2156
-2584
-2776
-2435
-1758
-127
2189
4427
5867
6393
6211
5355
4749
4008
2648
418
-1772
-4033
-5421
-6358
-6694
-7300
-7220
-7059
-6515
-6019
-4644
-3379
-2044
-502
923
2365
3457
4089
4699
4850
4518
4224
3513
2649
1790
858
-129
-1050
-1711
-1849
-1592
-899
267
1912
2951
3916
4280
