1.007135689212368 2.969188457919107 0.21968663194444582 
5.868092049607512 5.1475023668017075 0.4949748263888853 
3.4226329120287353 3.9765229008197527 0.3882543402777768 
3.100200039848413 4.041365483663453 0.22717795138888994 
2.7457805813709695 3.8396189384953914 0.2702439236111118 
1.8767778702113007 3.419284417802666 0.2994852430555573 
3.0909827890216164 3.998885306723214 0.3039956597222241 
2.5181965168220777 3.6354073514430447 0.3370060763888905 
3.6254673355245317 4.097056298805398 0.46971788194444275 
2.608453025202927 3.7530698677941365 0.24053559027777727 
3.3327857421944054 4.059766035761035 0.38003732638888776 
2.8002985201104535 3.8552344467127697 0.25272656249999864 
3.565416352735286 4.062958751460886 0.36379774305555646 
2.551281044573623 3.6569947680588193 0.2662647569444434 
1.7846582761660423 3.3481414235842113 0.2161293402777779 
5.093794716344563 4.010583578793415 0.26515885416666835 
3.5818808593075713 4.125573362175097 0.3587769097222217 
2.135401857366254 3.450989173664536 0.22830642361111017 
3.7644578457333866 3.9188485085936744 0.38798003472222126 
3.8843849354517372 4.242532003182567 0.42319357638888816 
3.158239193289024 4.0324171698594835 0.272676215277778 
3.6712761231310553 4.215832313357506 0.26734809027777684 
2.6067051774925356 3.73211096342052 0.31453385416666724 
2.6245211369987027 3.7350964792495724 0.3387769097222191 
4.7876971238496315 4.7848878416833145 0.3351467013888889 
3.0499537785534994 3.9975091476160958 0.1762439236111124 
3.2784073668080884 3.937937773321408 0.38186892361111274 
5.692570454047231 4.978910744594035 0.46958420138888746 
2.8597862009109845 3.8589376589054987 0.183565104166667 
2.8600464012516196 3.8798696919345512 0.25939322916666524 
3.9351140676438607 4.372408113192979 0.473259548611111 
1.85080637475148 3.35851232459315 0.2690234375000008 
5.0372694048536015 4.718749602508208 0.5251901041666683 
1.6990108372874846 3.3211325788371155 0.22674045138888932 
1.7317889741619088 3.3569028138062897 0.2881223958333338 
3.0233318798911553 3.815728684015293 0.34640190972222257 
4.96387876710428 4.89690357202529 0.4326519097222228 
3.6916720349674135 4.3248952406894805 0.15017274305555636 
4.699280511622635 4.613377277985908 0.40562760416666727 
2.5729733395857792 3.7647559663889636 0.2912074652777788 
1.48783417132566 3.2216802055808325 0.2657092013888887 
2.978957873939637 3.9099883034920646 0.44346093750000243 
4.45798879081056 4.452663102632507 0.47257552083333376 
3.228046804597912 3.9790565286453323 0.44815190972222363 
1.3950831162024175 3.1818130057858975 0.31150260416666664 
3.4602667181916846 4.205530881135479 0.2989227430555574 
4.102916145955418 4.48909565562999 0.5861692708333373 
5.179566433121101 4.714623294302208 0.3202717013888925 
2.2315934307461633 3.59818686659356 0.24147309027777705 
5.645113549354772 5.0768523510165995 0.44495399305555416 
