11.916543024832892 8.575633212965512 0.18454947916666892
10.268570442485377 7.384659706913982 0.154039062499999
9.460651275127084 6.729694670441028 0.3464869791666686
11.75498299605796 8.47888528159121 0.08305642361111094
11.199668031442965 8.057458131093433 0.1986519097222221
11.284524579525293 8.085977818237952 0.3436901041666667
11.998354682131668 8.633123413450843 0.15084809027777987
9.736492340287317 7.192581282373797 0.09491406250000113
7.84453895037823 5.943443734411793 0.24382031250000097
11.554662442053129 8.304560545445865 0.1401206597222223
11.418053162073676 8.25340804684321 0.12200954861111014
9.798114548447773 6.925152020991853 0.26524565972222186
2.037684907286274 3.447858879712181 0.3450147569444425
10.17421295802415 7.588933268500986 0.08591753472222312
10.963166520190425 7.802751439304561 0.21616059027777676
3.0150619187503302 3.8763982284729606 0.31648697916666946
10.650543057968191 7.693471563490262 0.17610156250000036
9.801284436266718 7.208702017345326 0.14485503472222241
8.269733004300965 5.998933304083644 0.23072135416666806
10.244803720674255 7.4103164850818395 0.1994800347222198
11.120025885312682 7.973094508087188 0.13849739583333623
10.645178230950771 7.724915750493111 0.1444800347222197
2.6923347307890655 3.7496254019034114 0.17741927083333606
10.20017827100624 7.363570275791173 0.24436197916666538
9.924105110529956 7.393286610641185 0.10153211805555273
9.528659518946586 6.641713514083074 0.18339670138888814
6.426310524288985 5.049693980234979 0.24176128472222203
11.916375837600926 8.55722896022204 0.13383940972222652
10.47101699819584 7.543654235713453 0.26868489583333194
11.129637221303714 8.063426307888687 0.05923350694444505
11.077308856127749 7.939130843115118 0.19306684027777954
11.382528528994476 8.1494320047671 0.11149218749999984
11.629424881906973 8.381082684018386 0.09934982638888808
10.275330703955344 7.447246213955124 0.37020920138888835
11.06680371907823 7.963079037927082 0.14216059027777767
11.408928682205222 8.126379423566323 0.22532378472222178
10.848900377793159 7.767615838783929 0.16862239583333602
9.614656726001822 7.068548754719537 0.2514696180555607
0.9618887099266469 2.958024781570498 0.27031336805555556
4.244735266065731 4.537631502193227 0.3104175347222212
8.806277926767118 6.415621106425084 0.15898871527777692
12.088074380151363 8.698738618627312 0.1522769097222226
10.60994337176883 7.635200900481522 0.14137760416666753
11.328840711432946 7.9939513518349425 0.34381857638888924
10.873884230617493 7.897571262904485 0.08814322916666738
10.081300081417396 7.100344341640227 0.17947482638888823
10.818800302035402 7.81596993009692 0.16971961805555733
11.447913116375826 8.069798245407972 0.1801918402777821
11.64821077491395 8.329598050287895 0.16153038194444386
11.41522216234499 8.180277149494685 0.1647907986111139
